Waf: Entering directory `/home/synrg-sc1/Desktop/Jiaming/ns-3.29-mesh/build'
Waf: Leaving directory `/home/synrg-sc1/Desktop/Jiaming/ns-3.29-mesh/build'
Build commands will be stored in build/compile_commands.json
'build' finished successfully (4.880s)
CreateVariables () DONE !!!
Creating 14 APs 50.00 m apart.
CreateApNodes () DONE !!!
Creating 0 CLs 20.00 m away from each AP.
CreateClNodes () DONE !!!
CreateNodes () DONE !!!
CreateMeshDevices () DONE !!!
CreateWifiDevices () DONE !!!
CreateCsmaDevices () DONE !!!
CreateDevices () DONE !!!
InstallMeshInternetStack () DONE !!!
InstallWifiInternetStack () DONE !!!
InstallCsmaInternetStack () DONE !!!
InstallInternetStack () DONE !!!
Gateway is connect to AP 0
InstallApplications () DONE !!!
Starting simulation for 40.00 s ...
-------------------------------------------------
Time[s]	ap-0	ap-1	ap-2	ap-3	ap-4	ap-5	ap-6	ap-7	ap-8	ap-9	ap-10	ap-11	ap-12	ap-13
2.00	7.70	0.00	0.00	0.00	1.06	0.00	0.00	0.00	0.00	0.00	0.00	0.00	0.00	0.00
3.00	7.73	0.00	1.09	0.51	2.01	0.00	0.00	0.00	0.00	1.12	3.27	0.00	0.00	0.00
4.00	7.73	0.00	1.63	0.57	3.76	0.00	1.34	0.02	0.00	2.50	3.69	0.00	0.00	0.00
5.00	7.73	4.03	0.38	0.11	0.82	5.29	0.71	0.03	0.00	0.61	3.35	0.00	0.00	0.00
6.00	7.73	7.84	0.03	0.00	0.07	5.23	0.75	0.10	0.90	0.00	3.95	0.00	0.00	0.38
7.00	7.73	4.93	0.36	0.02	1.44	4.11	3.99	0.00	2.58	0.24	2.62	0.00	0.00	1.24
8.00	7.72	4.57	0.36	0.00	2.22	4.54	3.18	0.00	1.95	0.76	2.79	0.00	0.00	0.86
9.00	7.73	3.76	0.73	0.00	1.81	3.48	2.37	0.00	1.81	0.93	2.39	0.00	0.00	0.61
10.00	7.73	5.51	0.18	0.00	0.45	5.76	5.93	0.00	2.34	0.03	2.80	1.02	0.00	1.07
11.00	7.73	3.13	1.13	0.00	2.48	5.28	2.68	0.00	0.00	0.73	2.98	1.02	0.00	0.70
12.00	7.73	3.75	0.61	0.00	1.97	5.59	3.31	0.06	0.00	1.35	2.88	1.09	0.00	0.63
13.00	7.73	4.17	0.57	0.00	2.55	5.45	3.59	0.10	0.00	1.81	2.84	1.20	0.00	0.80
14.00	7.72	3.98	0.66	0.00	3.05	5.44	4.31	0.12	0.00	1.74	2.63	1.03	0.00	0.69
15.00	7.73	4.73	0.57	0.00	2.06	5.42	2.50	0.06	0.00	0.70	2.56	1.20	0.00	0.19
16.00	7.73	6.47	0.02	0.00	0.13	3.92	1.43	0.17	1.89	0.03	3.46	0.92	0.00	0.81
17.00	7.73	4.68	0.00	0.00	0.10	4.73	5.49	0.00	3.67	0.00	2.64	1.79	0.00	1.04
18.00	7.73	4.92	0.00	0.00	0.10	4.60	5.44	0.00	3.55	0.00	2.58	0.92	0.00	0.58
19.00	7.73	4.68	0.00	0.00	0.00	4.91	5.42	0.02	3.50	0.00	2.55	1.26	0.00	1.00
20.00	7.72	5.42	0.00	0.00	3.58	5.60	4.02	0.00	3.53	0.00	2.86	0.00	0.00	1.09
21.00	7.73	3.84	0.02	0.00	3.95	4.84	4.39	0.02	1.71	0.00	2.26	0.00	0.00	0.76
22.00	7.73	2.96	0.84	0.00	2.29	3.71	3.38	0.08	2.32	0.21	1.97	0.30	0.00	0.49
23.00	7.73	3.16	0.51	0.01	3.05	3.77	3.44	0.01	1.88	0.03	2.16	0.88	0.00	0.39
24.00	7.73	2.04	0.76	0.06	3.07	5.23	5.04	0.00	0.66	0.12	3.56	0.29	0.00	0.51
25.00	7.73	6.41	0.44	0.31	2.02	4.33	3.89	0.12	1.17	1.08	2.85	0.00	0.00	0.00
26.00	7.72	4.49	0.40	0.15	2.06	4.68	3.45	0.21	2.16	1.20	2.57	0.00	0.00	0.24
27.00	7.73	0.73	0.46	0.06	2.49	4.94	3.41	0.86	1.34	0.75	1.18	0.00	0.00	0.18
28.00	7.73	2.81	0.52	0.10	2.68	5.39	3.59	0.63	1.00	1.91	2.74	0.00	0.00	0.73
29.00	7.73	4.50	0.37	0.04	3.00	4.51	3.80	0.55	1.65	0.95	2.70	0.00	0.00	0.77
30.00	7.73	3.53	0.52	0.16	2.58	4.22	3.31	0.55	0.66	0.34	2.35	0.00	0.00	0.67
31.00	7.73	4.11	0.00	0.00	3.78	5.17	4.35	0.12	2.53	0.00	3.11	0.00	0.00	0.45
32.00	7.73	4.26	0.00	0.00	2.89	4.18	3.36	0.01	1.92	0.00	2.99	0.00	0.00	0.46
33.00	7.72	5.08	0.00	0.00	3.04	4.38	3.57	0.02	2.02	0.00	3.41	0.00	0.19	0.00
34.00	7.73	5.32	0.00	0.00	1.81	6.13	1.71	0.00	3.18	0.00	3.54	0.00	1.58	0.16
35.00	7.73	4.16	0.00	0.00	1.31	4.47	1.17	0.66	2.18	0.00	2.20	0.00	0.79	0.65
36.00	7.73	5.01	0.13	0.00	0.85	3.62	3.02	1.33	1.75	0.10	2.41	0.00	1.09	0.82
37.00	7.73	2.49	0.33	0.00	1.70	2.38	5.41	0.47	0.54	0.61	2.12	0.00	0.64	0.74
38.00	7.73	1.99	0.00	0.00	1.50	1.85	5.84	0.03	1.03	0.55	1.27	0.00	0.60	0.39
39.00	7.72	1.93	0.00	0.00	2.08	2.39	5.47	0.00	1.40	1.31	3.00	0.00	0.15	0.49
10.2.1.2	8061.66	8.26
10.1.1.2	4374.16	186260.69
10.1.1.3	417.39	609634.82
10.1.1.4	81.10	676400.69
10.1.1.5	2101.86	210683.74
10.1.1.6	4705.00	94290.29
10.1.1.7	3809.80	104056.02
10.1.1.8	182.92	714528.03
10.1.1.9	1769.70	383622.69
10.1.1.10	628.36	482028.95
10.1.1.11	2864.98	102350.04
10.1.1.12	976.43	303900.89
10.1.1.13	966.24	265016.52
10.1.1.14	657.64	317677.30
