Waf: Entering directory `/home/synrg-sc1/Desktop/Jiaming/ns-3.29-mesh/build'
Waf: Leaving directory `/home/synrg-sc1/Desktop/Jiaming/ns-3.29-mesh/build'
Build commands will be stored in build/compile_commands.json
'build' finished successfully (4.719s)
CreateVariables () DONE !!!
Creating 14 APs 50.00 m apart.
CreateApNodes () DONE !!!
Creating 0 CLs 20.00 m away from each AP.
CreateClNodes () DONE !!!
CreateNodes () DONE !!!
CreateMeshDevices () DONE !!!
CreateWifiDevices () DONE !!!
CreateCsmaDevices () DONE !!!
CreateDevices () DONE !!!
InstallMeshInternetStack () DONE !!!
InstallWifiInternetStack () DONE !!!
InstallCsmaInternetStack () DONE !!!
InstallInternetStack () DONE !!!
Gateway is connect to AP 0
InstallApplications () DONE !!!
Starting simulation for 40.00 s ...
-------------------------------------------------
Time[s]	ap-0	ap-1	ap-2	ap-3	ap-4	ap-5	ap-6	ap-7	ap-8	ap-9	ap-10	ap-11	ap-12	ap-13
2.00	9.15	7.12	6.86	0.43	1.18	5.57	0.00	0.07	4.00	0.09	2.18	3.93	0.00	0.00
3.00	9.15	7.15	6.86	0.34	5.37	5.79	1.20	4.22	5.10	0.00	0.65	3.65	1.34	0.00
4.00	9.15	7.15	6.87	0.06	3.65	6.05	1.28	5.41	5.17	0.03	0.27	2.95	2.18	0.00
5.00	9.15	7.15	6.86	0.25	3.58	3.89	2.39	4.58	5.10	0.58	0.94	3.38	1.04	0.52
6.00	9.16	7.15	6.87	0.16	4.17	4.42	2.55	6.11	5.19	0.18	0.66	3.36	1.91	0.83
7.00	9.15	7.15	6.86	0.00	2.86	3.90	2.92	3.90	5.17	0.55	1.31	3.98	1.62	1.21
8.00	9.15	7.15	6.86	0.00	1.79	5.24	4.96	4.29	5.14	0.00	0.21	4.30	0.95	1.97
9.00	9.15	7.15	6.87	0.00	4.84	3.50	1.04	6.37	5.15	0.00	0.48	4.02	2.22	0.19
10.00	9.15	7.14	6.86	0.00	3.65	4.26	2.46	5.72	5.13	0.00	1.11	4.55	1.12	0.39
11.00	9.16	7.15	6.87	0.00	3.58	2.79	3.43	5.45	4.91	0.00	1.01	4.26	1.08	0.31
12.00	9.15	7.15	6.86	0.00	2.77	3.54	2.20	5.68	5.21	0.53	0.95	2.96	0.84	0.56
13.00	9.15	7.15	6.86	0.00	1.39	4.27	2.61	5.83	5.26	0.80	0.45	4.98	0.71	0.21
14.00	9.15	7.15	6.87	0.00	0.80	5.54	2.01	5.73	2.13	1.16	0.47	4.40	0.00	2.58
15.00	9.16	7.15	6.86	0.00	2.46	4.74	4.53	5.72	0.63	1.59	0.12	3.13	0.40	1.54
16.00	9.15	7.15	6.87	0.00	4.65	5.37	4.76	5.73	0.00	1.99	0.25	3.25	0.00	1.56
17.00	9.15	7.15	6.86	0.00	5.37	3.58	2.21	5.69	1.77	0.81	1.21	4.14	0.00	1.02
18.00	9.15	7.15	6.87	0.00	6.60	3.49	1.42	5.75	5.22	0.60	1.06	4.40	0.00	0.89
19.00	9.15	7.14	6.86	0.00	6.01	4.73	1.36	5.72	5.14	0.38	0.88	4.10	0.00	1.71
20.00	9.16	7.15	6.86	0.00	2.49	6.38	1.39	5.18	5.17	1.76	0.35	4.05	0.00	1.49
21.00	9.15	7.15	6.87	0.00	4.08	5.06	5.10	5.66	5.15	0.69	0.73	2.82	0.00	0.51
22.00	9.15	7.15	6.86	0.00	4.62	6.26	5.13	6.26	2.66	0.26	0.58	3.43	0.00	0.54
23.00	9.15	7.15	6.87	0.00	4.73	6.02	6.17	5.75	0.00	0.72	0.88	3.56	0.00	0.61
24.00	9.16	7.15	6.86	0.00	4.75	5.95	5.20	3.87	2.58	1.43	0.57	3.37	0.00	0.98
25.00	9.15	7.15	6.86	0.00	1.95	6.56	2.27	5.05	5.15	0.55	0.17	4.55	0.00	1.89
26.00	9.15	7.15	6.87	0.00	4.96	6.01	0.11	5.63	5.14	0.00	1.55	4.20	0.00	2.79
27.00	9.15	7.15	6.86	0.00	6.41	6.00	0.10	5.82	5.15	0.07	1.38	4.38	0.00	2.50
28.00	9.15	7.14	6.87	0.00	5.51	5.88	2.82	5.63	5.15	0.63	1.19	3.77	0.00	2.49
29.00	9.16	7.15	6.86	0.00	5.17	5.51	5.42	5.78	5.14	1.53	0.71	3.64	0.00	0.82
30.00	9.15	7.15	6.86	0.00	5.17	4.87	5.09	5.23	2.66	1.88	0.80	3.62	0.00	1.81
31.00	9.15	7.15	6.87	0.00	0.04	6.52	6.13	2.77	0.00	4.17	0.00	4.68	0.00	1.81
32.00	9.15	7.15	6.86	0.00	0.33	5.87	4.30	0.53	0.21	2.76	1.11	4.30	0.00	1.88
33.00	9.15	7.15	6.87	0.00	2.72	6.14	0.39	5.59	5.11	0.04	0.25	4.29	0.00	3.91
34.00	9.16	7.15	6.86	0.00	1.86	6.00	3.91	5.65	5.15	0.00	2.86	4.27	0.00	2.25
35.00	9.15	7.15	6.87	0.00	1.71	5.93	4.77	5.75	5.14	0.24	3.49	4.30	0.00	1.15
36.00	9.15	7.15	6.86	0.00	1.61	5.24	3.44	5.76	5.15	1.89	2.17	4.30	0.00	1.75
37.00	9.15	7.14	6.86	0.00	0.33	6.78	5.55	2.94	5.15	4.66	1.10	4.29	0.00	0.00
38.00	9.16	7.15	6.87	0.00	0.00	6.01	4.86	1.17	5.14	4.18	0.00	4.29	0.00	0.00
39.00	9.15	7.15	6.86	0.00	0.12	6.01	3.05	5.74	5.15	2.44	0.00	4.30	0.00	0.97
10.2.1.2	9553.88	7.96
10.2.1.3	7464.20	8.66
10.2.1.4	7165.30	10.07
10.1.1.4	300.17	509799.26
10.1.1.5	3392.54	154233.73
10.1.1.6	5468.01	90723.26
10.1.1.7	3379.68	163477.88
10.1.1.8	5261.10	42473.41
10.1.1.9	4316.78	30352.65
10.1.1.10	1104.01	360206.59
10.1.1.11	945.64	340474.55
10.1.1.12	4139.00	38348.51
10.1.1.13	1326.46	513716.52
10.1.1.14	1366.95	324098.53
