Waf: Entering directory `/home/synrg-sc1/Desktop/Jiaming/ns-3.29-mesh/build'
Waf: Leaving directory `/home/synrg-sc1/Desktop/Jiaming/ns-3.29-mesh/build'
Build commands will be stored in build/compile_commands.json
'build' finished successfully (5.968s)
CreateVariables () DONE !!!
Creating 10 APs 50.00 m apart.
CreateApNodes () DONE !!!
Creating 0 CLs 20.00 m away from each AP.
CreateClNodes () DONE !!!
CreateNodes () DONE !!!
CreateMeshDevices () DONE !!!
CreateWifiDevices () DONE !!!
CreateCsmaDevices () DONE !!!
CreateDevices () DONE !!!
InstallMeshInternetStack () DONE !!!
InstallWifiInternetStack () DONE !!!
InstallCsmaInternetStack () DONE !!!
InstallInternetStack () DONE !!!
Gateway is connect to AP 0
InstallApplications () DONE !!!
Starting simulation for 40.00 s ...
-------------------------------------------------
Time[s]	ap-0	ap-1	ap-2	ap-3	ap-4	ap-5	ap-6	ap-7	ap-8	ap-9
2.00	6.54	4.83	0.00	0.00	0.00	0.02	4.74	0.00	0.00	0.00
3.00	6.58	6.21	4.92	3.07	0.00	0.01	4.85	0.00	1.80	0.00
4.00	6.58	5.28	1.03	3.63	0.22	0.00	4.82	2.64	0.61	3.04
5.00	6.58	6.55	1.66	4.22	0.21	0.00	4.74	2.61	0.38	3.87
6.00	6.58	6.27	1.26	3.62	0.56	0.00	4.98	3.25	0.54	4.12
7.00	6.58	6.69	1.38	5.06	0.76	0.00	4.41	4.45	0.75	3.63
8.00	6.58	6.56	3.01	1.73	0.57	0.00	5.11	1.43	0.55	4.20
9.00	6.58	5.87	1.20	4.48	0.45	0.46	5.04	3.01	0.30	4.17
10.00	6.58	5.56	0.93	4.20	0.37	0.33	4.93	2.55	0.39	4.05
11.00	6.58	2.29	0.82	3.34	0.35	0.46	4.67	2.00	0.39	3.85
12.00	6.58	1.72	0.57	2.32	0.42	0.26	4.63	1.37	0.49	3.81
13.00	6.58	6.31	2.01	4.75	0.47	0.34	3.25	0.64	0.33	2.49
14.00	6.58	6.46	1.35	4.18	0.92	0.31	4.85	2.54	0.84	3.99
15.00	6.58	6.60	1.17	4.48	0.63	0.66	4.78	4.33	0.91	3.94
16.00	6.58	6.64	1.01	4.84	2.32	0.46	4.87	2.27	0.67	4.01
17.00	6.57	6.49	0.83	4.40	2.57	0.22	4.86	2.57	0.66	4.03
18.00	6.58	6.72	1.28	3.94	2.62	0.30	4.94	3.02	1.85	0.91
19.00	6.58	6.58	3.11	5.41	5.12	0.18	4.85	4.83	1.84	0.00
20.00	6.58	6.57	3.02	5.10	4.81	0.00	4.86	4.55	2.38	0.00
21.00	6.58	6.58	2.40	4.30	4.10	0.00	4.39	3.74	1.93	1.55
22.00	6.58	6.57	1.85	4.36	3.85	0.00	5.04	3.74	1.16	4.14
23.00	6.58	6.60	2.65	4.95	1.91	0.00	5.04	1.22	2.18	4.17
24.00	6.58	6.57	2.92	5.14	2.27	0.00	4.64	1.73	0.19	3.81
25.00	6.58	6.26	3.34	5.15	0.80	0.00	4.98	0.60	0.00	4.10
26.00	6.58	5.32	1.54	4.82	2.44	0.00	3.73	2.09	0.00	2.98
27.00	6.58	5.87	1.38	4.93	2.54	0.00	5.72	2.16	0.75	0.16
28.00	6.58	7.30	1.53	5.46	2.64	0.00	4.86	2.40	0.89	0.00
29.00	6.58	6.59	2.01	4.09	3.47	0.00	4.86	3.32	0.91	0.00
30.00	6.58	6.46	1.67	3.91	2.89	0.00	3.82	2.68	1.29	0.62
31.00	6.58	6.68	1.38	4.23	2.64	0.00	2.35	1.92	0.95	1.71
32.00	6.58	6.49	2.62	4.01	1.98	0.00	3.22	1.67	0.58	2.22
33.00	6.58	6.52	1.63	3.28	2.15	0.00	3.30	1.89	1.34	1.82
34.00	6.57	6.68	1.62	4.26	1.91	0.00	2.94	1.92	1.42	2.09
35.00	6.58	6.42	1.19	3.98	2.79	0.00	4.58	2.34	0.94	3.16
36.00	6.58	6.76	1.52	4.04	3.85	0.00	5.05	3.54	1.18	1.39
37.00	6.58	5.55	1.71	4.63	3.46	0.00	4.94	0.76	2.65	4.51
38.00	6.58	7.60	2.50	4.62	3.09	0.00	4.63	2.93	0.30	3.81
39.00	6.58	6.58	2.62	4.74	2.32	0.00	4.37	1.54	1.90	3.73
10.2.1.2	6867.27	8.51
10.1.1.2	6453.16	39158.91
10.1.1.3	1928.27	302261.16
10.1.1.4	4481.16	87109.63
10.1.1.5	2188.70	193258.26
10.1.1.6	117.64	644689.65
10.1.1.7	4717.11	36184.14
10.1.1.8	2606.18	223822.24
10.1.1.9	1018.31	312761.14
10.1.1.10	2912.96	68917.80
