Waf: Entering directory `/home/synrg-sc1/Desktop/Jiaming/ns-3.29-mesh/build'
Waf: Leaving directory `/home/synrg-sc1/Desktop/Jiaming/ns-3.29-mesh/build'
Build commands will be stored in build/compile_commands.json
'build' finished successfully (4.719s)
CreateVariables () DONE !!!
Creating 12 APs 50.00 m apart.
CreateApNodes () DONE !!!
Creating 0 CLs 20.00 m away from each AP.
CreateClNodes () DONE !!!
CreateNodes () DONE !!!
CreateMeshDevices () DONE !!!
CreateWifiDevices () DONE !!!
CreateCsmaDevices () DONE !!!
CreateDevices () DONE !!!
InstallMeshInternetStack () DONE !!!
InstallWifiInternetStack () DONE !!!
InstallCsmaInternetStack () DONE !!!
InstallInternetStack () DONE !!!
Gateway is connect to AP 0
InstallApplications () DONE !!!
Starting simulation for 40.00 s ...
-------------------------------------------------
Time[s]	ap-0	ap-1	ap-2	ap-3	ap-4	ap-5	ap-6	ap-7	ap-8	ap-9	ap-10	ap-11
2.00	7.67	7.39	6.57	5.02	5.46	3.98	0.00	4.49	1.83	4.65	1.56	0.00
3.00	7.73	7.43	6.58	3.16	5.72	4.39	0.00	2.65	2.80	4.84	2.58	1.48
4.00	7.73	7.45	6.58	6.39	5.73	4.46	0.00	5.35	3.03	4.90	3.91	2.09
5.00	7.73	7.43	6.58	6.30	5.72	4.85	0.00	5.14	0.85	4.86	4.04	4.25
6.00	7.73	7.43	6.58	6.18	5.73	3.78	0.00	5.14	3.17	4.86	2.79	3.69
7.00	7.73	7.45	6.58	6.39	5.73	5.04	0.00	5.12	4.40	2.86	3.80	0.53
8.00	7.72	7.43	6.58	6.32	5.69	3.37	0.00	5.14	2.29	4.82	2.00	2.45
9.00	7.73	7.43	6.58	6.05	5.73	4.21	0.00	5.15	2.77	4.91	2.06	3.92
10.00	7.73	7.45	6.58	6.54	5.73	4.46	0.00	5.10	2.38	4.56	1.76	3.71
11.00	7.73	7.43	6.58	6.27	5.73	3.91	0.00	4.86	2.46	5.15	1.89	4.32
12.00	7.73	7.45	6.58	6.29	5.71	4.29	0.00	5.49	2.88	4.86	2.39	3.62
13.00	7.73	7.43	6.58	6.28	5.72	3.95	0.00	5.13	3.44	4.86	2.83	3.72
14.00	7.72	7.43	6.58	6.33	5.74	4.42	0.00	5.17	3.64	4.86	1.64	3.85
15.00	7.73	7.45	6.58	3.20	5.72	2.75	0.00	5.14	2.47	4.87	0.00	3.72
16.00	7.73	7.43	6.58	6.33	5.72	4.56	0.00	5.14	4.00	4.85	0.00	3.72
17.00	7.73	7.43	6.57	6.30	5.74	5.44	0.00	5.15	4.86	4.87	0.00	3.72
18.00	7.73	7.45	6.58	6.28	1.81	5.41	0.00	5.15	4.85	4.85	0.00	3.71
19.00	7.73	7.43	6.58	6.21	3.49	4.59	0.00	3.54	3.83	4.87	0.00	3.34
20.00	7.72	7.43	6.58	6.39	3.84	5.92	0.00	3.66	3.74	4.85	0.00	2.59
21.00	7.73	7.45	6.58	5.67	3.90	4.53	0.00	3.85	3.62	4.75	0.03	3.10
22.00	7.73	7.43	6.58	6.92	2.67	5.48	0.00	4.66	5.38	2.21	0.00	1.71
23.00	7.73	7.45	6.58	6.30	5.73	5.44	0.00	5.15	4.86	0.00	0.00	0.00
24.00	7.73	7.43	6.58	6.29	5.72	5.44	0.00	5.14	4.86	0.00	0.00	0.00
25.00	7.73	7.43	6.58	6.27	5.72	5.08	0.00	5.15	4.53	0.35	0.00	0.25
26.00	7.72	7.45	6.58	6.32	5.72	4.25	0.00	5.08	3.74	5.21	0.00	3.82
27.00	7.73	7.43	6.58	6.29	5.10	3.68	0.00	5.20	2.68	4.84	2.01	2.30
28.00	7.73	7.43	6.58	6.30	0.00	5.01	0.00	5.12	4.65	4.89	3.93	4.76
29.00	7.73	7.45	6.58	6.29	0.00	5.49	0.00	5.20	4.92	4.87	4.35	3.72
30.00	7.73	7.43	6.58	6.30	2.56	5.44	0.00	5.15	4.85	4.86	4.29	2.35
31.00	7.73	7.43	6.58	6.29	5.73	4.01	0.00	5.14	0.30	4.86	3.17	3.04
32.00	7.73	7.45	6.58	6.30	5.72	0.00	0.00	5.15	0.00	4.86	0.00	1.73
33.00	7.72	7.43	6.58	6.29	5.73	0.00	0.00	5.14	0.00	4.86	0.00	4.28
34.00	7.73	7.45	6.57	6.30	5.72	0.00	0.00	5.15	0.00	4.86	0.00	3.72
35.00	7.73	7.43	6.58	5.94	5.47	0.99	0.00	5.14	0.73	4.86	3.39	3.63
36.00	7.73	7.43	6.58	6.64	5.94	4.48	0.00	5.11	3.71	4.83	2.47	3.71
37.00	7.73	7.45	6.58	4.74	5.76	5.64	0.00	4.03	1.72	4.90	2.45	3.16
38.00	7.73	7.43	6.58	5.63	5.72	5.45	0.00	4.82	0.00	4.56	3.74	0.69
39.00	7.72	7.43	6.58	6.30	5.73	5.44	0.00	5.15	0.00	4.87	2.79	0.00
10.2.1.2	8061.38	8.80
10.2.1.3	7762.98	8.61
10.2.1.4	6866.94	8.73
10.1.1.4	6334.18	14831.25
10.1.1.5	5217.88	13259.34
10.1.1.6	4429.74	57444.66
10.1.1.7	0	0
10.1.1.8	5133.02	26751.77
10.1.1.9	3287.70	145565.46
10.1.1.10	4567.99	7536.49
10.1.1.11	1804.25	152887.85
10.1.1.12	3147.05	95579.88
