Waf: Entering directory `/home/synrg-sc1/Desktop/Jiaming/ns-3.29-mesh/build'
Waf: Leaving directory `/home/synrg-sc1/Desktop/Jiaming/ns-3.29-mesh/build'
Build commands will be stored in build/compile_commands.json
'build' finished successfully (4.751s)
CreateVariables () DONE !!!
Creating 12 APs 50.00 m apart.
CreateApNodes () DONE !!!
Creating 0 CLs 20.00 m away from each AP.
CreateClNodes () DONE !!!
CreateNodes () DONE !!!
CreateMeshDevices () DONE !!!
CreateWifiDevices () DONE !!!
CreateCsmaDevices () DONE !!!
CreateDevices () DONE !!!
InstallMeshInternetStack () DONE !!!
InstallWifiInternetStack () DONE !!!
InstallCsmaInternetStack () DONE !!!
InstallInternetStack () DONE !!!
Gateway is connect to AP 0
InstallApplications () DONE !!!
Starting simulation for 40.00 s ...
-------------------------------------------------
Time[s]	ap-0	ap-1	ap-2	ap-3	ap-4	ap-5	ap-6	ap-7	ap-8	ap-9	ap-10	ap-11
2.00	8.28	4.20	0.00	0.00	0.31	0.00	0.00	2.57	0.00	0.00	0.36	0.00
3.00	8.30	3.41	4.60	1.02	3.64	0.00	0.00	1.61	1.63	0.00	0.53	0.00
4.00	8.30	2.62	3.96	0.53	2.44	0.11	0.11	0.69	1.80	0.00	0.21	0.28
5.00	8.30	5.21	6.90	0.24	3.95	0.00	0.00	0.00	2.83	0.00	0.00	1.52
6.00	8.29	3.60	5.82	0.44	6.19	0.24	0.33	0.74	3.48	0.00	0.08	1.97
7.00	8.30	1.94	6.18	0.36	6.08	0.19	0.51	0.86	4.02	0.00	0.01	0.88
8.00	8.30	0.00	7.40	0.00	5.29	0.00	0.00	0.00	5.30	0.00	0.00	0.04
9.00	8.30	2.95	5.47	0.08	3.81	0.12	0.39	0.75	2.58	0.00	0.02	2.61
10.00	8.30	2.11	5.50	0.08	5.65	0.24	0.20	0.70	2.53	0.00	0.18	1.75
11.00	8.29	2.85	6.50	0.13	4.23	0.22	0.40	0.80	1.85	0.00	0.16	1.03
12.00	8.30	2.36	5.76	0.15	3.03	0.22	0.25	0.81	2.13	0.00	0.09	1.22
13.00	8.30	2.99	6.41	0.21	6.30	0.08	0.42	0.86	3.27	0.00	0.09	1.59
14.00	8.30	3.14	5.99	0.00	4.50	0.26	0.49	0.98	3.35	0.02	0.00	0.00
15.00	8.30	2.72	6.69	0.00	4.58	0.15	0.30	0.74	3.07	0.09	0.00	0.60
16.00	8.29	2.46	6.37	0.04	4.51	0.01	0.54	0.72	2.04	0.10	0.00	0.67
17.00	8.30	2.92	5.90	0.24	5.23	0.00	0.28	0.73	1.98	0.02	0.00	1.45
18.00	8.30	4.48	6.68	0.39	6.01	0.00	0.00	2.72	2.55	0.00	0.10	1.50
19.00	8.30	3.02	5.09	0.34	5.99	0.00	0.00	0.93	3.22	0.00	0.08	2.89
20.00	8.30	2.21	6.13	0.56	5.96	0.00	0.57	0.54	3.19	0.00	0.21	2.04
21.00	8.29	2.71	4.94	0.47	6.05	0.00	0.45	0.79	3.21	0.11	0.16	0.89
22.00	8.30	2.95	6.29	0.35	6.02	0.00	0.74	0.92	4.26	0.13	0.38	0.00
23.00	8.30	3.09	7.19	0.62	3.74	0.00	0.61	0.75	2.50	0.22	0.16	0.00
24.00	8.30	2.11	7.15	0.47	1.19	0.00	0.74	0.58	0.00	0.11	0.11	0.00
25.00	8.29	2.38	7.13	0.71	1.34	0.00	0.80	0.85	0.00	0.15	0.07	0.00
26.00	8.30	2.44	7.15	0.82	1.19	0.00	0.98	0.84	0.00	0.10	0.00	0.00
27.00	8.30	2.08	7.17	0.51	1.08	0.00	0.82	0.72	0.00	0.19	0.10	0.00
28.00	8.30	2.19	7.15	0.60	2.79	0.00	0.92	0.85	0.00	0.15	0.12	0.00
29.00	8.30	2.01	6.84	0.51	4.89	0.00	0.58	0.64	2.15	0.18	0.25	0.00
30.00	8.29	3.27	4.89	0.52	6.29	0.00	0.88	1.24	2.53	0.10	0.21	0.99
31.00	8.30	2.34	5.66	0.70	5.99	0.00	0.65	0.81	3.07	0.08	0.09	1.59
32.00	8.30	2.20	5.84	0.49	6.01	0.04	0.53	0.93	2.83	0.07	0.06	1.67
33.00	8.30	2.49	5.17	0.47	5.93	0.18	0.38	1.08	2.71	0.06	0.19	1.43
34.00	8.30	1.75	5.63	0.00	6.02	0.09	0.20	0.25	2.73	0.03	0.08	1.73
35.00	8.29	6.81	7.37	0.00	5.99	0.02	1.31	4.02	1.55	0.07	0.67	0.01
36.00	8.30	3.01	6.92	0.00	5.91	0.00	0.75	1.39	4.18	0.00	3.14	0.00
37.00	8.30	3.13	5.92	0.00	6.02	0.25	0.61	0.79	3.84	0.00	3.11	0.00
38.00	8.30	3.72	6.66	0.03	5.92	0.22	0.51	0.97	3.01	0.00	2.23	0.00
39.00	8.30	2.32	6.10	0.03	6.21	0.10	0.46	0.92	3.71	0.09	1.39	0.00
10.2.1.2	8658.60	8.09
10.1.1.2	3007.43	202075.80
10.1.1.3	6337.29	70790.68
10.1.1.4	339.33	497739.63
10.1.1.5	4996.57	48540.97
10.1.1.6	88.22	800326.58
10.1.1.7	518.05	513654.19
10.1.1.8	1034.28	265153.74
10.1.1.9	2616.41	229523.73
10.1.1.10	89.61	1033118.86
10.1.1.11	415.58	492697.95
10.1.1.12	1034.87	487277.39
