Waf: Entering directory `/home/synrg-sc1/Desktop/Jiaming/ns-3.29-mesh/build'
Waf: Leaving directory `/home/synrg-sc1/Desktop/Jiaming/ns-3.29-mesh/build'
Build commands will be stored in build/compile_commands.json
'build' finished successfully (4.644s)
CreateVariables () DONE !!!
Creating 15 APs 50.00 m apart.
CreateApNodes () DONE !!!
Creating 0 CLs 20.00 m away from each AP.
CreateClNodes () DONE !!!
CreateNodes () DONE !!!
CreateMeshDevices () DONE !!!
CreateWifiDevices () DONE !!!
CreateCsmaDevices () DONE !!!
CreateDevices () DONE !!!
InstallMeshInternetStack () DONE !!!
InstallWifiInternetStack () DONE !!!
InstallCsmaInternetStack () DONE !!!
InstallInternetStack () DONE !!!
Gateway is connect to AP 0
InstallApplications () DONE !!!
Starting simulation for 40.00 s ...
-------------------------------------------------
Time[s]	ap-0	ap-1	ap-2	ap-3	ap-4	ap-5	ap-6	ap-7	ap-8	ap-9	ap-10	ap-11	ap-12	ap-13	ap-14
2.00	7.40	7.14	6.84	5.37	4.47	0.00	4.35	2.10	4.03	1.64	0.00	0.00	0.43	2.27	0.44
3.00	7.43	7.15	6.86	5.21	3.43	0.00	2.89	3.11	4.63	1.07	0.00	0.00	0.00	3.58	0.74
4.00	7.45	7.15	6.87	6.82	3.30	0.00	3.23	2.11	5.03	1.15	0.00	0.00	0.01	2.41	0.65
5.00	7.43	7.15	6.86	6.04	1.55	0.26	2.44	2.35	4.58	1.25	0.00	0.00	0.12	2.67	0.61
6.00	7.43	7.15	6.87	6.23	2.20	1.49	2.67	2.45	5.81	1.16	0.10	0.00	0.85	2.47	0.60
7.00	7.45	7.15	6.86	5.57	1.92	1.46	2.75	1.35	5.46	1.03	0.22	0.00	0.75	2.82	0.64
8.00	7.43	7.15	6.86	2.41	3.34	0.26	6.66	2.03	5.42	0.27	1.56	0.00	0.47	1.21	0.11
9.00	7.43	7.15	6.87	7.20	3.02	0.52	4.39	1.98	5.45	3.81	0.52	0.00	0.28	4.36	0.60
10.00	7.45	7.14	6.86	6.26	1.66	1.24	3.87	0.86	5.45	3.05	0.24	0.00	0.85	4.01	0.00
11.00	7.43	7.15	6.87	6.33	2.18	1.27	3.34	0.89	5.41	2.55	0.26	0.04	1.09	4.00	0.00
12.00	7.45	7.15	6.86	6.30	2.45	1.06	5.95	2.40	5.42	1.67	0.40	0.18	1.12	3.75	0.00
13.00	7.43	7.15	6.86	6.24	2.54	1.31	3.74	3.52	5.47	3.20	0.18	0.22	0.93	4.27	0.00
14.00	7.43	7.15	6.87	6.32	6.48	0.01	4.20	4.75	5.42	3.00	0.34	0.03	0.52	4.01	0.00
15.00	7.45	7.15	6.86	6.30	3.17	0.00	3.93	2.98	5.42	3.23	0.65	0.09	1.43	4.01	0.00
16.00	7.43	7.15	6.87	6.30	3.03	0.00	6.05	4.29	5.46	0.67	0.61	0.31	1.92	4.00	0.00
17.00	7.43	7.15	6.86	6.29	2.66	0.00	5.95	2.85	5.37	0.00	0.49	0.40	1.25	4.01	0.00
18.00	7.45	7.15	6.87	5.33	2.98	0.00	5.14	3.34	5.49	0.00	0.61	0.45	1.59	4.00	0.00
19.00	7.43	7.14	6.86	5.49	2.65	0.00	4.76	3.87	5.44	0.00	0.80	0.24	1.74	4.01	0.00
20.00	7.43	7.15	6.86	5.14	3.84	0.00	6.46	3.41	5.45	0.00	0.10	0.04	4.05	3.87	0.00
21.00	7.45	7.15	6.87	5.39	4.48	0.85	5.48	3.84	4.38	0.00	0.00	0.00	3.54	4.14	0.00
22.00	7.43	7.15	6.86	6.11	4.40	0.00	6.33	4.10	5.66	0.00	0.00	0.00	3.47	4.00	0.00
23.00	7.45	7.15	6.87	6.09	3.96	0.00	3.71	4.30	5.44	0.08	0.00	0.00	2.76	4.01	0.00
24.00	7.43	7.15	6.86	5.40	6.11	0.00	4.07	5.11	5.44	0.00	0.00	0.00	3.89	4.00	0.00
25.00	7.43	7.15	6.86	6.92	7.01	0.00	5.40	6.33	5.44	1.15	0.00	0.00	0.18	4.00	0.28
26.00	7.45	7.15	6.87	6.22	3.65	0.00	5.91	2.79	3.29	2.72	0.04	0.02	0.00	4.02	1.71
27.00	7.43	7.15	6.86	6.31	3.28	0.00	6.20	1.94	1.46	3.83	0.17	0.18	0.02	3.92	1.64
28.00	7.43	7.14	6.87	6.29	3.26	0.00	5.11	1.46	0.95	3.50	0.20	0.17	0.01	3.86	0.79
29.00	7.45	7.15	6.86	6.36	3.27	0.00	6.85	2.77	1.53	0.99	0.53	0.12	1.76	3.46	0.00
30.00	7.43	7.15	6.86	6.30	2.93	0.01	6.01	3.28	2.72	0.00	0.54	0.00	1.43	4.01	0.00
31.00	7.43	7.15	6.87	6.29	3.34	0.06	6.01	4.37	5.38	0.00	0.75	0.00	1.70	4.01	0.00
32.00	7.45	7.15	6.86	6.30	4.10	0.94	5.83	5.39	5.42	0.00	0.15	0.00	2.57	4.00	0.00
33.00	7.43	7.15	6.87	6.29	5.46	1.86	5.88	4.71	5.45	0.21	0.66	0.00	0.44	4.01	0.00
34.00	7.45	7.15	6.86	6.30	5.21	0.64	4.92	5.97	5.45	1.17	2.58	0.00	0.00	3.94	0.00
35.00	7.43	7.15	6.87	6.23	2.93	2.02	5.22	4.08	5.42	3.90	0.75	0.00	0.01	4.07	0.00
36.00	7.43	7.15	6.86	6.24	2.62	1.36	4.92	3.05	5.44	3.93	0.39	0.00	0.00	4.01	0.00
37.00	7.45	7.14	6.86	6.40	1.11	1.38	6.03	3.62	5.44	2.03	0.01	0.00	0.43	3.57	0.00
38.00	7.43	7.15	6.87	6.23	2.09	0.31	6.08	3.59	5.44	0.00	0.04	0.00	1.74	4.00	0.00
39.00	7.43	7.15	6.86	6.32	1.55	0.03	2.59	2.74	5.35	0.00	0.44	0.00	0.56	4.01	0.00
10.2.1.2	7762.88	8.42
10.2.1.3	7463.84	8.32
10.2.1.4	7165.62	9.50
10.1.1.4	6326.33	30372.13
10.1.1.5	3455.96	209280.12
10.1.1.6	571.38	536632.91
10.1.1.7	5187.51	93745.87
10.1.1.8	3437.27	241016.13
10.1.1.9	5137.84	25746.03
10.1.1.10	1548.72	270018.59
10.1.1.11	445.41	548893.57
10.1.1.12	98.18	869378.10
10.1.1.13	1195.48	318228.91
10.1.1.14	3937.68	22836.67
10.1.1.15	349.81	588290.85
