Waf: Entering directory `/home/synrg-sc1/Desktop/Jiaming/ns-3.29-mesh/build'
Waf: Leaving directory `/home/synrg-sc1/Desktop/Jiaming/ns-3.29-mesh/build'
Build commands will be stored in build/compile_commands.json
'build' finished successfully (4.642s)
CreateVariables () DONE !!!
Creating 12 APs 50.00 m apart.
CreateApNodes () DONE !!!
Creating 0 CLs 20.00 m away from each AP.
CreateClNodes () DONE !!!
CreateNodes () DONE !!!
CreateMeshDevices () DONE !!!
CreateWifiDevices () DONE !!!
CreateCsmaDevices () DONE !!!
CreateDevices () DONE !!!
InstallMeshInternetStack () DONE !!!
InstallWifiInternetStack () DONE !!!
InstallCsmaInternetStack () DONE !!!
InstallInternetStack () DONE !!!
Gateway is connect to AP 0
InstallApplications () DONE !!!
Starting simulation for 40.00 s ...
-------------------------------------------------
Time[s]	ap-0	ap-1	ap-2	ap-3	ap-4	ap-5	ap-6	ap-7	ap-8	ap-9	ap-10	ap-11
2.00	9.15	7.72	2.12	6.32	1.54	3.73	0.00	0.00	0.16	2.20	0.19	0.00
3.00	9.15	7.73	6.58	6.01	5.41	3.86	0.00	0.07	0.00	4.50	0.00	0.02
4.00	9.15	7.73	6.50	4.80	4.14	4.04	0.34	2.29	0.01	4.44	0.00	1.22
5.00	9.15	7.73	6.66	6.11	6.29	4.82	0.15	4.54	0.06	4.66	0.00	3.38
6.00	9.16	7.73	6.58	6.95	5.59	5.65	0.01	4.76	0.04	4.66	0.00	3.92
7.00	9.15	7.73	6.51	5.37	4.59	3.67	0.00	3.55	0.00	4.53	2.19	2.81
8.00	9.15	7.72	6.60	5.12	3.46	2.41	1.21	3.77	0.00	4.64	1.13	3.00
9.00	9.15	7.73	6.63	6.23	4.32	4.55	0.00	1.33	0.00	4.57	3.36	1.11
10.00	9.15	7.73	6.58	5.66	5.63	4.14	0.00	3.95	0.00	4.58	2.09	2.45
11.00	9.16	7.73	6.58	6.52	5.81	5.94	0.00	4.89	0.00	4.58	0.02	3.95
12.00	9.15	7.73	6.54	6.06	5.04	3.75	1.36	4.44	0.00	4.56	0.00	3.59
13.00	9.15	7.73	6.61	3.53	4.92	1.52	1.10	4.37	0.00	4.58	0.58	3.29
14.00	9.15	7.72	6.58	0.01	6.19	0.00	0.00	4.36	0.00	4.58	0.00	3.59
15.00	9.16	7.73	6.58	0.00	5.73	0.00	0.00	0.00	0.00	4.58	0.00	0.00
16.00	9.15	7.73	6.58	2.73	4.94	1.25	1.08	0.00	0.00	4.57	0.94	0.00
17.00	9.15	7.73	3.89	4.84	6.10	2.44	1.52	0.64	0.00	2.84	1.62	0.51
18.00	9.15	7.73	0.27	4.33	5.65	2.32	1.86	3.32	0.03	1.07	1.66	2.48
19.00	9.15	7.73	7.38	4.84	3.34	2.70	0.45	2.72	0.36	5.31	0.62	2.12
20.00	9.16	7.72	6.64	5.68	5.35	2.61	1.83	3.89	0.02	4.56	0.00	3.00
21.00	9.15	7.73	6.59	0.84	6.50	0.39	0.36	5.31	0.01	4.62	0.00	2.98
22.00	9.15	7.73	6.57	5.23	5.63	3.73	0.56	4.83	0.00	4.57	0.73	0.00
23.00	9.15	7.73	6.37	5.20	5.72	3.09	3.19	4.69	0.01	4.11	0.00	0.28
24.00	9.16	7.73	0.12	5.97	5.51	5.06	1.42	3.10	0.08	0.00	0.03	3.21
25.00	9.15	7.73	0.00	6.23	5.69	5.04	2.01	4.85	0.02	0.00	0.00	3.75
26.00	9.15	7.72	0.00	5.35	6.04	4.19	4.32	3.85	0.00	0.00	0.00	3.02
27.00	9.15	7.73	3.67	2.86	5.72	2.21	2.22	5.12	0.00	2.89	0.00	4.07
28.00	9.15	7.73	6.58	0.00	5.72	0.00	0.00	4.86	0.00	4.58	0.00	2.71
29.00	9.16	7.73	6.58	0.00	5.72	0.00	0.00	4.87	0.00	4.57	0.00	0.51
30.00	9.15	7.73	6.58	0.00	5.73	0.00	0.00	4.86	0.00	4.58	0.00	0.00
31.00	9.15	7.73	6.58	0.00	5.73	0.00	0.00	4.86	0.00	4.58	0.00	0.00
32.00	9.15	7.73	6.57	4.27	5.63	0.44	0.00	4.58	0.00	4.57	0.31	1.75
33.00	9.15	7.72	6.58	6.58	5.50	1.92	0.51	5.13	0.00	4.57	0.00	4.28
34.00	9.16	7.73	6.58	6.58	6.02	1.89	0.86	4.87	0.00	4.59	0.00	4.01
35.00	9.15	7.73	6.58	6.58	5.73	1.62	1.24	4.86	0.00	4.05	0.00	4.00
36.00	9.15	7.73	6.58	5.68	4.93	2.75	0.28	4.86	0.00	0.00	0.00	4.01
37.00	9.15	7.73	6.57	5.76	4.96	0.88	0.01	4.82	0.00	3.66	0.65	2.53
38.00	9.16	7.73	6.57	0.29	0.26	2.00	0.00	3.02	0.00	4.58	0.04	3.40
39.00	9.15	7.72	6.58	2.11	0.00	2.39	0.63	3.76	0.00	4.51	0.00	3.07
10.2.1.2	9553.88	7.95
10.2.1.3	8061.14	8.07
10.1.1.3	5926.48	10976.61
10.1.1.4	4348.95	69209.66
10.1.1.5	5251.86	50357.26
10.1.1.6	2668.09	162750.80
10.1.1.7	842.76	325203.23
10.1.1.8	4067.30	72789.05
10.1.1.9	36.24	631916.26
10.1.1.10	4011.49	19752.23
10.1.1.11	474.07	413817.63
10.1.1.12	2580.19	124079.79
