Waf: Entering directory `/home/synrg-sc1/Desktop/Jiaming/ns-3.29-mesh/build'
Waf: Leaving directory `/home/synrg-sc1/Desktop/Jiaming/ns-3.29-mesh/build'
Build commands will be stored in build/compile_commands.json
'build' finished successfully (4.603s)
CreateVariables () DONE !!!
Creating 23 APs 50.00 m apart.
CreateApNodes () DONE !!!
Creating 0 CLs 20.00 m away from each AP.
CreateClNodes () DONE !!!
CreateNodes () DONE !!!
CreateMeshDevices () DONE !!!
CreateWifiDevices () DONE !!!
CreateCsmaDevices () DONE !!!
CreateDevices () DONE !!!
InstallInternetStack () DONE !!!
Gateway is connect to AP 0
InstallApplications () DONE !!!
Starting simulation for 120.00 s ...
-------------------------------------------------
Time[s]	ap-0	ap-1	ap-2	ap-3	ap-4	ap-5	ap-6	ap-7	ap-8	ap-9	ap-10	ap-11	ap-12	ap-13	ap-14	ap-15	ap-16	ap-17	ap-18	ap-19	ap-20	ap-21	ap-22
2.00	7.20	6.85	0.62	0.00	0.00	0.00	1.70	2.67	1.81	0.34	0.47	0.00	3.34	0.18	0.00	0.00	0.61	0.00	0.00	0.00	0.00	0.00	0.33
3.00	7.20	6.90	0.52	0.35	0.69	1.58	5.95	2.70	3.44	0.00	0.49	0.91	2.47	0.31	0.00	2.28	0.00	1.77	0.00	0.68	0.49	0.00	0.77
4.00	7.21	6.90	0.99	0.00	3.26	0.49	3.39	0.80	3.16	0.00	1.05	3.25	4.30	0.00	0.19	0.33	0.72	0.52	2.10	1.95	1.66	0.00	1.92
5.00	7.20	6.90	5.13	0.52	1.14	0.98	1.81	0.00	1.65	0.00	1.07	0.69	3.83	1.24	0.02	2.94	1.15	0.72	2.79	2.34	0.88	0.01	1.71
6.00	7.21	6.90	2.50	1.01	2.23	5.06	1.19	1.91	2.78	0.00	0.53	4.80	4.85	1.45	0.00	2.79	3.44	0.86	1.47	0.42	2.51	0.21	0.84
7.00	7.20	6.90	3.90	0.00	0.39	5.99	4.29	0.54	1.58	1.13	1.63	1.80	4.80	0.04	1.38	3.87	2.64	0.94	2.40	0.00	2.06	0.15	2.58
8.00	7.20	6.90	2.00	3.05	0.64	3.67	2.44	3.46	0.32	0.35	0.85	2.93	4.04	0.00	0.78	2.61	1.87	2.38	2.59	1.40	1.81	0.01	1.72
9.00	7.21	6.90	0.71	1.58	2.07	4.36	0.49	0.59	1.35	0.45	1.48	4.24	4.13	0.04	1.21	2.24	3.60	3.03	2.17	0.45	1.47	0.24	1.80
10.00	7.20	6.90	2.27	1.17	2.57	2.07	3.44	0.12	3.56	0.69	3.16	2.11	0.00	0.00	1.04	3.56	3.60	1.74	2.93	3.46	2.19	0.21	1.80
11.00	7.21	6.90	3.60	1.20	1.48	1.05	2.97	0.44	4.33	0.48	0.97	4.84	0.00	0.06	0.79	2.83	3.42	2.83	2.91	2.14	2.04	0.29	1.80
12.00	7.20	6.90	2.87	1.01	0.75	2.06	5.39	2.17	1.26	0.28	0.59	3.86	3.42	0.00	0.44	1.41	2.54	1.98	2.76	1.98	1.50	0.01	1.71
13.00	7.20	6.90	1.19	1.40	0.49	3.70	4.36	2.93	2.54	0.00	0.53	2.97	4.71	1.32	0.46	2.16	2.90	2.79	2.68	2.60	2.43	0.38	1.72
14.00	7.21	6.90	2.31	0.25	0.49	5.84	4.12	2.06	3.39	0.00	0.25	2.91	3.34	0.00	0.25	2.01	3.63	0.99	2.73	1.39	1.68	0.86	1.77
15.00	7.20	6.90	6.36	1.02	1.57	3.00	2.78	1.05	0.47	0.54	3.03	0.00	4.80	0.00	0.48	3.90	3.59	0.99	2.98	2.26	1.93	0.00	1.79
16.00	7.21	6.90	1.79	0.69	0.00	5.99	3.39	6.01	2.79	1.34	4.03	0.99	4.79	0.00	0.00	3.90	3.60	2.12	3.00	2.71	1.87	0.00	1.80
17.00	7.20	6.89	2.70	0.80	0.18	1.46	2.19	4.92	4.00	1.12	1.67	1.57	1.30	1.68	1.12	3.58	3.58	0.00	2.39	2.32	2.07	0.05	1.80
18.00	7.21	6.90	4.17	0.42	0.39	6.59	3.20	1.64	0.97	0.00	2.64	0.00	5.57	0.14	1.85	2.79	3.62	2.06	3.46	2.66	2.11	0.00	1.80
19.00	7.20	6.90	3.32	0.49	4.20	2.13	2.99	5.70	1.39	1.04	0.65	0.49	4.79	0.79	0.14	3.63	3.57	3.01	3.00	2.31	2.10	0.01	1.80
20.00	7.20	6.90	2.83	0.00	0.88	2.00	3.67	2.59	2.37	0.48	0.00	2.99	1.51	2.39	0.00	1.30	1.53	1.71	3.00	2.65	2.10	0.02	1.79
21.00	7.21	6.90	0.00	2.21	1.95	0.52	4.05	0.66	2.70	2.32	1.78	4.80	0.00	2.54	1.28	0.00	3.38	0.00	1.42	2.56	1.80	0.08	1.81
22.00	7.20	6.90	4.24	0.00	0.00	0.00	1.55	3.98	1.33	0.00	3.82	4.80	0.00	0.07	0.13	0.13	2.72	0.60	1.66	2.72	1.34	1.34	1.79
23.00	7.21	6.90	4.07	0.81	4.27	4.96	2.25	5.16	2.89	0.47	0.00	2.76	4.35	0.00	0.00	2.48	3.60	0.49	2.74	2.21	2.37	1.59	1.79
24.00	7.20	6.90	3.07	0.00	1.28	1.51	5.72	3.39	2.78	0.06	2.18	4.90	2.72	0.00	0.00	3.92	3.32	0.49	1.93	1.18	1.93	0.06	1.48
25.00	7.20	6.90	2.98	1.51	0.33	6.35	1.22	2.86	4.33	0.54	0.18	4.77	0.00	0.00	0.00	3.89	3.60	0.00	2.54	2.39	2.07	1.06	2.08
26.00	7.21	6.90	1.87	1.18	4.05	3.24	0.00	5.19	4.69	0.49	2.85	4.82	0.00	0.00	2.06	1.01	2.64	0.00	2.43	2.56	1.97	0.58	1.78
27.00	7.20	6.90	0.81	0.15	2.57	3.70	6.38	3.94	1.19	0.19	0.18	4.80	0.00	0.00	0.18	4.73	4.11	0.51	2.91	2.73	2.10	0.00	1.83
28.00	7.21	6.90	4.23	1.50	2.38	3.21	2.81	4.56	1.31	2.79	1.27	4.80	0.00	0.00	0.07	3.90	3.59	0.00	3.00	1.91	1.98	1.64	1.75
29.00	7.20	6.90	2.08	0.48	0.00	3.85	4.13	3.52	2.83	0.00	0.00	0.01	0.16	0.98	0.00	3.78	3.53	0.00	3.00	0.00	2.10	0.08	1.58
30.00	7.20	6.90	5.59	0.40	1.81	5.28	3.66	1.15	5.10	0.00	1.51	0.00	0.00	0.00	0.26	0.06	3.09	0.00	2.98	2.43	1.94	0.14	1.80
31.00	7.21	6.90	1.98	0.27	1.51	5.58	6.32	1.20	2.78	0.00	1.52	2.19	4.10	0.00	0.09	0.75	0.67	2.21	2.97	0.49	1.68	0.04	1.80
32.00	7.20	6.90	0.00	0.00	2.86	1.08	2.38	2.90	4.42	1.32	0.57	0.00	0.00	0.00	0.09	0.00	0.00	3.00	2.71	3.24	2.11	0.64	1.80
33.00	7.21	6.90	0.00	0.13	5.81	6.05	0.99	0.85	5.02	0.71	1.74	0.00	1.74	0.00	0.00	2.11	0.00	2.65	3.00	2.70	2.10	1.34	1.80
34.00	7.20	6.89	5.12	0.16	0.01	5.99	5.91	5.68	4.13	0.00	2.44	0.00	3.18	0.00	0.00	3.90	3.06	3.34	2.98	2.70	2.10	0.01	1.80
35.00	7.21	6.90	3.94	0.33	0.00	3.79	5.10	4.88	2.26	0.27	1.40	0.86	0.01	0.00	0.00	3.82	2.01	1.70	1.63	2.71	1.85	0.19	1.75
36.00	7.20	6.90	3.00	0.93	0.00	4.23	0.59	2.00	2.70	0.33	3.06	0.00	0.00	0.00	1.26	0.73	4.17	0.00	1.04	2.59	1.64	0.02	1.80
37.00	7.20	6.90	4.63	0.02	1.72	3.70	2.26	4.40	1.01	0.69	0.01	0.00	0.75	0.00	0.00	0.00	3.60	1.28	2.99	2.63	2.10	0.00	1.71
38.00	7.21	6.90	4.90	0.00	1.15	2.51	2.73	1.67	2.89	0.00	0.05	0.00	3.54	0.00	0.00	3.58	3.59	0.00	2.40	1.77	1.77	1.06	1.48
39.00	7.20	6.90	5.20	3.25	1.18	0.00	0.49	0.48	5.66	1.50	2.36	1.38	0.57	0.00	1.04	1.47	3.60	2.66	2.96	2.61	1.61	0.29	1.80
40.00	7.21	6.90	5.51	0.35	2.12	0.00	2.91	3.39	4.44	0.61	1.10	0.00	0.49	0.00	0.00	0.99	1.63	2.50	2.74	1.91	1.59	0.06	1.74
41.00	7.20	6.90	6.61	0.27	1.78	5.55	0.00	0.49	4.00	1.74	4.04	0.00	0.00	0.00	0.00	0.00	3.60	0.00	2.43	2.70	2.06	1.12	1.66
42.00	7.20	6.90	2.68	0.00	1.66	3.17	1.85	1.80	4.22	0.00	2.61	5.92	0.00	0.00	0.00	0.49	3.56	3.98	0.79	2.25	0.78	1.40	1.81
43.00	7.21	6.90	3.34	2.25	1.39	3.13	5.86	3.34	1.32	1.14	0.68	0.48	0.99	0.00	0.00	0.00	2.65	0.00	1.41	1.11	0.20	0.44	1.61
44.00	7.20	6.90	1.42	0.98	0.51	5.94	3.31	2.25	2.60	0.82	0.47	1.79	1.57	0.00	0.00	0.00	3.12	0.00	0.68	2.64	1.81	0.02	1.84
45.00	7.21	6.90	1.01	0.21	0.20	5.49	1.14	0.51	3.03	1.84	0.79	3.98	2.19	0.00	0.72	0.64	1.18	0.60	2.48	2.50	1.64	0.00	1.32
46.00	7.20	6.90	3.94	0.86	0.02	1.99	1.28	0.00	1.71	1.24	2.76	4.80	3.63	0.00	0.00	3.85	3.37	3.01	3.05	2.71	2.03	0.51	1.25
47.00	7.21	6.90	2.48	0.00	0.29	2.59	0.00	0.09	3.12	0.00	1.52	4.79	0.00	0.00	1.04	3.87	1.91	0.66	2.84	2.23	0.97	0.68	1.80
48.00	7.20	6.90	2.72	1.35	0.00	4.55	1.55	5.62	3.63	1.34	0.19	2.89	0.00	0.77	0.14	1.83	0.78	0.65	3.00	2.70	0.28	0.20	1.80
49.00	7.20	6.90	0.81	0.54	0.92	4.80	3.85	3.71	2.23	0.25	0.49	3.30	0.88	2.90	0.00	2.71	2.63	2.11	2.98	2.25	0.00	0.46	1.79
50.00	7.21	6.89	3.64	1.38	1.24	0.49	3.12	3.17	1.55	0.97	3.44	0.00	4.17	0.00	0.04	2.43	3.10	0.00	3.01	2.68	1.38	0.00	1.79
51.00	7.20	6.90	4.38	0.62	3.29	4.46	2.74	0.59	1.90	2.21	2.23	0.00	4.79	0.00	0.00	3.90	3.26	0.00	3.00	1.12	1.21	0.42	0.88
52.00	7.21	6.90	3.47	0.00	3.30	5.75	4.60	0.51	4.40	0.81	0.60	0.00	4.80	0.00	0.53	3.53	3.24	0.00	2.70	1.25	1.61	0.33	2.04
53.00	7.20	6.90	1.99	3.18	0.59	3.40	2.26	3.71	3.39	0.57	1.13	1.66	0.05	0.00	0.65	0.99	3.65	0.00	3.12	1.95	0.42	1.08	1.68
54.00	7.20	6.90	2.32	0.54	4.66	2.80	0.00	4.51	2.70	4.95	3.18	2.04	0.00	0.00	0.71	4.31	3.59	2.03	2.67	1.55	2.21	0.00	1.81
55.00	7.21	6.90	1.44	2.76	4.50	2.07	3.83	2.31	3.19	1.83	1.46	1.70	0.00	0.00	0.46	0.77	3.57	2.94	3.16	1.45	1.63	0.60	1.79
56.00	7.20	6.90	1.24	0.07	4.07	2.61	0.00	0.79	2.63	1.38	0.15	1.85	0.00	0.00	0.13	0.88	1.70	1.13	3.00	0.84	1.14	0.67	1.77
57.00	7.21	6.90	1.34	1.12	1.55	4.51	0.67	1.92	4.38	1.46	0.58	4.65	4.07	0.00	0.46	2.90	1.77	0.65	2.99	1.25	1.63	0.60	1.80
58.00	7.20	6.90	1.61	2.03	1.37	4.77	4.79	3.47	1.97	1.30	2.25	0.44	4.80	0.00	0.06	0.38	2.18	0.00	2.50	1.06	2.10	0.45	1.42
59.00	7.20	6.90	0.45	1.31	0.78	4.47	0.51	0.12	1.28	0.00	0.25	0.99	0.01	0.00	0.25	4.50	2.81	0.00	2.41	1.67	1.72	0.57	2.10
60.00	7.21	6.90	2.78	0.72	1.87	5.69	0.00	0.00	2.43	0.79	1.27	0.00	0.00	0.00	1.27	3.90	3.53	0.00	3.00	2.70	2.10	0.00	1.74
61.00	7.20	6.90	2.20	0.65	1.98	4.27	0.00	4.13	5.04	0.02	0.38	0.00	0.00	0.00	0.00	3.89	3.59	0.00	2.96	2.34	2.07	0.00	1.79
62.00	7.21	6.90	0.00	0.49	5.81	3.26	0.00	1.15	5.02	0.57	4.55	0.00	0.00	0.00	0.00	3.57	3.62	0.00	2.91	2.47	2.03	1.54	1.80
63.00	7.20	6.90	5.55	1.27	0.54	4.69	0.49	0.00	5.08	0.00	1.55	0.00	0.00	0.00	0.22	0.00	3.59	0.00	3.00	2.44	2.03	0.04	1.79
64.00	7.21	6.90	1.08	0.00	1.77	3.30	3.73	4.50	4.23	0.48	0.42	0.00	4.35	0.00	0.16	0.49	3.36	3.09	2.78	0.94	1.59	0.73	1.79
65.00	7.20	6.90	4.31	0.00	0.01	0.00	0.49	2.76	3.45	0.00	1.35	1.94	4.40	0.00	0.00	0.00	2.78	1.77	2.51	3.25	1.95	1.25	1.24
66.00	7.20	6.89	0.00	0.77	3.18	3.11	1.68	2.53	1.05	1.26	0.00	0.00	4.84	0.16	0.00	0.16	3.52	0.00	2.13	1.22	1.14	1.12	1.77
67.00	7.21	6.90	3.79	0.02	2.47	5.09	2.85	4.73	0.22	0.66	1.15	0.00	4.80	0.00	0.97	0.00	3.60	2.07	3.00	3.19	2.10	0.00	1.80
68.00	7.20	6.90	2.44	0.00	1.95	1.13	1.52	3.20	4.25	1.01	0.39	0.00	4.79	0.00	0.34	0.00	2.54	3.00	2.70	0.27	1.80	0.40	1.41
69.00	7.21	6.90	2.98	1.45	0.94	0.78	4.89	2.53	4.51	0.00	0.78	3.84	4.80	0.00	0.27	3.40	3.59	2.98	2.52	1.28	1.75	0.08	1.74
70.00	7.20	6.90	0.00	1.31	0.09	2.13	1.61	5.61	4.57	0.16	0.57	4.77	3.98	0.00	0.00	0.68	3.60	2.73	3.03	0.28	2.01	0.00	1.80
71.00	7.20	6.90	4.77	1.19	0.19	0.02	1.21	3.90	4.62	0.40	3.24	0.00	0.00	0.00	0.00	1.46	2.64	0.00	2.99	1.26	1.40	0.75	1.78
72.00	7.21	6.90	2.84	0.49	2.30	5.56	1.99	5.56	3.57	0.52	2.36	0.00	0.00	0.00	0.98	0.00	0.97	0.00	2.16	2.68	2.13	0.45	1.83
73.00	7.20	6.90	2.43	1.27	2.64	3.78	2.16	5.25	5.10	0.87	0.26	0.00	0.00	0.00	0.24	2.39	2.60	0.00	1.41	2.65	2.10	0.77	1.80
74.00	7.21	6.90	2.25	1.00	1.51	3.77	2.80	3.96	0.88	2.41	0.67	0.00	0.49	0.00	0.53	3.87	2.61	0.49	1.77	2.31	1.53	0.73	1.37
75.00	7.20	6.90	2.65	4.73	1.17	4.82	1.80	1.04	1.81	0.71	2.05	0.99	0.00	0.00	0.61	2.92	3.58	0.00	2.87	2.44	1.86	0.00	1.34
76.00	7.20	6.90	0.13	5.56	2.56	4.65	2.64	2.13	4.50	0.99	0.86	1.17	0.00	0.00	0.78	0.49	3.57	0.00	3.00	1.94	2.00	0.80	2.07
77.00	7.21	6.90	0.59	1.84	0.54	5.97	0.99	2.98	2.25	0.82	0.73	0.11	0.00	0.00	0.79	0.49	3.62	0.00	2.78	2.73	1.88	0.05	1.58
78.00	7.20	6.90	2.77	1.33	3.26	5.82	0.49	5.63	2.89	0.14	3.27	0.00	0.00	0.00	1.55	3.14	3.58	0.00	3.00	2.58	1.99	0.00	1.79
79.00	7.21	6.90	1.81	0.72	3.69	1.65	0.49	3.42	1.15	0.02	0.31	5.81	0.00	0.00	1.35	3.92	3.36	0.99	2.99	2.64	1.54	1.27	1.64
80.00	7.20	6.90	1.32	1.02	1.87	5.28	5.39	2.18	3.32	0.73	0.29	0.06	0.99	0.00	0.19	1.72	2.34	0.49	2.23	2.70	1.59	0.00	0.22
81.00	7.21	6.90	0.07	0.01	0.87	1.02	0.00	0.86	4.09	2.53	0.97	0.00	3.30	0.06	0.47	2.26	2.96	1.05	2.59	2.70	1.72	0.08	1.72
82.00	7.20	6.89	5.24	0.28	0.71	2.48	1.47	2.18	4.83	3.65	2.65	1.63	0.00	0.00	0.48	0.00	2.76	0.00	2.84	2.71	2.07	0.81	1.55
83.00	7.20	6.90	0.42	0.00	3.73	4.79	0.49	3.12	4.00	0.49	2.33	3.03	2.89	0.00	0.64	0.44	1.41	0.00	2.70	2.25	1.70	0.00	1.48
84.00	7.21	6.90	1.59	0.59	4.51	0.38	4.85	3.54	1.08	0.01	1.42	1.46	3.25	0.00	1.17	0.06	3.65	1.91	2.63	2.21	1.97	0.22	1.90
85.00	7.20	6.90	3.20	0.19	0.13	0.00	3.39	2.11	2.91	1.52	1.02	3.13	4.82	0.00	1.22	0.99	2.46	1.73	3.00	1.10	0.91	0.49	1.48
86.00	7.21	6.90	2.78	3.24	3.42	0.66	3.09	2.03	4.80	1.54	1.50	1.25	4.80	0.00	0.15	0.40	1.11	0.02	3.00	0.75	2.00	0.04	1.78
87.00	7.20	6.90	0.67	0.00	3.09	1.59	0.84	1.27	5.11	0.00	0.00	0.92	4.80	0.00	0.00	3.90	1.64	0.00	1.27	1.08	1.68	0.00	1.35
88.00	7.20	6.90	0.64	1.45	4.70	1.98	1.98	2.47	1.75	0.74	1.19	1.05	2.70	0.00	1.01	3.84	3.21	0.11	2.53	2.19	1.68	0.22	1.78
89.00	7.21	6.90	2.97	0.72	2.94	0.00	0.00	4.22	3.11	1.70	1.94	0.00	0.00	0.00	0.22	3.89	2.28	0.00	3.00	2.19	1.93	0.34	1.81
90.00	7.20	6.90	0.49	0.00	5.43	0.15	1.48	1.74	3.90	0.58	0.22	5.26	0.00	0.00	0.93	3.98	1.02	3.70	3.00	2.25	2.11	0.01	1.65
91.00	7.21	6.90	0.00	0.47	6.95	5.17	1.28	1.15	4.68	1.75	4.13	0.46	0.00	0.00	0.00	0.35	3.60	3.00	2.98	2.34	2.10	0.00	1.80
92.00	7.20	6.90	0.00	0.87	4.70	0.54	1.11	0.49	3.25	0.97	1.86	0.00	0.00	0.00	0.41	0.00	3.31	2.99	1.98	2.65	1.78	0.00	1.70
93.00	7.21	6.90	1.44	1.75	2.59	1.93	1.25	2.19	5.44	1.18	0.00	0.99	0.00	0.00	0.00	2.41	3.59	3.01	1.77	2.59	1.67	0.13	1.80
94.00	7.20	6.90	2.63	0.66	0.60	1.18	0.49	1.65	3.57	0.00	2.65	1.08	0.00	0.00	2.30	2.74	3.10	2.99	2.83	2.61	0.25	0.66	1.78
95.00	7.20	6.90	1.08	1.31	2.16	0.42	2.40	4.95	0.65	0.69	1.70	0.00	0.00	0.00	0.69	0.00	2.34	2.64	2.72	2.58	0.73	1.53	1.75
96.00	7.21	6.90	2.89	1.04	4.79	0.77	3.18	1.50	1.78	0.92	4.12	0.00	0.00	0.00	4.17	0.00	2.28	0.00	2.26	2.59	2.32	0.88	1.78
97.00	7.20	6.90	1.14	1.33	2.26	0.35	1.48	4.29	3.17	3.21	4.10	0.00	0.00	0.00	3.62	0.75	1.80	0.49	2.46	2.70	2.10	0.00	1.79
98.00	7.21	6.89	4.70	0.09	2.32	6.10	3.63	4.60	2.00	1.60	1.22	0.00	0.00	0.00	0.00	0.00	1.40	0.00	2.51	2.51	1.33	0.69	1.80
99.00	7.20	6.90	2.59	1.20	2.24	1.61	5.08	4.56	4.45	1.57	2.14	0.00	0.74	0.00	0.99	0.00	1.39	0.49	2.87	1.98	1.02	0.00	1.41
100.00	7.20	6.90	2.50	0.02	4.57	3.57	5.59	2.64	1.48	0.40	0.37	0.00	0.00	0.00	0.24	0.00	2.31	0.00	2.80	2.05	1.00	1.07	0.37
101.00	7.21	6.90	1.78	2.10	1.64	0.88	3.76	1.01	3.57	1.40	1.39	0.00	0.00	0.00	0.57	0.00	3.45	0.49	2.76	0.75	1.44	0.02	1.83
102.00	7.20	6.90	6.35	0.00	5.16	1.87	1.80	4.51	5.10	1.20	0.28	0.49	2.05	0.00	0.00	0.99	3.56	0.49	3.00	0.22	2.13	0.84	1.74
103.00	7.21	6.90	0.00	0.33	4.26	3.62	0.00	1.25	5.12	2.93	0.53	0.00	4.79	0.00	0.05	0.00	3.21	0.00	2.50	2.70	1.80	0.16	1.48
104.00	7.20	6.90	4.19	0.44	4.30	2.67	2.96	1.81	4.86	0.44	0.81	1.38	2.73	0.00	0.68	0.49	3.60	0.49	2.97	2.20	2.05	0.08	1.80
105.00	7.20	6.90	1.92	0.00	4.25	4.52	2.20	1.80	4.19	1.92	2.25	0.80	1.28	0.00	0.00	2.89	3.45	1.48	2.08	1.83	1.97	0.98	1.71
106.00	7.21	6.90	3.70	0.66	0.64	6.02	2.21	5.15	3.14	1.25	0.00	0.00	1.66	0.51	0.00	3.91	3.50	0.00	2.99	2.93	1.88	0.04	1.80
107.00	7.20	6.90	1.78	0.52	1.26	3.85	1.71	3.06	5.46	1.37	1.15	0.00	0.00	0.00	0.95	3.90	3.03	0.00	2.91	0.84	2.28	0.00	1.65
108.00	7.21	6.90	0.71	1.39	1.94	5.78	3.99	4.46	2.63	4.58	0.00	0.49	0.00	0.00	0.00	3.91	3.57	0.00	2.98	2.40	2.08	1.30	1.79
109.00	7.20	6.90	3.03	0.34	1.79	2.56	0.51	3.91	1.90	0.00	2.12	0.49	0.00	0.00	0.55	3.58	3.54	0.49	3.00	1.65	2.08	0.01	1.80
110.00	7.21	6.90	2.87	0.88	0.64	5.62	2.12	4.88	3.56	1.60	1.20	0.00	0.00	0.00	0.00	0.00	2.94	0.00	3.01	2.03	2.13	0.97	1.80
111.00	7.20	6.90	3.25	1.94	3.59	5.30	5.71	4.31	3.38	3.26	0.00	0.00	0.00	0.00	0.00	4.88	2.70	3.06	2.97	0.99	2.08	0.94	1.79
112.00	7.20	6.90	2.07	2.06	1.15	6.19	1.92	1.86	2.99	1.42	0.69	0.00	0.00	0.00	0.32	3.98	3.56	0.00	3.03	1.78	1.92	1.18	1.42
113.00	7.21	6.90	0.82	0.92	3.69	4.23	0.00	3.03	3.64	0.00	1.48	0.49	4.12	0.00	0.00	3.57	2.65	0.99	2.57	0.65	1.58	0.08	1.77
114.00	7.20	6.89	0.99	0.00	1.47	2.86	1.21	3.37	2.72	0.15	1.31	1.27	4.80	0.00	0.00	1.37	0.92	1.60	1.68	0.91	1.52	0.27	1.81
115.00	7.21	6.90	4.24	0.16	3.33	6.43	1.98	0.00	1.00	2.33	0.99	0.00	4.77	0.00	0.38	0.00	3.30	0.27	3.04	2.40	1.70	0.00	1.08
116.00	7.20	6.90	3.09	2.94	1.95	0.49	2.65	2.61	0.75	2.92	1.33	0.00	4.80	0.00	0.20	0.00	3.40	0.00	2.89	2.30	1.60	0.82	2.34
117.00	7.20	6.90	4.13	0.07	3.80	3.47	0.00	1.41	4.15	2.63	1.97	0.00	0.08	0.00	1.68	0.00	3.38	0.00	2.86	1.55	1.93	0.16	1.74
118.00	7.21	6.90	1.99	1.52	0.04	5.39	3.24	5.04	3.54	1.01	2.07	0.00	0.00	0.00	0.71	3.24	3.64	2.53	2.85	1.50	1.19	0.72	1.48
119.00	7.20	6.90	0.49	1.68	3.20	2.26	3.47	0.48	1.63	2.41	0.49	0.00	0.00	0.00	0.00	3.96	3.20	1.35	2.80	1.34	2.01	0.15	1.79
10.2.1.2	7.34	8.88
10.2.1.3	7.03	8.37
10.1.1.3	2.52	76863.01
10.1.1.4	0.94	218075.62
10.1.1.5	2.12	78092.56
10.1.1.6	3.33	83502.18
10.1.1.7	2.47	182425.41
10.1.1.8	2.73	79256.14
10.1.1.9	3.12	45663.30
10.1.1.10	1.01	144847.79
10.1.1.11	1.43	127059.17
10.1.1.12	1.48	234127.35
10.1.1.13	1.88	161671.04
10.1.1.14	0.17	288927.07
10.1.1.15	0.51	254585.81
10.1.1.16	2.02	123749.58
10.1.1.17	2.87	17357.89
10.1.1.18	1.10	261495.00
10.1.1.19	2.68	14237.72
10.1.1.20	2.05	58969.47
10.1.1.21	1.77	32934.71
10.1.1.22	0.43	204361.58
10.1.1.23	1.71	25196.98
