Waf: Entering directory `/home/synrg-sc1/Desktop/Jiaming/ns-3.29-mesh/build'
Waf: Leaving directory `/home/synrg-sc1/Desktop/Jiaming/ns-3.29-mesh/build'
Build commands will be stored in build/compile_commands.json
'build' finished successfully (5.815s)
CreateVariables () DONE !!!
Creating 14 APs 50.00 m apart.
CreateApNodes () DONE !!!
Creating 0 CLs 20.00 m away from each AP.
CreateClNodes () DONE !!!
CreateNodes () DONE !!!
CreateMeshDevices () DONE !!!
CreateWifiDevices () DONE !!!
CreateCsmaDevices () DONE !!!
CreateDevices () DONE !!!
InstallMeshInternetStack () DONE !!!
InstallWifiInternetStack () DONE !!!
InstallCsmaInternetStack () DONE !!!
InstallInternetStack () DONE !!!
Gateway is connect to AP 0
InstallApplications () DONE !!!
Starting simulation for 40.00 s ...
-------------------------------------------------
Time[s]	ap-0	ap-1	ap-2	ap-3	ap-4	ap-5	ap-6	ap-7	ap-8	ap-9	ap-10	ap-11	ap-12	ap-13
2.00	8.00	6.84	5.32	2.56	1.44	0.00	0.00	0.00	0.00	2.44	0.00	2.90	0.00	0.01
3.00	8.01	6.86	4.91	2.35	2.91	0.00	1.06	1.53	0.02	2.79	0.00	1.64	0.06	0.18
4.00	8.01	6.87	5.41	2.12	2.00	0.00	1.37	1.83	0.00	2.53	0.00	1.84	1.08	0.00
5.00	8.02	6.86	4.94	2.46	1.55	0.13	1.50	2.13	0.00	2.64	0.00	1.74	0.62	0.01
6.00	8.01	6.87	5.24	0.63	1.17	0.20	0.38	1.55	0.00	1.26	0.00	1.45	0.54	1.22
7.00	8.01	6.86	4.72	0.98	1.18	0.19	0.38	1.70	0.00	1.74	0.00	1.89	0.36	1.29
8.00	8.02	6.86	5.41	1.94	1.06	0.28	0.27	0.62	0.00	1.75	0.00	1.61	0.33	0.52
9.00	8.01	6.87	5.99	4.51	2.03	0.00	0.00	0.00	0.00	4.19	0.00	3.32	1.17	1.72
10.00	8.01	6.86	5.29	2.90	3.21	0.00	0.00	0.83	0.00	2.16	0.00	2.20	1.48	1.47
11.00	8.02	6.87	5.28	2.92	2.15	0.00	0.00	1.20	0.00	1.73	0.00	2.64	0.61	0.93
12.00	8.01	6.86	5.60	3.44	2.53	0.00	0.00	1.33	0.00	1.64	0.00	2.96	1.08	0.83
13.00	8.01	6.86	6.09	3.32	2.06	0.00	0.00	2.92	0.00	3.14	0.00	1.40	0.09	0.69
14.00	8.02	6.87	4.77	4.33	3.38	0.00	0.00	1.92	0.00	2.01	0.00	1.86	0.12	0.36
15.00	8.01	6.86	5.18	4.45	4.76	0.00	0.00	1.46	0.00	1.89	0.00	2.58	0.36	0.28
16.00	8.01	6.87	4.49	3.31	5.24	0.00	0.00	0.38	0.00	3.23	0.00	3.22	0.28	0.19
17.00	8.02	6.86	5.87	3.23	5.91	0.00	0.00	0.00	0.00	3.45	0.00	3.04	0.00	0.00
18.00	8.01	6.87	5.68	3.72	4.69	0.00	0.00	0.00	0.00	2.93	0.00	2.65	0.00	0.00
19.00	8.01	6.86	5.24	3.37	2.82	2.53	0.00	0.00	0.00	0.00	0.00	3.09	0.01	0.00
20.00	8.01	6.86	5.01	4.29	1.20	3.71	0.00	0.00	0.00	0.00	0.00	2.56	0.49	0.00
21.00	8.02	6.87	4.54	1.91	3.09	1.29	0.00	0.00	0.00	2.35	0.00	1.94	1.16	0.00
22.00	8.01	6.86	4.32	1.84	3.12	1.36	0.00	0.00	0.00	2.80	0.00	2.10	0.92	0.01
23.00	8.01	6.87	0.94	0.29	4.63	0.22	0.00	0.00	0.00	2.92	0.00	2.50	0.25	0.13
24.00	8.02	6.86	3.66	1.52	4.51	1.04	0.00	0.00	0.00	3.14	0.00	2.44	0.09	0.09
25.00	8.01	6.86	4.54	1.25	2.65	0.64	0.00	0.00	0.00	1.64	0.00	2.54	0.17	0.19
26.00	8.01	6.87	4.75	2.50	0.07	1.68	0.00	0.00	0.00	0.89	0.00	3.64	0.47	0.97
27.00	8.02	6.86	5.29	1.72	0.00	1.25	0.00	0.00	0.00	3.04	0.00	3.13	0.89	0.60
28.00	8.01	6.87	3.81	1.64	0.85	0.85	0.00	0.00	0.00	2.06	0.00	3.17	0.52	0.28
29.00	8.01	6.86	0.28	0.22	0.02	0.06	0.00	0.00	0.00	4.42	0.00	3.14	0.03	0.08
30.00	8.02	6.86	3.01	1.72	0.77	0.95	0.00	0.00	0.00	2.10	0.00	3.02	0.49	0.36
31.00	8.01	6.87	4.35	1.24	2.92	0.49	0.00	0.00	0.00	1.25	0.00	2.47	0.29	0.89
32.00	8.01	6.86	4.14	2.49	4.96	0.00	0.00	0.00	0.00	0.00	0.00	3.10	0.00	1.29
33.00	8.02	6.87	6.58	3.62	3.74	0.00	0.00	0.00	0.00	0.00	0.00	2.08	0.00	0.29
34.00	8.01	6.86	6.19	5.35	0.72	0.00	0.00	0.00	0.00	0.00	0.00	0.43	0.00	0.00
35.00	8.01	6.87	6.29	0.90	0.33	0.00	0.00	0.00	0.00	0.00	0.00	0.21	0.00	0.39
36.00	8.02	6.86	6.23	1.49	0.24	0.00	0.00	0.00	0.00	0.00	0.00	0.18	0.00	0.75
37.00	8.01	6.86	5.81	2.12	0.00	0.00	0.00	0.00	0.00	0.00	0.00	0.69	0.00	0.64
38.00	8.01	6.87	6.50	6.26	0.00	0.00	0.00	0.00	0.00	0.00	0.00	0.35	0.00	0.15
39.00	8.01	6.86	6.12	5.79	0.00	0.00	0.00	0.00	0.00	0.00	0.00	2.11	0.00	0.00
10.2.1.2	8359.81	8.04
10.2.1.3	7165.62	9.34
10.1.1.3	5185.56	90540.66
10.1.1.4	2843.76	228843.89
10.1.1.5	2560.18	237269.66
10.1.1.6	543.22	288863.43
10.1.1.7	882.41	410613.10
10.1.1.8	1541.28	262551.87
10.1.1.9	803.54	389504.50
10.1.1.10	1861.80	299145.72
10.1.1.11	0	0
10.1.1.12	2332.97	121890.47
10.1.1.13	521.68	443321.89
10.1.1.14	481.40	416482.04
