Waf: Entering directory `/home/synrg-sc1/Desktop/Jiaming/ns-3.29-mesh/build'
Waf: Leaving directory `/home/synrg-sc1/Desktop/Jiaming/ns-3.29-mesh/build'
Build commands will be stored in build/compile_commands.json
'build' finished successfully (4.625s)
CreateVariables () DONE !!!
Creating 12 APs 50.00 m apart.
CreateApNodes () DONE !!!
Creating 0 CLs 20.00 m away from each AP.
CreateClNodes () DONE !!!
CreateNodes () DONE !!!
CreateMeshDevices () DONE !!!
CreateWifiDevices () DONE !!!
CreateCsmaDevices () DONE !!!
CreateDevices () DONE !!!
InstallMeshInternetStack () DONE !!!
InstallWifiInternetStack () DONE !!!
InstallCsmaInternetStack () DONE !!!
InstallInternetStack () DONE !!!
Gateway is connect to AP 0
InstallApplications () DONE !!!
Starting simulation for 40.00 s ...
-------------------------------------------------
Time[s]	ap-0	ap-1	ap-2	ap-3	ap-4	ap-5	ap-6	ap-7	ap-8	ap-9	ap-10	ap-11
2.00	10.00	6.00	5.41	3.58	4.39	0.00	0.00	4.09	0.00	1.39	2.54	3.03
3.00	10.02	6.01	5.44	2.57	4.60	0.00	2.62	4.81	0.00	3.54	3.56	3.14
4.00	10.01	6.01	5.44	5.44	4.72	0.00	1.49	4.86	0.58	3.18	3.35	3.14
5.00	10.02	6.01	5.44	4.93	3.13	1.94	3.12	4.87	0.46	0.39	1.85	3.14
6.00	10.02	6.01	5.44	5.42	2.90	1.35	1.97	4.82	0.35	1.68	1.50	3.16
7.00	10.01	6.01	5.44	5.44	3.27	1.89	2.64	4.91	0.38	1.65	1.68	3.14
8.00	10.02	6.01	5.44	5.45	3.78	0.97	2.99	4.53	0.79	2.38	2.50	3.14
9.00	10.02	6.01	5.44	5.44	4.50	0.00	4.21	4.86	0.62	3.74	3.41	3.14
10.00	10.01	6.01	5.44	5.42	4.81	0.01	2.99	4.86	0.67	3.85	3.67	3.14
11.00	10.02	6.01	5.44	5.44	5.15	0.00	3.84	4.86	0.00	0.86	4.01	3.16
12.00	10.02	6.01	5.44	5.42	3.26	2.07	2.50	4.86	0.02	1.25	2.31	3.14
13.00	10.01	6.01	5.44	5.46	3.01	1.46	1.28	4.86	0.93	0.74	2.13	3.14
14.00	10.02	6.01	5.44	5.42	4.86	0.00	2.91	4.81	2.76	0.06	3.76	3.13
15.00	10.02	6.01	5.44	5.45	3.64	0.00	2.15	2.55	1.67	1.06	2.17	3.17
16.00	10.01	6.01	5.44	5.44	4.39	3.13	1.37	3.52	1.15	1.91	2.91	3.14
17.00	10.02	6.01	5.44	5.17	4.77	4.78	4.38	4.10	0.00	1.86	1.77	3.14
18.00	10.01	6.01	5.44	5.39	4.25	4.87	4.81	4.84	0.00	3.11	3.01	3.13
19.00	10.02	6.01	5.44	4.72	4.46	4.93	4.19	4.87	0.00	3.52	3.26	3.16
20.00	10.02	6.01	5.44	4.86	4.47	4.85	4.30	4.87	0.00	3.27	3.34	3.16
21.00	10.01	6.01	5.44	5.11	4.48	4.87	4.58	4.80	0.28	3.16	3.21	3.14
22.00	10.02	6.01	5.44	5.08	1.04	4.73	4.23	4.87	0.24	0.83	0.65	3.14
23.00	10.02	6.01	5.44	2.64	1.33	4.38	1.84	4.89	0.24	0.79	0.70	3.16
24.00	10.01	6.01	5.44	3.00	1.50	4.87	2.28	4.87	0.28	0.54	1.08	3.14
25.00	10.02	6.01	5.44	3.27	1.70	5.39	2.25	4.86	0.22	0.75	0.65	3.14
26.00	10.02	6.01	5.44	2.96	2.00	4.72	1.99	4.86	0.13	0.42	1.52	3.14
27.00	10.01	6.01	5.44	5.12	4.58	4.40	4.07	3.75	0.00	1.44	3.54	3.14
28.00	10.02	6.01	5.44	5.21	5.24	4.92	4.78	4.87	0.00	2.13	4.02	3.16
29.00	10.02	6.01	5.44	0.00	3.92	4.78	1.00	4.86	0.00	2.96	2.92	3.13
30.00	10.01	6.01	5.45	0.00	5.27	4.96	5.03	4.86	0.00	1.12	3.99	3.16
31.00	10.02	6.01	5.44	0.00	4.89	4.85	2.48	4.86	0.00	3.56	3.80	3.14
32.00	10.01	6.01	5.44	3.84	4.66	4.87	4.49	4.86	0.00	2.23	3.11	3.16
33.00	10.02	6.01	5.44	5.45	3.76	4.86	3.09	4.86	0.12	3.46	2.77	3.14
34.00	10.02	6.01	5.44	5.42	3.65	4.85	2.81	4.85	0.49	2.70	2.65	3.14
35.00	10.01	6.01	5.44	5.44	3.96	4.85	3.23	4.87	0.45	2.96	2.95	3.14
36.00	10.02	6.01	5.44	5.44	3.71	4.89	3.23	4.85	0.35	2.84	2.65	3.14
37.00	10.02	6.01	5.44	5.42	3.60	4.86	2.70	4.87	0.53	2.58	2.53	3.16
38.00	10.01	6.01	5.44	5.46	3.39	4.85	1.76	4.86	1.06	2.07	1.91	3.14
39.00	10.02	6.01	5.44	1.35	3.45	4.85	1.65	4.86	1.28	2.58	2.29	3.13
10.2.1.2	10450.04	8.19
10.2.1.3	6269.84	9.09
10.2.1.4	5673.16	9.10
10.1.1.4	4712.72	36971.40
10.1.1.5	3982.64	75214.86
10.1.1.6	3763.11	36844.56
10.1.1.7	3132.19	115656.91
10.1.1.8	4914.52	12461.82
10.1.1.9	501.52	504409.16
10.1.1.10	2213.51	212428.30
10.1.1.11	2757.60	110895.33
10.1.1.12	3284.37	1829.81
