Waf: Entering directory `/home/synrg-sc1/Desktop/Jiaming/ns-3.29-mesh/build'
Waf: Leaving directory `/home/synrg-sc1/Desktop/Jiaming/ns-3.29-mesh/build'
Build commands will be stored in build/compile_commands.json
'build' finished successfully (4.587s)
CreateVariables () DONE !!!
Creating 21 APs 50.00 m apart.
CreateApNodes () DONE !!!
Creating 0 CLs 20.00 m away from each AP.
CreateClNodes () DONE !!!
CreateNodes () DONE !!!
CreateMeshDevices () DONE !!!
CreateWifiDevices () DONE !!!
CreateCsmaDevices () DONE !!!
CreateDevices () DONE !!!
InstallInternetStack () DONE !!!
Gateway is connect to AP 0
InstallApplications () DONE !!!
Starting simulation for 120.00 s ...
-------------------------------------------------
Time[s]	ap-0	ap-1	ap-2	ap-3	ap-4	ap-5	ap-6	ap-7	ap-8	ap-9	ap-10	ap-11	ap-12	ap-13	ap-14	ap-15	ap-16	ap-17	ap-18	ap-19	ap-20
2.00	9.00	6.89	6.26	0.37	4.55	2.72	0.80	0.15	0.60	0.00	1.13	0.13	0.08	0.00	2.73	1.04	2.70	0.93	0.97	0.00	0.00
3.00	9.00	6.90	6.30	1.38	1.17	1.78	4.78	1.00	1.81	1.63	2.73	0.00	3.65	0.00	2.77	3.54	2.57	2.79	1.37	1.91	0.82
4.00	9.00	6.90	6.30	0.53	1.53	2.25	4.06	0.00	0.00	3.11	2.94	1.21	4.49	1.51	3.21	1.98	2.93	1.42	3.76	1.05	0.02
5.00	9.01	6.90	6.30	1.06	4.31	0.02	5.39	0.00	0.24	3.53	1.15	0.00	4.30	0.49	4.57	4.20	3.18	3.52	4.06	0.00	0.65
6.00	9.00	6.90	6.30	0.37	2.98	0.49	5.16	0.00	3.77	0.00	1.17	0.00	4.47	2.23	4.20	4.20	4.06	0.00	3.76	2.84	0.11
7.00	9.00	6.90	6.30	0.02	2.80	0.00	3.59	0.29	0.01	1.79	4.80	0.00	4.52	0.00	3.23	3.32	4.20	1.45	2.56	1.17	0.00
8.00	9.00	6.90	6.30	0.00	3.67	2.04	4.90	1.73	1.25	1.97	4.15	0.58	4.45	0.00	3.74	4.09	3.39	2.68	1.83	3.57	0.00
9.00	9.01	6.90	6.30	0.00	1.42	5.71	5.38	0.61	0.00	0.27	4.63	0.57	4.16	1.37	4.17	3.97	3.50	2.97	0.68	2.48	0.00
10.00	9.00	6.90	6.30	0.08	0.12	3.93	5.43	0.00	0.78	1.31	4.73	0.02	3.45	2.21	4.20	4.19	4.19	1.61	1.47	3.80	0.04
11.00	9.00	6.90	6.30	0.00	0.99	4.80	5.29	0.00	0.94	0.00	3.52	0.00	4.51	0.60	4.20	4.20	4.20	4.06	0.49	3.57	0.00
12.00	9.00	6.90	6.30	1.27	0.00	0.92	4.99	0.00	0.34	0.00	4.29	1.20	4.49	1.22	4.19	4.19	3.78	3.05	0.99	0.35	0.75
13.00	9.01	6.90	6.30	0.02	0.87	4.53	5.02	0.00	0.13	2.44	0.74	0.85	4.51	0.52	4.20	4.20	0.29	3.91	2.24	0.00	0.00
14.00	9.00	6.90	6.30	1.00	0.00	5.70	5.41	0.09	0.04	0.00	3.19	0.24	4.50	0.91	4.20	4.20	3.45	3.90	2.13	0.00	0.35
15.00	9.00	6.90	6.30	1.07	5.97	3.97	4.27	0.57	0.55	0.78	3.59	0.95	4.50	0.00	3.93	4.06	3.76	3.86	1.48	0.00	0.00
16.00	9.00	6.90	6.30	0.00	5.68	5.84	4.20	0.15	2.44	0.60	3.18	0.18	2.67	1.25	4.00	4.19	4.20	3.83	1.77	0.00	0.00
17.00	9.01	6.89	6.30	0.00	2.33	4.58	3.26	0.00	0.00	2.90	4.64	1.02	4.51	0.60	4.20	2.84	4.20	3.52	3.86	0.00	0.00
18.00	9.00	6.90	6.30	1.51	5.70	1.65	5.33	0.00	0.00	0.88	4.69	0.42	1.71	0.53	3.53	4.68	4.04	3.64	3.86	3.76	0.88
19.00	9.00	6.90	6.30	1.27	5.70	5.52	5.17	0.00	1.59	0.00	4.31	0.00	4.86	0.74	3.97	3.58	3.89	1.38	3.46	1.40	0.28
20.00	9.01	6.90	6.30	0.16	5.69	0.02	5.39	0.00	0.46	0.00	3.56	1.30	4.50	3.76	1.12	3.37	4.18	3.17	3.84	2.11	0.00
21.00	9.00	6.90	6.30	2.27	1.51	5.36	5.33	0.72	1.78	2.65	3.51	0.00	4.44	2.11	4.20	3.78	4.19	2.90	1.93	2.61	0.00
22.00	9.00	6.90	6.30	2.32	1.33	1.40	5.48	0.00	0.15	0.06	4.44	0.01	4.12	0.14	4.17	3.70	3.64	0.69	0.00	0.82	0.00
23.00	9.00	6.90	6.30	0.00	4.05	2.24	5.37	0.00	0.00	2.26	4.22	0.00	3.38	0.26	4.15	4.18	4.19	2.87	0.00	3.44	0.00
24.00	9.01	6.90	6.30	0.39	5.28	0.00	5.43	0.00	0.60	4.79	4.80	0.00	4.47	1.02	4.15	0.24	4.22	1.32	0.00	3.29	1.04
25.00	9.00	6.90	6.30	0.13	5.70	0.00	5.33	0.00	0.13	4.80	4.80	0.01	3.99	0.87	4.20	0.99	4.19	3.90	0.00	3.59	0.00
26.00	9.00	6.90	6.30	1.81	5.70	0.00	5.39	0.04	3.13	4.78	4.79	0.00	3.85	1.20	4.20	3.04	4.07	0.09	0.00	3.60	0.00
27.00	9.00	6.90	6.30	5.73	5.70	0.00	5.41	0.00	1.28	0.67	4.80	0.00	4.50	1.00	2.61	4.20	4.20	0.00	0.00	2.79	0.00
28.00	9.01	6.90	6.30	4.71	4.92	1.53	5.39	0.00	2.45	0.49	4.33	0.02	4.50	0.65	2.21	4.20	3.01	0.75	1.55	3.12	2.48
29.00	9.00	6.90	6.30	0.00	3.99	4.69	3.33	0.00	0.20	0.49	3.98	0.61	4.49	0.51	4.20	3.20	3.06	0.77	0.78	0.00	0.00
30.00	9.00	6.90	6.30	0.09	5.76	2.34	5.42	0.53	3.89	0.00	3.12	0.05	4.51	0.46	4.20	4.20	4.20	0.66	3.91	0.00	0.05
31.00	9.00	6.90	6.30	0.60	5.70	5.70	4.60	2.50	0.57	0.00	4.26	0.51	4.50	1.35	4.12	4.17	0.97	1.75	2.92	0.00	0.34
32.00	9.01	6.90	6.30	1.20	1.44	2.10	4.69	1.46	1.90	0.00	4.72	0.49	4.51	1.10	3.16	2.12	3.01	2.80	3.91	1.63	0.73
33.00	9.00	6.90	6.30	1.39	1.34	3.13	5.41	0.00	0.00	0.00	4.80	0.48	4.50	0.45	4.19	4.19	4.19	3.90	2.31	0.00	0.84
34.00	9.00	6.89	6.30	3.14	0.00	1.47	4.91	1.14	0.04	0.00	4.66	0.00	4.50	0.21	2.78	4.20	4.18	3.90	0.00	0.00	1.97
35.00	9.01	6.90	6.30	0.01	0.00	2.78	2.85	0.00	0.05	1.84	3.11	0.00	4.37	1.60	4.20	4.20	4.10	3.24	0.00	0.00	0.00
36.00	9.00	6.90	6.30	1.24	0.00	5.70	4.32	0.54	1.85	4.44	0.09	0.00	4.50	0.00	4.19	4.19	4.19	0.00	4.38	0.00	0.04
37.00	9.00	6.90	6.30	0.51	2.25	5.69	5.39	0.14	1.28	3.97	0.29	0.00	4.18	0.19	4.20	4.20	3.99	0.00	1.83	0.00	0.32
38.00	9.00	6.90	6.30	4.26	2.04	5.31	3.90	0.57	0.00	2.87	4.05	0.00	0.57	2.37	4.03	0.27	4.00	0.00	0.00	0.00	0.51
39.00	9.01	6.90	6.30	0.08	0.00	0.00	5.41	1.07	0.08	4.78	4.79	0.00	0.00	4.50	4.20	0.00	4.22	0.00	0.00	0.00	0.00
40.00	9.00	6.90	6.30	0.93	0.00	4.91	5.33	0.00	5.00	0.12	4.78	0.00	4.43	3.59	4.20	3.93	4.19	0.00	0.00	0.00	1.26
41.00	9.00	6.90	6.30	1.58	0.00	5.73	0.26	0.74	2.78	1.52	4.72	0.00	4.53	3.91	4.19	0.00	4.19	0.99	0.99	4.06	0.95
42.00	9.00	6.90	6.30	0.33	0.49	5.69	0.00	0.00	4.53	1.42	4.82	0.00	4.50	0.89	4.22	0.00	4.22	0.00	0.00	3.60	0.19
43.00	9.01	6.90	6.30	0.12	5.48	2.85	3.98	0.49	3.32	4.80	1.60	0.00	1.27	1.63	4.20	0.00	4.12	0.99	0.00	3.60	0.05
44.00	9.00	6.90	6.30	0.00	5.70	4.90	0.00	0.00	2.25	0.02	5.18	0.00	1.53	1.51	4.20	0.00	3.24	0.00	0.00	3.60	0.00
45.00	9.00	6.90	6.30	2.54	5.64	5.71	0.00	0.49	0.00	5.48	4.71	0.00	3.82	0.55	3.70	2.13	4.07	0.00	0.00	3.59	1.51
46.00	9.00	6.90	6.30	0.06	5.76	5.70	0.00	0.47	0.00	2.32	4.71	0.00	4.50	2.59	4.16	0.00	4.18	0.00	0.00	3.60	0.00
47.00	9.01	6.90	6.30	0.11	5.15	5.61	0.00	0.09	0.93	2.79	4.77	0.00	3.49	1.74	3.91	0.00	4.19	0.00	0.00	3.59	0.08
48.00	9.00	6.90	6.30	0.53	5.25	5.70	0.00	0.00	0.00	0.00	1.95	0.00	4.51	3.31	1.37	4.71	4.07	0.00	0.00	3.62	0.33
49.00	9.00	6.90	6.30	1.25	5.70	5.70	0.00	0.00	3.57	4.52	2.07	0.00	4.50	3.60	5.22	4.20	4.20	0.00	0.00	3.59	0.75
50.00	9.01	6.89	6.30	1.06	5.70	5.66	0.00	0.00	0.11	0.86	4.57	0.00	4.16	3.86	1.59	4.19	4.20	0.00	0.00	1.25	0.00
51.00	9.00	6.90	6.30	0.18	0.99	5.55	1.53	0.00	0.61	0.00	3.39	0.00	4.45	4.32	2.79	4.20	4.18	0.00	0.00	0.00	0.00
52.00	9.00	6.90	6.30	1.21	0.00	0.73	3.82	0.72	2.03	5.51	2.08	2.13	4.46	0.80	3.18	4.20	3.66	1.17	0.00	0.00	0.73
53.00	9.00	6.90	6.30	0.04	0.00	0.00	2.63	0.00	0.00	4.76	5.29	0.00	4.43	0.00	4.20	4.19	4.20	4.49	1.88	0.00	0.00
54.00	9.01	6.90	6.30	0.00	0.00	0.00	3.69	0.00	0.00	4.85	4.80	0.00	4.50	0.45	4.19	4.20	4.19	3.90	2.67	0.00	0.00
55.00	9.00	6.90	6.30	0.00	4.75	4.71	0.00	0.04	0.42	4.62	4.59	0.00	4.35	0.37	4.04	4.20	3.52	3.90	0.00	0.72	0.00
56.00	9.00	6.90	6.30	3.87	0.07	3.90	3.73	0.00	0.00	0.00	0.74	0.00	4.26	0.00	3.40	4.19	4.22	3.90	0.00	0.05	0.51
57.00	9.00	6.90	6.30	1.30	0.00	0.53	5.41	0.31	1.72	2.71	4.23	0.00	4.50	0.22	3.47	4.13	4.15	3.90	0.00	0.00	1.57
58.00	9.01	6.90	6.30	2.37	2.41	5.06	4.62	0.00	1.73	1.07	4.58	0.00	4.51	0.75	2.80	4.20	4.22	3.25	0.00	4.76	1.18
59.00	9.00	6.90	6.30	0.00	3.21	0.00	0.00	0.00	0.00	0.00	4.80	0.00	4.50	0.00	0.00	4.00	4.13	3.90	0.00	3.59	0.00
60.00	9.00	6.90	6.30	0.00	5.51	0.00	0.00	0.00	0.00	0.00	4.79	0.00	4.50	3.80	4.46	4.18	4.19	3.89	0.00	3.60	0.00
61.00	9.00	6.90	6.30	2.07	5.58	0.00	3.09	0.00	0.00	1.19	4.64	0.00	4.50	3.56	3.73	4.23	3.78	3.90	0.00	3.60	0.26
62.00	9.01	6.90	6.30	0.08	3.73	4.75	5.39	0.00	0.11	2.14	2.52	0.00	3.58	1.07	3.96	4.19	2.60	0.13	0.00	2.54	0.06
63.00	9.00	6.90	6.30	0.79	5.16	5.63	4.76	0.00	4.62	0.00	3.53	0.00	4.51	3.14	3.98	4.20	0.99	0.00	0.00	0.00	0.47
64.00	9.00	6.90	6.30	0.77	5.77	5.76	5.45	0.00	1.22	0.49	0.27	0.00	4.50	3.14	0.26	4.20	3.65	0.00	0.00	0.00	0.46
65.00	9.01	6.90	6.30	4.52	5.70	0.06	5.39	0.00	3.77	0.00	0.84	0.00	4.50	1.00	1.47	2.24	0.00	0.00	0.00	0.00	2.72
66.00	9.00	6.89	6.30	1.75	5.70	0.00	5.41	0.00	2.13	1.20	2.23	0.00	4.50	0.31	4.20	4.20	3.73	0.00	0.00	3.25	1.05
67.00	9.00	6.90	6.30	0.59	5.58	0.00	5.39	0.00	2.48	4.75	2.36	0.00	4.45	0.49	4.19	4.16	4.19	0.00	0.00	0.00	0.37
68.00	9.00	6.90	6.30	0.73	0.00	0.49	5.41	0.00	0.01	4.85	4.66	0.00	3.85	0.04	3.19	4.25	3.72	0.00	1.74	0.00	0.44
69.00	9.01	6.90	6.30	0.57	0.00	4.43	5.39	0.00	2.73	3.73	4.00	0.00	4.51	0.85	3.30	4.19	2.92	1.20	0.00	0.00	0.35
70.00	9.00	6.90	6.30	2.67	0.00	5.70	5.41	0.75	2.52	0.00	3.52	0.00	4.49	1.40	1.47	4.20	3.34	4.10	0.00	0.00	1.61
71.00	9.00	6.90	6.30	0.34	1.20	2.19	5.10	0.00	0.51	0.00	4.51	0.01	4.51	0.00	4.11	4.19	4.20	3.89	2.87	0.00	0.22
72.00	9.00	6.90	6.30	0.00	0.00	3.34	5.39	0.00	0.20	0.49	4.79	0.72	4.04	0.09	4.05	4.20	4.09	2.98	3.78	1.44	0.00
73.00	9.01	6.90	6.30	1.40	0.00	5.72	5.41	0.71	0.05	2.59	4.38	0.07	4.50	1.77	4.19	4.20	4.19	0.49	3.76	2.18	0.86
74.00	9.00	6.90	6.30	0.89	0.49	5.68	3.67	0.29	0.00	0.00	0.64	1.28	4.50	0.00	3.21	4.19	4.20	3.42	2.99	0.00	0.55
75.00	9.00	6.90	6.29	1.47	0.00	3.27	2.87	0.00	1.65	2.48	0.00	0.49	3.44	1.68	3.99	3.79	3.42	3.66	3.43	1.10	0.89
76.00	9.00	6.90	6.30	1.71	0.62	5.97	1.34	0.00	1.64	4.71	3.12	1.17	4.50	0.14	4.25	4.15	4.22	0.59	1.33	3.20	1.05
77.00	9.01	6.90	6.30	0.91	0.00	5.70	0.22	0.00	2.37	1.80	2.08	1.04	4.51	0.00	4.19	3.89	4.13	0.09	0.09	3.60	0.53
78.00	9.00	6.90	6.30	1.75	0.00	5.70	4.20	0.00	0.55	1.81	2.54	0.00	4.50	1.10	4.20	2.73	4.20	0.00	1.28	3.60	0.13
79.00	9.00	6.90	6.30	2.57	0.00	5.61	0.00	0.00	1.74	4.79	3.58	0.00	4.50	0.51	3.92	0.00	3.76	0.00	0.00	3.59	0.39
80.00	9.01	6.90	6.30	4.66	0.00	0.13	0.49	0.00	0.00	0.13	2.85	0.00	4.30	0.07	3.90	0.00	2.40	0.00	0.00	1.33	2.81
81.00	9.00	6.90	6.30	2.72	5.35	3.27	0.00	0.71	2.10	1.99	4.62	0.00	3.57	1.79	4.20	0.00	2.79	0.00	0.00	0.00	0.02
82.00	9.00	6.89	6.30	0.07	5.70	5.70	0.00	0.00	2.13	3.92	4.20	0.77	4.50	1.38	4.13	0.00	3.46	0.00	0.00	3.07	0.05
83.00	9.00	6.90	6.30	0.25	5.70	5.61	0.00	0.00	0.94	4.79	4.80	0.00	1.48	1.25	3.59	0.00	3.46	0.00	0.00	3.59	0.01
84.00	9.01	6.90	6.30	1.14	4.10	5.56	0.00	0.00	3.24	4.80	4.80	0.00	4.50	0.55	4.07	2.26	4.20	3.96	0.00	3.60	0.69
85.00	9.00	6.90	6.30	1.71	0.00	5.70	0.00	0.00	0.20	4.77	4.79	0.00	4.50	0.79	4.20	4.20	4.09	3.93	0.00	3.60	1.02
86.00	9.00	6.90	6.30	1.10	3.46	5.08	0.00	0.00	0.00	1.38	4.80	0.00	4.50	3.07	4.19	4.19	4.17	3.89	0.00	3.60	0.64
87.00	9.00	6.90	6.30	1.68	5.71	1.48	0.00	0.00	0.11	3.57	4.79	0.00	4.51	0.40	4.20	4.20	4.20	2.48	0.00	3.59	0.00
88.00	9.01	6.90	6.30	0.99	5.69	3.43	0.00	0.00	1.41	4.79	4.80	0.00	4.50	0.01	4.20	4.20	4.19	3.90	0.00	3.60	0.00
89.00	9.00	6.90	6.30	0.74	3.37	0.00	0.00	0.00	1.40	4.63	4.19	0.00	4.50	0.32	3.34	4.19	3.01	3.90	0.00	2.12	0.46
90.00	9.00	6.90	6.30	1.08	5.78	2.27	0.00	0.00	0.00	2.06	4.43	0.00	4.50	1.27	4.17	4.19	3.34	3.90	0.00	0.00	0.00
91.00	9.00	6.90	6.30	0.00	5.72	3.45	2.66	0.00	0.00	0.00	4.83	0.00	4.40	0.07	4.20	4.20	4.13	3.91	3.76	0.00	0.00
92.00	9.01	6.90	6.30	3.14	5.69	5.35	5.04	0.00	2.20	0.00	4.57	0.00	4.40	0.94	3.07	0.04	1.85	0.49	0.16	0.00	0.00
93.00	9.00	6.90	6.30	0.87	5.69	5.68	4.24	0.00	1.08	3.66	2.78	0.00	4.49	0.07	4.10	0.00	3.03	0.00	0.00	3.14	0.52
94.00	9.00	6.90	6.30	0.62	5.72	5.53	0.00	0.49	1.18	3.89	4.82	0.00	1.21	1.84	4.22	1.91	3.99	0.00	0.00	3.50	0.41
95.00	9.01	6.90	6.30	0.51	1.91	5.39	6.47	0.00	0.98	0.00	4.60	0.00	3.89	0.00	2.01	4.16	3.33	1.57	0.00	3.71	0.18
96.00	9.00	6.90	6.30	0.81	0.49	4.38	5.41	0.00	0.73	0.99	4.53	0.00	4.47	5.20	4.19	4.23	4.18	0.00	0.00	3.58	0.47
97.00	9.00	6.90	6.30	0.84	4.59	4.70	5.43	0.00	1.08	1.72	4.75	0.01	4.52	1.70	3.91	4.20	3.86	0.00	0.00	3.62	0.54
98.00	9.00	6.89	6.30	0.41	3.73	4.39	3.50	0.02	1.81	0.00	3.56	0.00	4.50	1.31	1.68	4.20	2.26	0.00	0.49	1.67	0.26
99.00	9.01	6.90	6.30	0.57	2.87	5.58	3.90	0.00	0.57	0.75	4.22	0.00	4.51	2.37	2.53	4.12	1.64	0.99	0.00	0.00	0.34
100.00	9.00	6.90	6.30	0.77	5.70	5.55	4.43	0.00	0.49	1.52	4.79	0.00	4.49	1.11	2.17	4.19	1.18	0.00	0.00	0.00	0.48
101.00	9.00	6.90	6.30	1.37	5.70	5.70	0.00	0.24	0.04	0.51	4.78	0.00	4.51	0.31	4.20	4.20	3.53	0.00	0.00	2.57	0.82
102.00	9.00	6.90	6.30	0.00	5.70	5.70	0.99	0.00	0.00	0.49	4.80	0.00	4.50	0.06	4.20	4.20	4.20	0.00	0.00	0.00	0.00
103.00	9.01	6.90	6.30	1.51	5.69	5.69	0.00	0.00	2.41	4.71	4.64	0.00	4.50	1.78	3.96	4.19	4.19	0.00	0.00	0.00	0.87
104.00	9.00	6.90	6.30	0.02	5.71	5.71	0.49	0.00	1.10	0.00	2.96	0.00	4.50	2.99	3.30	4.20	4.00	2.65	0.00	0.49	0.04
105.00	9.00	6.90	6.30	0.47	5.70	5.68	0.49	0.00	3.70	0.00	4.64	0.32	4.43	0.00	4.16	4.20	4.19	0.00	1.20	0.00	0.28
106.00	9.00	6.90	6.30	0.00	2.97	2.26	3.24	0.00	3.34	0.00	1.93	2.61	3.94	1.64	3.51	1.37	2.61	3.51	1.59	0.49	0.00
107.00	9.01	6.90	6.30	0.00	1.45	4.27	5.38	0.00	1.48	1.30	3.45	4.00	4.51	0.14	1.04	4.62	3.09	3.89	0.00	1.34	0.00
108.00	9.00	6.90	6.30	2.56	5.71	1.31	5.42	0.00	0.00	3.56	2.59	1.53	4.49	1.25	0.53	4.20	4.20	3.73	3.64	3.62	0.00
109.00	9.00	6.90	6.30	1.88	3.78	4.03	5.41	0.00	0.52	3.20	0.47	3.01	4.51	0.06	1.98	3.98	3.89	2.30	3.90	3.42	0.00
110.00	9.01	6.90	6.30	1.07	2.57	4.16	1.73	0.00	0.00	2.10	5.73	0.02	4.02	2.80	4.52	4.20	4.19	2.47	1.00	0.07	0.69
111.00	9.00	6.90	6.30	0.14	3.54	0.37	5.78	0.08	0.12	4.80	3.60	0.49	2.70	0.06	3.40	4.19	2.51	1.64	0.00	0.00	0.07
112.00	9.00	6.90	6.30	0.29	5.52	5.15	3.10	0.00	0.49	4.80	4.80	0.00	4.64	0.09	4.47	4.20	0.00	3.91	3.42	0.00	0.20
113.00	9.00	6.90	6.30	0.58	5.70	5.70	1.48	0.00	0.00	0.06	3.25	0.81	3.69	0.54	3.53	2.03	3.44	0.44	3.09	0.00	0.31
114.00	9.01	6.89	6.30	1.25	5.70	5.70	0.00	0.00	0.00	0.00	4.79	0.00	4.51	1.41	4.20	0.00	4.19	0.00	3.90	0.00	0.74
115.00	9.00	6.90	6.30	1.11	5.70	5.70	0.00	0.00	1.78	0.00	4.59	0.00	4.50	1.19	4.19	0.00	4.19	0.00	2.97	0.00	0.69
116.00	9.00	6.90	6.30	1.11	0.04	5.70	6.21	0.09	1.34	0.00	1.73	0.00	3.42	2.14	3.83	5.10	4.19	0.00	2.67	0.00	0.00
117.00	9.00	6.90	6.30	0.93	0.00	5.70	5.41	0.00	4.92	0.00	4.80	0.00	4.50	4.16	4.09	4.18	3.98	0.00	3.90	0.00	0.00
118.00	9.01	6.90	6.30	1.54	0.00	5.59	5.28	0.00	2.25	0.00	4.73	0.00	4.42	3.47	4.12	4.22	2.86	0.00	3.91	0.00	0.00
119.00	9.00	6.90	6.30	0.27	5.61	5.70	0.00	0.00	0.13	0.00	4.19	0.07	4.36	0.67	2.67	4.20	2.41	1.64	3.89	3.39	0.15
10.2.1.2	9.17	8.13
10.2.1.3	7.03	8.72
10.2.1.4	6.42	8.80
10.1.1.4	1.08	148374.55
10.1.1.5	3.27	87853.12
10.1.1.6	3.76	61447.71
10.1.1.7	3.35	57758.78
10.1.1.8	0.18	908135.59
10.1.1.9	1.19	173766.18
10.1.1.10	1.92	187368.63
10.1.1.11	3.81	26614.58
10.1.1.12	0.27	280984.76
10.1.1.13	4.21	6626.84
10.1.1.14	1.30	137848.77
10.1.1.15	3.68	23980.64
10.1.1.16	3.38	56084.96
10.1.1.17	3.67	20577.94
10.1.1.18	1.73	184866.52
10.1.1.19	1.22	153612.19
10.1.1.20	1.68	153336.52
10.1.1.21	0.42	257528.36
