Waf: Entering directory `/home/synrg-sc1/Desktop/Jiaming/ns-3.29-mesh/build'
Waf: Leaving directory `/home/synrg-sc1/Desktop/Jiaming/ns-3.29-mesh/build'
Build commands will be stored in build/compile_commands.json
'build' finished successfully (4.693s)
CreateVariables () DONE !!!
Creating 12 APs 50.00 m apart.
CreateApNodes () DONE !!!
Creating 0 CLs 20.00 m away from each AP.
CreateClNodes () DONE !!!
CreateNodes () DONE !!!
CreateMeshDevices () DONE !!!
CreateWifiDevices () DONE !!!
CreateCsmaDevices () DONE !!!
CreateDevices () DONE !!!
InstallMeshInternetStack () DONE !!!
InstallWifiInternetStack () DONE !!!
InstallCsmaInternetStack () DONE !!!
InstallInternetStack () DONE !!!
Gateway is connect to AP 0
InstallApplications () DONE !!!
Starting simulation for 40.00 s ...
-------------------------------------------------
Time[s]	ap-0	ap-1	ap-2	ap-3	ap-4	ap-5	ap-6	ap-7	ap-8	ap-9	ap-10	ap-11
2.00	8.00	0.00	3.54	0.22	0.19	0.00	0.00	0.12	1.50	0.00	0.00	0.00
3.00	8.01	0.47	2.48	0.86	5.37	0.00	0.12	3.84	1.15	0.00	0.00	0.00
4.00	8.01	0.20	0.90	0.34	4.30	0.00	1.39	2.19	0.47	0.00	0.20	0.00
5.00	8.02	0.30	1.31	0.24	5.29	0.00	2.03	4.09	0.64	0.00	0.12	0.07
6.00	8.01	0.16	1.34	0.48	4.32	0.07	5.14	3.12	0.55	0.01	0.16	0.22
7.00	8.01	0.19	2.01	0.34	3.81	0.03	6.28	2.62	0.30	0.24	0.21	0.55
8.00	8.02	0.25	2.28	0.29	4.19	0.03	5.46	5.26	1.18	0.55	0.18	0.86
9.00	8.01	0.00	4.21	0.00	4.31	0.00	5.45	4.56	3.11	0.40	0.00	0.67
10.00	8.01	0.00	2.55	0.38	3.72	0.00	5.15	3.26	1.40	0.00	0.00	1.70
11.00	8.02	0.00	0.70	0.36	5.08	0.00	2.39	5.31	0.31	0.00	0.00	0.25
12.00	8.01	0.07	1.36	0.08	3.92	0.09	4.41	4.57	0.26	0.21	0.02	0.38
13.00	8.01	0.22	2.08	1.04	3.95	0.16	3.72	4.18	0.64	0.15	0.02	0.49
14.00	8.02	0.21	1.49	1.53	4.07	0.10	2.84	2.75	0.43	0.00	1.59	0.79
15.00	8.01	0.24	1.73	1.65	3.82	0.13	4.01	3.30	0.45	0.00	2.49	0.77
16.00	8.01	0.15	1.17	1.89	3.83	0.06	3.40	2.81	0.24	0.00	0.39	0.55
17.00	8.02	0.74	1.67	1.54	3.85	0.08	3.65	3.05	0.82	0.22	2.45	0.44
18.00	8.01	0.51	1.64	1.16	5.44	0.00	3.84	3.19	0.75	0.16	2.62	0.91
19.00	8.01	0.43	1.59	0.77	5.44	0.00	3.56	3.10	0.69	0.38	2.29	0.81
20.00	8.01	0.40	1.30	1.62	5.44	0.00	3.52	3.20	0.48	0.20	2.43	0.84
21.00	8.02	0.33	1.39	1.56	5.33	0.00	3.66	2.80	0.51	0.29	2.35	1.26
22.00	8.01	0.18	0.57	1.38	0.57	0.00	5.95	4.63	0.22	0.08	1.80	0.34
23.00	8.01	0.20	1.83	1.55	2.66	0.00	5.37	2.80	0.19	0.18	1.04	0.25
24.00	8.02	0.08	1.02	1.66	2.16	0.00	5.50	2.67	0.08	0.13	0.67	0.35
25.00	8.01	0.08	1.47	1.83	2.77	0.04	5.44	2.95	0.24	0.15	0.73	0.80
26.00	8.01	0.00	1.26	1.95	2.46	0.06	5.44	2.88	0.40	0.27	0.99	0.52
27.00	8.02	0.00	1.30	1.84	4.90	0.08	5.42	3.26	0.53	0.20	0.88	0.39
28.00	8.01	0.00	0.00	0.02	5.44	0.00	5.45	4.81	0.00	0.00	0.00	0.00
29.00	8.01	0.00	0.00	0.88	5.42	0.00	5.44	4.72	0.01	0.00	0.00	0.00
30.00	8.02	0.00	0.00	1.53	5.42	0.00	5.42	4.57	0.00	0.00	0.00	0.00
31.00	8.01	0.00	0.00	0.71	5.27	0.00	5.40	4.53	0.00	0.00	0.28	0.00
32.00	8.01	0.37	1.56	0.70	4.31	0.00	5.49	4.57	0.90	0.00	0.37	0.39
33.00	8.02	0.34	2.38	0.08	4.25	0.06	5.36	4.65	1.31	0.15	0.02	0.85
34.00	8.01	0.00	2.86	0.00	4.20	0.19	5.44	4.57	2.23	0.61	0.00	0.94
35.00	8.01	0.00	3.38	0.00	4.07	0.06	5.45	4.58	2.16	0.81	0.00	1.09
36.00	8.02	0.10	1.99	0.86	3.02	0.01	5.18	3.13	1.30	0.62	2.45	0.66
37.00	8.01	0.07	3.80	0.53	1.89	0.00	4.08	2.36	0.08	0.19	1.99	0.27
38.00	8.01	0.00	4.36	0.53	3.03	0.00	4.39	2.93	0.00	0.00	2.27	0.00
39.00	8.01	0.00	3.32	1.12	4.50	0.00	4.35	3.19	0.00	0.00	2.35	0.00
10.2.1.2	8360.03	8.09
10.1.1.2	192.46	794991.59
10.1.1.3	1937.70	234817.89
10.1.1.4	953.69	446587.62
10.1.1.5	4313.94	75183.52
10.1.1.6	44.01	1307519.92
10.1.1.7	4738.43	63475.92
10.1.1.8	3824.32	83540.94
10.1.1.9	765.67	329982.80
10.1.1.10	211.10	785070.75
10.1.1.11	1008.67	213295.15
10.1.1.12	608.98	524639.62
