Waf: Entering directory `/home/synrg-sc1/Desktop/Jiaming/ns-3.29-mesh/build'
Waf: Leaving directory `/home/synrg-sc1/Desktop/Jiaming/ns-3.29-mesh/build'
Build commands will be stored in build/compile_commands.json
'build' finished successfully (4.747s)
CreateVariables () DONE !!!
Creating 12 APs 50.00 m apart.
CreateApNodes () DONE !!!
Creating 0 CLs 20.00 m away from each AP.
CreateClNodes () DONE !!!
CreateNodes () DONE !!!
CreateMeshDevices () DONE !!!
CreateWifiDevices () DONE !!!
CreateCsmaDevices () DONE !!!
CreateDevices () DONE !!!
InstallMeshInternetStack () DONE !!!
InstallWifiInternetStack () DONE !!!
InstallCsmaInternetStack () DONE !!!
InstallInternetStack () DONE !!!
Gateway is connect to AP 0
InstallApplications () DONE !!!
Starting simulation for 40.00 s ...
-------------------------------------------------
Time[s]	ap-0	ap-1	ap-2	ap-3	ap-4	ap-5	ap-6	ap-7	ap-8	ap-9	ap-10	ap-11
2.00	10.26	0.00	3.63	3.87	0.00	0.00	0.00	0.00	0.00	0.00	3.32	0.00
3.00	10.30	0.07	6.83	6.40	0.00	0.00	5.00	0.00	0.00	0.00	3.31	0.00
4.00	10.30	0.64	6.82	6.79	0.00	0.00	2.64	0.00	0.00	0.00	3.29	0.00
5.00	10.30	0.49	5.87	5.24	0.00	0.00	2.91	0.04	0.92	1.83	2.57	0.00
6.00	10.30	0.20	7.81	6.47	0.00	0.00	6.10	0.04	0.40	4.35	3.54	0.00
7.00	10.30	0.11	4.45	6.64	0.79	0.00	4.44	0.02	0.00	4.56	2.85	0.00
8.00	10.30	0.13	4.19	4.68	1.85	0.00	1.72	0.00	0.00	3.29	3.03	0.00
9.00	10.30	1.73	3.39	4.50	1.81	0.00	2.63	0.26	0.00	1.84	3.26	0.08
10.00	10.31	1.52	2.46	4.37	1.24	0.00	2.16	0.33	0.00	2.31	3.43	0.08
11.00	10.30	1.21	3.05	5.85	1.64	0.00	1.98	0.30	0.00	0.91	1.71	0.03
12.00	10.30	0.00	4.35	5.06	2.26	0.00	4.94	0.00	0.00	0.00	3.14	0.00
13.00	10.30	0.00	7.04	6.73	0.00	0.00	5.45	0.00	0.00	0.00	3.43	0.00
14.00	10.30	0.00	7.52	6.58	0.00	0.00	5.41	0.00	0.00	0.00	3.23	0.00
15.00	10.30	0.04	5.23	5.44	0.00	0.00	4.44	0.00	0.00	0.00	3.64	0.01
16.00	10.30	1.57	4.14	6.41	1.08	0.00	2.37	0.25	0.00	0.00	3.44	0.15
17.00	10.30	1.30	4.83	6.17	3.90	0.00	4.44	0.01	0.00	0.00	3.39	0.02
18.00	10.31	2.72	3.60	6.99	2.34	0.00	5.19	0.00	0.00	0.00	3.47	0.00
19.00	10.30	1.82	2.79	5.45	1.15	0.00	4.84	0.27	0.00	0.00	3.44	0.21
20.00	10.30	2.49	3.39	6.03	1.62	0.00	4.63	0.45	0.00	0.00	3.43	0.00
21.00	10.30	3.37	3.89	3.94	0.00	0.00	3.27	0.53	0.00	0.00	3.44	0.16
22.00	10.30	0.30	7.12	7.01	6.11	0.00	0.93	0.00	0.00	0.00	3.44	0.00
23.00	10.30	0.00	6.68	6.22	5.86	0.00	2.09	0.00	0.00	0.00	3.44	0.00
24.00	10.30	0.00	5.40	6.92	4.17	0.00	6.17	0.00	0.00	0.00	3.44	0.00
25.00	10.30	0.00	5.94	6.56	4.73	0.00	5.32	0.00	0.00	0.00	3.39	0.00
26.00	10.30	0.00	7.28	6.61	6.27	0.00	3.34	0.00	0.00	0.00	3.47	0.00
27.00	10.31	2.12	3.01	5.91	1.99	0.00	3.11	0.40	0.00	0.00	3.40	0.00
28.00	10.30	1.35	2.80	5.37	1.08	0.00	3.43	0.29	0.00	0.00	3.38	0.00
29.00	10.30	2.65	3.49	6.77	0.70	0.00	1.76	0.49	0.00	0.00	3.50	0.11
30.00	10.30	2.85	3.47	5.44	0.00	0.00	5.36	0.58	0.00	0.00	3.44	0.13
31.00	10.30	3.19	4.81	7.13	0.00	0.00	5.85	0.28	0.00	0.00	3.44	0.12
32.00	10.30	0.00	7.77	6.58	0.00	0.00	5.44	0.00	0.00	0.00	3.44	0.01
33.00	10.30	0.00	5.75	5.04	2.80	0.00	3.96	0.00	0.00	0.00	3.18	0.00
34.00	10.30	0.00	7.75	6.31	5.47	0.00	1.55	0.00	0.00	0.00	3.66	0.00
35.00	10.31	0.10	6.81	6.60	2.34	0.00	5.28	0.01	0.00	0.00	3.17	0.00
36.00	10.30	0.07	6.57	6.22	6.75	0.00	0.06	0.00	0.00	0.00	3.41	0.00
37.00	10.30	0.17	7.46	6.15	0.54	0.00	2.37	0.06	0.00	0.00	3.45	0.00
38.00	10.30	0.00	5.63	3.78	3.14	0.00	2.54	0.01	0.00	0.00	3.44	0.00
39.00	10.30	1.45	2.77	4.38	3.01	0.00	2.39	0.19	0.00	0.00	3.31	0.00
10.2.1.2	10748.28	8.13
10.1.1.2	990.90	235656.25
10.1.1.3	5417.21	104603.36
10.1.1.4	6111.99	52506.66
10.1.1.5	2361.76	131753.82
10.1.1.6	0	0
10.1.1.7	3811.82	129774.20
10.1.1.8	154.45	633557.13
10.1.1.9	1950.62	515278.29
10.1.1.10	3265.24	134671.69
10.1.1.11	3462.56	41559.24
10.1.1.12	38.47	1018233.71
