Waf: Entering directory `/home/synrg-sc1/Desktop/Jiaming/ns-3.29-mesh/build'
Waf: Leaving directory `/home/synrg-sc1/Desktop/Jiaming/ns-3.29-mesh/build'
Build commands will be stored in build/compile_commands.json
'build' finished successfully (4.748s)
CreateVariables () DONE !!!
Creating 19 APs 50.00 m apart.
CreateApNodes () DONE !!!
Creating 0 CLs 20.00 m away from each AP.
CreateClNodes () DONE !!!
CreateNodes () DONE !!!
CreateMeshDevices () DONE !!!
CreateWifiDevices () DONE !!!
CreateCsmaDevices () DONE !!!
CreateDevices () DONE !!!
InstallInternetStack () DONE !!!
Gateway is connect to AP 0
InstallApplications () DONE !!!
Starting simulation for 80.00 s ...
-------------------------------------------------
Time[s]	ap-0	ap-1	ap-2	ap-3	ap-4	ap-5	ap-6	ap-7	ap-8	ap-9	ap-10	ap-11	ap-12	ap-13	ap-14	ap-15	ap-16	ap-17	ap-18
2.00	0.00	0.00	0.00	0.00	0.00	0.00	0.00	0.00	0.00	0.00	0.00	0.00	0.00	0.00	0.00	0.00	0.00	0.00	0.00
3.00	5.48	5.25	0.00	0.00	0.00	0.00	0.00	0.00	0.00	0.00	0.00	0.00	0.00	0.00	0.00	0.00	0.00	0.00	0.00
4.00	7.50	7.21	0.00	0.00	0.00	0.00	0.00	0.00	0.00	0.00	0.00	0.00	0.00	0.00	0.00	0.00	0.00	0.00	0.00
5.00	7.50	7.20	0.04	0.04	1.28	0.94	0.04	2.26	1.35	0.15	2.31	0.04	0.49	0.82	1.17	0.07	0.04	0.39	0.45
6.00	7.50	7.21	0.64	0.00	0.08	2.92	1.33	4.38	0.99	0.79	0.82	0.27	0.69	3.43	3.43	0.00	0.92	0.51	0.47
7.00	7.50	7.20	0.98	1.17	1.13	0.34	2.00	3.56	2.30	0.20	0.62	0.37	0.84	3.72	4.19	0.00	3.34	0.13	0.58
8.00	7.50	7.20	0.99	5.23	0.79	1.68	3.74	3.59	3.60	0.00	1.61	0.21	1.31	2.40	3.99	0.00	2.28	1.04	0.68
9.00	7.50	7.21	0.75	1.81	0.99	0.78	2.59	1.51	0.78	0.00	0.02	0.78	0.07	0.31	1.22	0.01	0.57	0.53	0.01
10.00	7.49	7.20	0.39	3.73	0.44	2.66	5.32	6.25	0.99	1.13	1.41	0.11	1.12	1.85	5.04	1.86	1.02	0.08	0.00
11.00	7.50	7.21	4.82	2.04	0.00	0.00	3.62	4.31	0.58	0.00	1.11	0.46	0.52	3.64	3.46	0.00	0.72	0.00	0.16
12.00	7.50	7.20	3.92	3.03	0.00	4.75	1.08	2.51	0.71	1.47	2.01	0.87	0.00	4.51	4.20	3.42	3.58	2.52	0.21
13.00	7.50	7.20	0.00	5.15	0.00	0.91	1.59	4.93	3.23	1.12	2.63	1.79	0.27	2.86	2.43	0.88	3.26	0.72	0.61
14.00	7.50	7.21	1.41	6.59	0.00	2.12	4.84	5.36	3.38	0.00	2.77	3.77	0.68	4.46	4.20	1.11	0.81	1.51	1.39
15.00	7.50	7.20	3.83	4.19	0.00	1.65	3.57	3.96	4.15	0.87	0.75	0.91	0.00	3.72	4.16	0.67	3.80	2.38	1.10
16.00	7.50	7.21	0.79	3.72	0.00	1.10	3.26	3.42	1.47	1.77	3.09	1.91	1.33	3.67	3.39	1.20	3.90	0.48	0.47
17.00	7.50	7.20	1.74	5.06	0.00	0.57	2.06	4.83	0.02	0.04	1.44	2.16	0.18	3.92	3.91	1.99	3.06	2.36	0.00
18.00	7.50	7.21	0.52	2.20	0.00	0.18	4.45	5.35	0.00	1.34	1.92	0.26	1.17	2.93	3.67	0.92	3.30	1.21	0.00
19.00	7.49	7.20	0.94	2.36	0.00	0.12	3.74	4.73	3.11	1.04	1.67	3.54	0.06	3.60	4.07	0.38	0.73	0.12	0.77
20.00	7.50	7.20	1.83	6.71	0.00	1.40	2.65	5.38	5.04	0.11	0.85	2.40	0.01	0.00	3.67	1.63	1.63	0.00	1.48
21.00	7.50	7.21	2.90	1.59	0.08	1.25	1.46	3.33	2.51	0.02	0.29	0.04	0.19	2.60	1.41	2.11	0.71	0.08	0.81
22.00	7.50	7.20	1.70	1.40	1.25	0.21	6.50	5.38	2.06	1.04	0.72	0.07	0.00	1.38	4.49	0.86	4.37	0.81	1.04
23.00	7.50	7.21	1.44	3.09	1.24	0.00	2.39	2.32	1.84	1.65	0.88	0.85	0.00	3.09	3.34	0.08	2.85	0.47	0.25
24.00	7.50	7.20	0.31	1.18	0.04	0.54	4.12	4.66	3.01	0.00	1.42	0.00	1.27	3.84	4.22	0.34	3.53	0.14	0.55
25.00	7.50	7.20	2.97	1.28	1.38	0.77	0.41	4.69	1.71	0.93	1.47	0.73	0.02	4.37	4.19	0.01	2.66	1.20	0.08
26.00	7.50	7.21	0.89	1.14	0.00	4.40	1.55	5.12	3.38	0.00	0.14	0.39	0.19	4.10	2.57	0.79	3.90	0.00	0.00
27.00	7.50	7.20	0.02	3.32	0.00	1.30	0.78	4.13	3.10	0.00	1.95	0.00	0.06	3.07	3.89	0.49	3.87	0.33	0.14
28.00	7.49	7.21	0.21	0.00	0.00	2.63	2.46	3.97	1.85	1.50	0.21	1.28	0.06	2.87	3.36	0.41	3.90	0.00	0.09
29.00	7.50	7.20	0.05	5.18	0.00	2.57	1.71	5.38	2.51	0.15	0.62	0.47	0.22	0.75	4.18	0.09	3.72	0.00	0.21
30.00	7.50	7.20	0.00	1.73	0.00	0.01	0.68	3.86	3.12	0.00	2.93	1.71	0.15	1.14	2.70	0.46	2.96	1.87	0.61
31.00	7.50	7.21	2.32	2.05	0.00	1.93	4.32	5.41	1.45	0.01	2.63	1.22	1.25	0.92	4.16	2.78	2.48	1.10	0.12
32.00	7.50	7.20	0.66	4.83	0.00	0.00	1.31	4.92	1.63	0.02	1.95	2.10	0.00	2.50	3.06	0.60	3.26	0.24	1.05
33.00	7.50	7.21	2.86	3.64	0.18	0.48	0.66	5.37	4.99	0.69	1.84	3.74	0.08	5.02	3.92	1.64	2.03	0.95	0.95
34.00	7.50	7.20	0.00	3.56	0.00	1.58	4.42	5.06	4.84	0.28	0.13	1.13	0.00	4.50	3.63	1.93	3.42	0.24	0.29
35.00	7.50	7.21	1.08	1.85	0.00	1.01	2.73	3.87	1.99	0.51	2.80	0.00	0.00	2.08	3.91	0.32	1.38	0.74	0.00
36.00	7.50	7.20	1.98	1.42	0.00	0.99	2.89	2.74	2.33	0.00	2.04	0.91	0.00	1.17	2.43	0.15	2.78	0.13	0.21
37.00	7.49	7.20	2.19	6.52	0.00	0.49	1.58	4.63	3.09	0.00	2.40	1.60	0.00	5.00	3.07	1.20	2.47	2.68	0.99
38.00	7.50	7.21	4.35	3.37	0.00	1.14	4.00	5.06	2.36	1.31	0.88	3.52	0.02	2.61	3.13	1.67	3.05	1.20	0.08
39.00	7.50	7.20	0.98	6.96	2.05	1.45	0.28	5.42	2.51	0.61	0.25	1.74	0.24	3.97	4.16	0.15	1.21	2.56	1.02
40.00	7.50	7.21	0.81	1.81	5.24	2.47	2.80	5.16	1.47	0.21	0.00	1.78	0.02	4.03	3.86	0.22	2.25	0.49	0.40
41.00	7.50	7.20	0.49	3.19	1.77	0.69	0.29	2.50	0.61	0.94	2.26	0.95	1.07	1.24	2.99	1.01	3.45	0.05	0.49
42.00	7.50	7.20	4.23	4.20	0.00	1.20	1.00	5.75	1.58	0.79	3.91	1.00	1.81	2.80	4.13	1.18	0.81	1.20	1.11
43.00	7.50	7.21	1.02	2.98	0.00	1.41	2.65	5.32	3.82	0.25	1.83	0.94	0.55	2.84	4.13	0.92	3.07	0.53	0.46
44.00	7.50	7.20	1.71	5.02	0.00	0.77	2.20	5.13	3.66	0.49	2.39	2.59	0.01	2.77	2.99	0.21	3.76	0.84	0.82
45.00	7.50	7.21	0.49	6.25	0.34	0.02	3.11	3.65	3.17	0.00	2.68	0.41	0.95	3.43	1.32	1.92	3.58	1.02	0.00
46.00	7.49	7.20	0.45	4.97	0.00	0.53	3.64	5.77	4.00	0.00	0.71	2.06	0.97	3.21	2.92	0.64	3.82	0.08	1.50
47.00	7.50	7.21	0.04	1.46	0.00	3.25	4.04	2.76	1.73	0.00	0.01	1.19	1.01	1.51	4.11	1.50	3.89	3.49	0.93
48.00	7.50	7.20	1.75	4.09	0.00	1.37	4.05	5.23	1.87	0.00	1.32	0.00	1.08	4.25	4.20	1.68	3.91	1.13	1.37
49.00	7.50	7.20	0.65	3.94	0.00	1.66	3.12	3.96	1.74	0.00	0.61	0.00	0.97	2.19	4.00	2.48	3.77	1.64	0.19
50.00	7.50	7.21	1.39	2.12	0.00	0.68	5.04	4.33	2.79	0.80	0.33	0.08	0.92	1.84	2.19	1.99	1.11	0.00	1.25
51.00	7.50	7.20	0.89	2.50	0.00	0.47	3.17	3.52	1.31	1.34	0.00	1.93	0.48	2.18	2.18	0.74	3.87	0.00	0.38
52.00	7.50	7.21	1.97	4.24	0.00	2.94	4.44	4.95	3.11	0.72	0.26	0.57	0.05	3.45	5.22	0.16	3.76	0.80	1.02
53.00	7.50	7.20	1.78	6.16	0.49	0.26	2.39	5.02	3.01	0.49	1.21	0.45	0.00	3.24	3.63	2.08	0.53	0.00	0.55
54.00	7.50	7.20	0.00	4.93	1.07	0.18	3.53	4.86	1.59	0.15	4.31	0.52	2.41	4.09	4.17	0.49	4.02	0.06	0.01
55.00	7.49	7.21	0.84	3.92	0.00	1.13	1.63	3.98	2.31	0.00	1.55	1.77	1.41	3.80	3.79	2.87	2.92	0.45	0.16
56.00	7.50	7.20	0.00	2.14	0.00	2.60	0.65	4.86	2.92	0.73	2.01	0.07	1.02	3.47	4.20	2.31	3.62	1.33	0.08
57.00	7.50	7.21	0.68	2.14	1.07	1.10	1.12	2.61	2.51	0.04	0.99	0.99	0.98	1.48	1.55	1.18	1.79	0.49	0.39
58.00	7.50	7.20	0.81	2.63	2.50	0.99	2.18	3.16	3.51	0.00	4.06	3.23	0.00	3.73	4.03	1.71	3.50	1.17	0.38
59.00	7.50	7.20	1.07	0.52	0.00	2.34	4.37	5.43	3.59	0.08	2.70	1.21	0.49	2.96	2.91	2.01	3.01	1.34	0.00
60.00	7.50	7.21	0.01	6.31	0.00	0.45	1.33	1.46	1.46	0.07	2.58	1.05	0.00	2.89	1.55	0.77	3.90	2.03	0.65
61.00	7.50	7.20	3.87	3.79	0.00	0.67	2.16	5.58	1.97	0.00	0.98	1.12	1.64	3.85	4.03	0.00	0.59	0.00	0.69
62.00	7.50	7.21	1.81	6.59	0.00	1.63	0.94	5.39	1.27	1.42	1.90	1.13	0.00	3.85	3.66	0.00	0.78	0.07	1.48
63.00	7.50	7.20	1.80	2.86	0.00	0.85	1.50	5.20	4.04	0.95	1.15	2.39	0.00	2.50	3.60	2.17	2.11	1.20	0.87
64.00	7.49	7.21	0.06	5.17	0.00	0.92	4.57	4.25	1.38	0.31	1.48	2.90	0.42	3.84	4.20	0.57	2.96	1.18	1.42
65.00	7.50	7.20	1.52	1.51	0.44	0.00	3.23	5.39	3.98	0.00	0.00	1.79	0.02	3.52	3.04	0.61	3.72	0.00	0.87
66.00	7.50	7.20	1.21	4.49	0.25	0.73	4.05	4.15	2.17	0.99	1.42	0.02	0.38	3.62	3.62	0.49	1.04	0.84	0.80
67.00	7.50	7.21	0.00	5.94	0.02	0.75	4.05	0.98	2.52	0.84	2.44	2.17	0.00	4.42	2.96	0.00	3.51	0.51	0.66
68.00	7.50	7.20	0.72	6.10	0.00	0.32	5.61	3.34	3.33	1.57	2.12	2.26	0.00	2.93	1.51	1.63	4.11	0.00	0.00
69.00	7.50	7.21	0.79	3.36	3.54	2.19	4.83	2.64	0.49	0.18	3.17	0.09	0.72	4.79	3.40	1.00	2.99	2.70	0.01
70.00	7.50	7.20	0.82	1.40	5.99	1.22	5.45	3.46	4.05	1.97	0.16	5.25	2.26	2.70	4.20	0.00	2.27	2.59	0.00
71.00	7.50	7.20	0.99	3.32	4.58	0.48	1.78	4.03	2.80	0.49	0.99	1.39	0.68	4.10	4.19	0.33	2.39	0.07	0.00
72.00	7.50	7.21	0.00	1.71	2.90	1.48	1.06	2.01	3.05	0.33	2.85	2.03	0.84	4.50	2.44	0.93	4.29	1.68	0.74
73.00	7.49	7.20	0.44	3.76	3.57	0.00	2.65	2.03	2.23	1.20	2.36	2.12	1.61	3.18	2.92	1.50	3.46	0.00	1.35
74.00	7.50	7.21	1.21	4.95	5.06	2.10	3.53	3.71	3.98	1.79	0.00	1.44	0.00	3.27	3.44	1.93	1.52	0.00	1.11
75.00	7.50	7.20	0.99	4.51	0.52	2.98	2.19	1.18	0.00	0.15	0.00	1.54	1.63	4.38	4.20	1.85	3.57	0.47	0.33
76.00	7.50	7.20	0.68	6.61	1.78	1.39	3.90	2.81	5.28	0.66	0.68	0.79	0.00	4.16	3.29	0.00	3.32	0.88	1.10
77.00	7.50	7.21	0.00	2.04	1.13	0.99	4.42	4.17	4.98	0.52	0.80	1.08	2.26	3.77	3.92	0.00	0.77	1.32	0.05
78.00	7.50	7.20	0.00	4.16	3.34	0.71	5.66	5.41	5.10	0.91	1.33	0.00	1.14	4.36	4.20	0.00	2.23	0.19	0.00
79.00	7.50	7.21	0.67	1.39	0.35	1.38	2.06	4.19	4.09	1.13	1.01	3.40	1.38	3.98	3.76	1.95	3.14	0.46	0.00
10.2.1.2	7.64	8.22
10.2.1.3	7.34	8.50
10.1.1.11	1.54	79027.22
10.1.1.5	0.85	95820.71
10.1.1.14	3.19	32750.10
10.1.1.19	0.55	198457.59
10.1.1.6	1.28	112051.39
10.1.1.7	2.91	46913.50
10.1.1.15	3.55	20188.78
10.1.1.3	1.22	167949.83
10.1.1.8	4.27	30964.55
10.1.1.4	3.51	77339.13
10.1.1.16	1.01	155587.31
10.1.1.17	2.76	29806.97
10.1.1.9	2.63	84068.60
10.1.1.10	0.56	219453.55
10.1.1.12	1.36	155635.57
10.1.1.13	0.60	242579.98
10.1.1.18	0.84	216431.93
