Waf: Entering directory `/home/synrg-sc1/Desktop/Jiaming/ns-3.29-mesh/build'
Waf: Leaving directory `/home/synrg-sc1/Desktop/Jiaming/ns-3.29-mesh/build'
Build commands will be stored in build/compile_commands.json
'build' finished successfully (4.850s)
CreateVariables () DONE !!!
Creating 18 APs 50.00 m apart.
CreateApNodes () DONE !!!
Creating 0 CLs 20.00 m away from each AP.
CreateClNodes () DONE !!!
CreateNodes () DONE !!!
CreateMeshDevices () DONE !!!
CreateWifiDevices () DONE !!!
CreateCsmaDevices () DONE !!!
CreateDevices () DONE !!!
InstallInternetStack () DONE !!!
Gateway is connect to AP 0
InstallApplications () DONE !!!
Starting simulation for 80.00 s ...
-------------------------------------------------
Time[s]	ap-0	ap-1	ap-2	ap-3	ap-4	ap-5	ap-6	ap-7	ap-8	ap-9	ap-10	ap-11	ap-12	ap-13	ap-14	ap-15	ap-16	ap-17
2.00	0.00	0.00	0.00	0.00	0.00	0.00	0.00	0.00	0.00	0.00	0.00	0.00	0.00	0.00	0.00	0.00	0.00	0.00
3.00	6.05	5.85	0.00	0.00	0.00	0.00	0.00	0.00	0.00	0.00	0.00	0.00	0.00	0.00	0.00	0.00	0.00	0.00
4.00	8.10	7.81	0.00	0.00	0.00	0.00	0.00	0.00	0.00	0.00	0.00	0.00	0.00	0.00	0.00	0.00	0.00	0.00
5.00	8.10	7.80	0.32	0.00	3.49	1.48	0.34	1.31	0.69	2.50	0.37	3.45	2.77	0.00	0.82	1.05	0.00	0.04
6.00	8.10	7.80	0.49	0.00	4.32	2.59	1.40	0.79	1.91	3.12	0.87	2.57	1.59	2.63	2.11	0.46	1.78	2.19
7.00	8.10	7.81	0.00	2.90	1.79	2.98	0.95	0.00	0.00	4.83	0.00	3.70	2.08	1.34	1.84	0.21	0.07	2.54
8.00	8.09	7.80	0.00	5.94	1.22	1.48	0.79	0.02	3.67	3.99	1.18	3.56	1.87	1.33	1.84	0.91	1.80	2.87
9.00	8.10	7.80	0.34	7.20	0.46	4.22	0.98	0.75	0.95	2.78	0.00	4.45	2.66	1.70	3.66	0.49	1.20	2.83
10.00	8.10	7.81	1.05	6.78	2.28	5.31	0.77	2.66	1.86	4.47	0.00	3.91	0.60	2.51	2.08	0.00	1.90	2.81
11.00	8.10	7.80	0.01	4.72	1.57	4.97	1.11	0.00	0.51	2.94	0.12	4.09	3.52	0.91	3.43	0.25	0.22	3.44
12.00	8.10	7.81	3.18	6.43	3.65	6.02	2.58	3.00	1.53	1.60	2.06	4.47	3.40	1.66	1.66	0.00	0.87	3.30
13.00	8.10	7.80	0.51	6.18	2.27	4.76	2.71	1.33	1.48	0.89	1.45	3.97	2.46	1.67	1.13	0.01	1.39	2.98
14.00	8.09	7.80	1.51	6.30	1.81	6.06	3.20	1.73	0.08	2.66	2.59	3.94	2.41	2.32	2.10	3.10	0.07	2.94
15.00	8.10	7.81	0.27	7.50	0.15	5.32	0.79	1.72	2.92	2.98	0.00	3.37	2.11	2.81	0.69	0.28	0.00	2.08
16.00	8.10	7.80	1.27	6.82	4.56	5.97	0.00	3.92	1.91	4.84	2.20	2.72	1.07	2.19	0.18	0.00	0.00	0.13
17.00	8.10	7.80	0.00	7.18	3.13	6.22	2.58	1.58	2.24	4.95	0.00	4.42	2.44	4.32	0.93	0.15	0.77	1.46
18.00	8.10	7.81	0.00	6.42	4.45	5.31	1.32	1.58	1.14	2.56	4.39	3.53	1.65	0.98	2.34	0.00	1.40	2.11
19.00	8.10	7.80	0.00	5.29	0.49	5.72	2.27	1.66	1.38	2.73	2.93	4.51	1.30	0.00	3.67	1.60	0.00	1.75
20.00	8.09	7.80	0.01	7.78	4.50	6.30	0.95	0.74	1.07	2.83	0.80	3.10	2.96	3.65	1.46	1.97	1.86	2.91
21.00	8.10	7.81	0.00	2.43	3.98	6.16	0.01	0.01	2.43	4.20	2.40	3.09	3.07	0.72	2.21	1.41	3.01	1.45
22.00	8.10	7.80	0.67	3.37	2.10	6.30	1.21	1.70	1.18	3.04	1.25	3.62	3.00	3.12	1.55	0.06	2.70	2.07
23.00	8.10	7.81	0.00	5.46	3.76	5.53	1.74	0.89	4.53	2.99	0.49	2.77	3.54	2.54	0.80	0.54	0.92	2.76
24.00	8.10	7.80	0.00	1.91	1.32	3.51	2.17	3.38	1.68	1.65	4.20	1.20	4.03	0.61	0.49	0.08	2.46	1.86
25.00	8.10	7.80	0.00	3.20	1.98	5.82	1.51	0.55	0.00	1.50	1.20	2.86	2.06	1.21	2.91	1.21	0.58	2.85
26.00	8.09	7.81	0.00	4.16	3.83	5.45	0.55	2.98	2.41	5.46	0.49	3.21	1.99	2.48	0.92	0.02	1.84	1.19
27.00	8.10	7.80	0.99	3.10	1.42	2.98	0.81	1.24	0.26	3.58	0.18	1.63	3.06	2.32	1.31	1.87	1.94	2.58
28.00	8.10	7.80	0.00	4.64	6.21	2.07	0.00	1.70	0.86	2.56	1.35	4.16	3.39	0.49	3.44	1.15	0.68	2.83
29.00	8.10	7.81	0.49	6.12	3.67	5.19	0.08	0.06	0.97	2.96	1.10	4.02	3.97	3.11	0.65	1.87	0.53	2.58
30.00	8.10	7.80	0.06	7.20	6.58	3.64	0.02	1.19	2.34	4.55	0.77	4.06	1.45	0.47	0.89	0.00	0.27	3.09
31.00	8.10	7.80	1.33	2.17	1.68	6.09	0.47	0.29	0.60	2.31	1.15	3.63	2.24	0.00	2.92	0.00	3.49	0.01
32.00	8.10	7.81	0.00	8.29	5.13	6.08	1.67	0.89	2.92	3.29	0.99	4.42	2.92	0.97	2.06	0.60	2.06	4.12
33.00	8.09	7.80	0.11	3.63	1.92	4.26	2.32	0.39	1.63	2.54	1.24	3.26	2.19	0.44	2.31	0.91	1.00	2.76
34.00	8.10	7.81	0.57	6.81	6.45	6.52	1.02	1.88	0.73	5.22	0.09	4.45	3.43	0.99	1.32	1.48	1.65	3.07
35.00	8.10	7.80	0.11	4.17	2.48	4.73	2.43	1.91	1.26	2.96	1.39	4.52	2.11	2.40	0.46	1.07	0.54	2.76
36.00	8.10	7.80	1.38	5.79	0.99	6.32	1.58	0.44	4.92	4.37	1.46	4.29	2.81	3.33	0.85	1.87	0.69	1.98
37.00	8.10	7.81	0.00	3.84	0.00	4.31	0.97	0.57	3.12	3.26	1.14	4.56	3.40	1.66	0.68	1.26	0.87	0.49
38.00	8.10	7.80	0.14	5.62	3.46	4.78	0.72	0.69	3.85	3.82	3.37	4.20	2.23	0.00	0.22	0.00	0.01	2.93
39.00	8.09	7.80	0.49	2.57	4.69	5.73	0.05	1.25	1.70	4.35	1.14	4.33	1.47	0.00	2.41	2.19	0.35	2.13
40.00	8.10	7.81	1.27	0.49	1.94	5.45	0.49	2.06	3.50	5.10	0.32	4.23	4.40	2.64	1.71	0.04	3.60	0.79
41.00	8.10	7.80	0.54	3.59	3.94	3.72	0.07	0.66	1.31	4.07	0.09	3.93	2.08	2.84	0.97	0.98	0.57	2.60
42.00	8.10	7.80	0.00	5.69	2.27	3.21	1.50	0.61	4.17	2.14	1.14	3.13	2.47	2.50	1.73	1.52	1.55	2.54
43.00	8.10	7.81	0.00	1.55	0.65	5.06	0.82	2.47	1.80	3.56	0.59	3.91	3.47	0.49	0.06	0.00	0.59	2.19
44.00	8.10	7.80	0.52	6.30	3.06	4.12	1.27	2.90	3.07	4.27	0.00	4.49	3.79	1.93	0.00	0.80	1.41	0.00
45.00	8.09	7.81	1.13	6.38	1.93	4.49	0.99	0.28	1.92	2.20	0.87	3.86	3.91	0.87	3.00	1.65	0.54	3.89
46.00	8.10	7.80	0.00	4.95	4.13	6.12	0.64	0.05	3.58	4.22	1.24	3.86	2.73	0.00	2.16	0.35	2.71	1.52
47.00	8.10	7.80	0.60	4.05	4.24	5.09	0.20	1.47	3.33	3.37	0.99	4.37	1.57	0.11	0.08	0.00	0.65	2.41
48.00	8.10	7.81	0.09	3.77	2.63	5.03	3.99	0.52	4.82	5.26	3.76	1.78	1.92	2.91	1.73	2.21	1.52	1.12
49.00	8.10	7.80	0.00	4.82	1.60	0.72	0.55	0.94	2.52	3.69	0.80	3.13	1.81	3.31	0.93	0.27	2.33	1.87
50.00	8.10	7.80	0.25	5.77	1.10	2.68	0.04	4.50	4.82	5.11	1.73	3.20	1.14	1.61	0.00	0.11	1.97	0.16
51.00	8.09	7.81	0.00	3.93	3.50	6.08	0.64	0.79	0.51	0.99	0.34	3.66	2.00	2.43	2.00	0.22	1.13	2.76
52.00	8.10	7.80	0.16	7.20	4.26	6.08	2.05	0.60	1.13	2.90	1.55	3.05	1.34	2.25	1.94	1.33	0.58	3.32
53.00	8.10	7.80	0.94	2.25	3.46	4.66	0.00	1.22	1.45	3.96	1.78	3.91	2.41	2.51	1.14	0.82	0.89	1.32
54.00	8.10	7.81	2.40	6.94	3.86	4.22	0.04	2.01	4.18	1.64	0.42	4.39	4.30	2.81	2.01	0.01	0.65	1.26
55.00	8.10	7.80	0.00	5.49	3.34	5.08	0.87	1.28	2.33	0.81	0.49	3.66	1.66	1.19	2.50	1.08	0.25	3.21
56.00	8.10	7.81	2.21	4.57	3.79	4.97	2.00	1.39	3.56	1.12	0.15	2.79	3.79	2.46	0.87	0.06	1.98	2.05
57.00	8.10	7.80	0.00	5.66	1.68	3.70	0.00	1.55	0.53	3.96	0.00	3.26	2.79	1.93	0.24	0.19	0.49	2.74
58.00	8.09	7.80	0.49	3.72	4.06	5.00	0.00	0.27	1.67	2.28	0.00	4.36	4.38	0.40	2.39	0.79	3.06	2.92
59.00	8.10	7.81	0.00	6.77	1.04	6.29	3.58	0.00	1.22	5.08	0.13	4.43	2.86	0.00	3.65	0.00	1.93	3.20
60.00	8.10	7.80	0.00	6.81	0.92	5.55	0.21	1.84	2.17	3.01	0.00	4.43	3.56	0.49	0.38	1.21	1.15	2.76
61.00	8.10	7.80	0.46	3.40	2.79	5.55	2.32	0.11	3.99	4.03	0.72	2.58	2.13	1.65	0.00	0.05	0.20	3.16
62.00	8.10	7.81	0.60	5.52	0.06	6.03	0.48	0.12	4.03	2.73	1.61	2.93	3.89	2.68	1.19	0.46	0.78	3.17
63.00	8.10	7.80	2.37	4.72	2.56	5.88	0.54	0.84	3.67	5.31	1.27	3.83	2.66	0.99	0.32	0.02	0.20	2.41
64.00	8.09	7.80	0.71	7.20	4.50	3.58	2.06	1.78	1.00	3.27	2.66	4.36	3.91	3.30	1.73	1.97	2.50	3.64
65.00	8.10	7.81	0.00	4.37	4.59	4.33	0.78	0.91	1.78	2.20	0.49	4.29	2.32	2.07	2.10	0.61	0.01	1.88
66.00	8.10	7.80	0.01	4.03	2.26	6.11	1.26	0.00	2.31	0.00	0.38	4.32	3.24	2.31	3.77	2.99	1.12	2.84
67.00	8.10	7.81	0.48	3.99	1.88	5.63	1.41	1.24	2.93	4.96	0.97	2.86	2.96	2.94	3.53	1.24	1.53	2.67
68.00	8.10	7.80	0.08	4.13	5.52	5.09	1.53	2.64	1.64	2.86	2.41	4.43	1.72	3.16	1.61	2.83	1.40	2.90
69.00	8.10	7.80	0.40	5.45	4.53	3.24	1.99	0.11	1.24	2.64	0.55	4.09	0.58	0.88	1.58	0.47	0.15	0.72
70.00	8.09	7.81	0.80	0.86	0.61	4.47	1.68	0.00	0.60	2.32	0.52	1.73	1.44	0.99	2.50	0.15	1.20	2.16
71.00	8.10	7.80	0.62	2.77	2.80	4.37	0.06	2.67	3.58	4.51	0.68	3.29	2.26	3.98	1.87	1.18	0.74	1.75
72.00	8.10	7.80	1.98	4.80	2.83	6.30	2.96	1.31	2.89	5.09	0.51	3.83	4.25	1.39	1.30	0.66	3.17	2.57
73.00	8.10	7.81	0.94	0.00	0.80	4.07	2.89	0.59	2.10	0.28	1.85	3.86	0.91	0.31	1.54	0.00	0.99	1.08
74.00	8.10	7.80	0.00	1.08	3.98	4.09	0.98	1.44	1.53	5.18	2.31	3.36	3.03	2.52	1.91	0.91	3.58	3.30
75.00	8.10	7.80	1.67	5.99	0.86	3.45	1.79	0.34	1.73	3.94	0.00	4.24	1.86	2.64	1.98	1.75	2.03	2.65
76.00	8.09	7.81	0.05	3.37	2.03	5.05	0.00	1.27	2.16	2.74	0.64	2.92	1.77	0.31	2.38	0.52	0.94	2.11
77.00	8.10	7.80	0.22	5.82	2.00	4.33	1.79	0.38	1.80	0.92	0.32	4.37	2.85	1.66	1.97	0.57	0.18	2.66
78.00	8.10	7.81	0.00	7.20	2.12	6.30	0.51	1.51	4.27	5.50	1.14	4.38	4.51	1.70	4.58	1.39	1.55	2.83
79.00	8.10	7.80	1.71	2.52	2.51	5.28	0.64	0.98	3.04	1.52	0.60	3.51	3.84	1.04	1.70	1.22	0.59	0.88
10.2.1.3	7.95	8.63
10.2.1.2	8.25	8.27
10.1.1.3	0.54	264227.07
10.1.1.5	2.87	57254.38
10.1.1.18	2.32	66374.22
10.1.1.6	4.95	26904.23
10.1.1.7	1.21	136875.34
10.1.1.8	1.24	127120.41
10.1.1.9	2.21	85942.61
10.1.1.10	3.34	52083.26
10.1.1.11	1.14	170043.72
10.1.1.12	3.75	19569.86
10.1.1.13	2.68	44858.70
10.1.1.14	1.82	155105.18
10.1.1.15	1.70	119395.07
10.1.1.16	0.83	185752.30
10.1.1.17	1.26	115170.00
10.1.1.4	4.86	48260.77
