Waf: Entering directory `/home/synrg-sc1/Desktop/Jiaming/ns-3.29-mesh/build'
Waf: Leaving directory `/home/synrg-sc1/Desktop/Jiaming/ns-3.29-mesh/build'
Build commands will be stored in build/compile_commands.json
'build' finished successfully (4.838s)
CreateVariables () DONE !!!
Creating 21 APs 50.00 m apart.
CreateApNodes () DONE !!!
Creating 0 CLs 20.00 m away from each AP.
CreateClNodes () DONE !!!
CreateNodes () DONE !!!
CreateMeshDevices () DONE !!!
CreateWifiDevices () DONE !!!
CreateCsmaDevices () DONE !!!
CreateDevices () DONE !!!
InstallInternetStack () DONE !!!
Gateway is connect to AP 0
InstallApplications () DONE !!!
Starting simulation for 80.00 s ...
-------------------------------------------------
Time[s]	ap-0	ap-1	ap-2	ap-3	ap-4	ap-5	ap-6	ap-7	ap-8	ap-9	ap-10	ap-11	ap-12	ap-13	ap-14	ap-15	ap-16	ap-17	ap-18	ap-19	ap-20
2.00	0.00	0.00	0.00	0.00	0.00	0.00	0.00	0.00	0.00	0.00	0.00	0.00	0.00	0.00	0.00	0.00	0.00	0.00	0.00	0.00	0.00
3.00	4.03	4.04	0.00	0.00	0.00	0.00	0.00	0.00	0.00	0.00	0.00	0.00	0.00	0.00	0.00	0.00	0.00	0.00	0.00	0.00	0.00
4.00	8.10	8.10	0.00	0.00	0.00	0.00	0.00	0.00	0.00	0.00	0.00	0.00	0.00	0.00	0.00	0.00	0.00	0.00	0.00	0.00	0.00
5.00	8.10	8.10	0.62	0.00	0.00	2.50	0.62	2.39	2.05	0.04	0.02	2.13	0.00	0.53	0.00	0.29	1.46	1.18	0.18	1.48	0.26
6.00	8.10	8.10	1.00	1.44	0.00	4.37	1.83	3.97	1.05	0.71	0.57	4.84	0.04	0.11	0.98	1.80	2.90	2.34	0.18	2.74	1.50
7.00	8.10	8.10	3.10	0.38	2.16	4.90	2.76	4.58	1.52	1.07	0.00	3.65	0.00	0.69	0.22	1.45	3.14	2.61	0.28	1.91	1.58
8.00	8.09	8.09	1.21	0.35	2.78	3.37	2.65	2.47	2.99	1.12	1.30	3.80	0.00	1.37	0.61	0.47	2.67	1.42	0.61	1.87	0.52
9.00	8.10	8.10	0.99	0.29	1.20	2.89	1.47	3.69	1.34	0.00	0.09	4.47	0.00	0.27	0.13	1.01	1.26	1.38	0.12	1.12	1.22
10.00	8.10	8.10	5.15	3.51	1.41	5.18	2.24	2.39	1.30	2.04	1.40	4.82	0.00	0.39	1.18	2.06	1.66	2.90	0.01	2.53	0.51
11.00	8.10	8.10	0.33	0.13	2.66	0.74	2.16	3.09	3.20	0.00	0.79	2.70	0.00	0.58	1.41	1.25	0.05	2.72	0.41	0.14	1.14
12.00	8.10	8.10	1.90	1.63	4.51	2.33	5.10	2.24	0.22	0.00	3.26	5.26	0.00	0.01	0.73	0.31	0.29	0.91	0.51	2.59	1.55
13.00	8.10	8.10	0.00	1.57	0.52	5.23	1.40	2.17	1.93	1.00	1.52	3.57	0.00	0.93	0.00	0.38	1.70	0.97	0.59	1.24	0.75
14.00	8.09	8.09	1.48	0.19	0.00	4.33	4.65	1.60	2.43	0.40	1.57	4.76	0.00	2.45	0.13	1.50	3.29	0.48	0.47	1.80	1.79
15.00	8.10	8.10	0.00	0.00	0.44	2.52	2.64	0.49	0.00	0.12	0.48	3.40	0.00	0.95	0.00	0.18	2.36	0.54	0.86	1.65	1.80
16.00	8.10	8.10	0.01	2.58	3.74	4.40	0.67	0.73	2.80	0.00	0.52	4.75	0.00	1.51	0.00	0.57	2.74	2.52	2.34	0.92	1.78
17.00	8.10	8.10	2.65	1.26	0.99	5.57	1.61	5.68	1.66	1.90	0.00	3.65	0.00	1.59	0.00	0.71	0.26	3.30	0.28	1.46	1.50
18.00	8.10	8.10	1.93	0.57	3.47	4.33	1.26	4.85	1.22	2.04	0.08	3.27	0.00	2.73	0.19	0.05	2.17	3.17	1.92	0.98	0.09
19.00	8.10	8.10	6.01	0.29	0.00	0.67	0.25	4.90	3.43	0.49	2.53	1.61	0.00	2.26	1.35	0.01	1.86	3.30	0.72	0.00	0.78
20.00	8.09	8.09	1.15	0.13	2.38	4.35	0.15	1.07	1.77	0.00	1.75	4.70	0.00	3.23	0.00	1.17	1.57	2.89	0.86	2.25	1.75
21.00	8.10	8.10	1.80	0.15	3.32	2.26	1.95	1.88	1.64	1.26	1.91	2.06	0.00	0.13	0.00	0.73	1.19	2.18	1.18	2.30	0.80
22.00	8.10	8.10	0.00	0.15	6.03	3.13	4.38	4.44	1.94	5.10	2.56	4.26	0.00	2.26	0.00	1.21	4.04	1.67	0.29	2.68	0.25
23.00	8.10	8.10	0.97	1.01	2.94	2.41	0.00	2.68	2.74	1.21	0.66	4.03	0.00	1.08	0.61	0.00	0.61	1.47	0.08	0.32	1.37
24.00	8.10	8.10	1.88	0.05	2.76	4.64	3.45	3.39	2.40	1.26	0.91	3.18	0.00	3.27	0.88	1.51	2.47	0.80	1.47	1.87	1.73
25.00	8.10	8.10	5.06	0.00	2.79	2.52	1.08	4.51	2.84	1.30	0.49	4.80	0.00	2.12	0.00	1.30	1.38	0.71	0.06	2.67	1.72
26.00	8.09	8.09	0.00	0.00	0.00	5.70	3.76	4.51	1.63	3.38	0.04	4.79	0.00	4.20	0.22	0.95	0.00	1.31	0.48	2.67	1.80
27.00	8.10	8.10	0.79	2.65	2.78	2.53	1.97	1.45	3.31	2.44	0.00	3.66	0.00	1.88	0.00	0.28	0.00	1.74	0.00	2.41	1.07
28.00	8.10	8.10	2.11	1.39	4.76	5.70	0.00	4.40	4.07	3.69	0.33	4.37	0.00	4.04	0.15	0.24	0.00	4.26	2.39	2.70	1.41
29.00	8.10	8.10	2.73	0.00	2.23	0.77	0.49	1.34	1.94	2.74	1.30	3.93	0.00	2.84	0.99	0.75	0.19	1.59	0.40	1.22	2.00
30.00	8.10	8.10	2.63	0.05	2.45	3.14	2.65	5.10	3.29	0.48	1.50	3.12	0.00	2.27	1.80	0.54	0.00	2.13	1.86	1.08	1.80
31.00	8.10	8.10	2.53	0.00	1.20	4.30	0.13	3.09	2.01	0.00	0.00	2.07	0.00	0.18	0.08	0.00	0.00	0.00	0.05	1.18	0.15
32.00	8.10	8.10	1.41	0.55	3.17	4.85	1.60	4.72	4.44	0.98	0.00	4.45	0.00	3.91	0.00	2.12	2.19	1.04	0.00	0.42	1.11
33.00	8.09	8.09	0.00	0.39	5.64	4.04	0.66	4.65	3.31	0.00	0.00	3.17	0.00	3.60	0.00	1.74	1.45	0.64	1.18	2.48	1.75
34.00	8.10	8.10	5.79	0.21	5.57	5.69	1.50	5.10	1.18	2.10	0.00	4.19	0.00	4.19	0.42	1.40	1.02	0.00	0.68	2.64	1.80
35.00	8.10	8.10	3.57	0.00	2.16	2.76	1.21	4.15	0.44	0.00	0.19	4.64	0.42	2.54	1.35	0.00	1.27	1.63	0.07	1.80	1.25
36.00	8.10	8.10	2.27	0.22	1.93	5.12	1.68	2.60	0.55	0.04	0.00	2.84	0.00	1.20	0.58	1.54	1.90	0.84	0.59	2.41	0.35
37.00	8.10	8.10	1.24	0.25	1.10	5.17	0.60	2.65	1.68	0.68	0.00	3.47	0.00	3.11	0.74	0.93	1.78	1.53	0.00	1.33	1.14
38.00	8.10	8.10	3.20	0.72	0.32	4.12	3.44	4.18	2.87	1.90	0.13	3.60	0.00	2.04	0.16	0.65	2.61	3.39	0.22	2.30	1.34
39.00	8.09	8.09	0.60	0.49	0.00	4.56	1.55	2.05	1.46	0.00	0.00	4.79	0.00	1.77	0.00	0.87	1.51	0.97	0.07	1.93	1.45
40.00	8.10	8.10	3.05	0.32	1.75	5.71	3.53	3.90	2.78	0.00	0.00	4.69	0.00	4.13	0.00	0.40	2.05	3.31	0.49	2.41	1.81
41.00	8.10	8.10	0.49	0.00	3.90	3.89	1.00	3.84	3.31	1.14	0.18	2.07	0.00	3.93	0.00	1.54	1.21	1.14	0.05	0.66	1.55
42.00	8.10	8.10	2.92	0.98	1.44	3.14	1.13	3.32	2.45	2.52	0.80	4.80	0.00	0.79	0.32	0.25	1.66	1.47	0.99	1.58	0.35
43.00	8.10	8.10	1.74	0.99	1.41	4.04	1.02	3.20	1.77	1.31	0.16	3.70	0.00	0.19	0.00	0.02	2.77	3.66	0.28	1.48	2.18
44.00	8.10	8.10	1.97	2.32	3.40	5.69	4.98	4.98	0.00	5.09	1.05	4.79	0.00	0.16	1.18	1.63	2.59	2.38	0.00	2.32	1.80
45.00	8.09	8.09	0.49	0.07	3.38	2.68	0.49	3.89	0.68	1.14	0.00	2.78	0.00	1.70	1.18	0.08	3.12	2.76	0.00	2.57	1.80
46.00	8.10	8.10	2.71	0.02	1.44	3.12	3.19	3.71	0.99	0.07	0.59	2.28	0.00	0.80	0.00	1.08	1.27	2.28	0.00	0.66	0.71
47.00	8.10	8.10	0.00	0.00	2.08	1.28	2.34	1.97	2.33	0.26	0.53	1.90	0.00	0.82	0.00	1.81	2.08	3.32	0.00	2.33	1.65
48.00	8.10	8.10	4.75	1.12	1.15	3.89	1.78	2.04	2.40	0.69	0.02	4.69	0.00	2.67	1.31	1.32	0.49	3.30	0.00	0.09	1.67
49.00	8.10	8.10	2.23	0.92	5.00	5.36	1.27	2.11	2.99	4.25	0.00	4.62	0.00	1.07	1.05	0.28	3.11	2.59	0.00	0.71	1.50
50.00	8.10	8.10	1.47	1.15	4.95	1.40	3.34	4.65	3.40	1.74	1.77	3.87	0.00	1.99	0.01	0.08	1.99	2.27	0.00	2.85	1.48
51.00	8.09	8.09	0.91	1.40	1.53	4.52	2.80	1.06	0.47	0.00	1.73	3.60	0.00	1.30	2.76	0.24	1.25	2.20	0.00	1.72	1.90
52.00	8.10	8.10	0.49	1.60	1.98	5.70	4.09	2.31	1.64	0.75	0.47	4.79	0.00	2.74	0.51	0.02	3.30	1.24	0.00	2.51	1.80
53.00	8.10	8.10	0.25	0.51	2.07	5.57	2.19	2.32	1.18	3.37	0.22	4.63	0.00	2.70	0.00	0.00	1.14	1.59	0.00	2.48	1.80
54.00	8.10	8.10	5.83	0.02	1.37	5.70	4.62	5.10	2.48	0.00	0.21	4.80	0.00	1.66	0.05	0.00	1.20	3.19	0.00	2.18	1.80
55.00	8.10	8.10	0.35	0.15	2.10	4.36	2.38	4.06	0.53	0.49	0.00	4.12	0.00	0.00	0.04	1.51	2.72	3.10	0.00	3.20	1.80
56.00	8.10	8.10	0.00	2.08	2.80	3.19	4.18	4.90	0.61	0.00	1.42	4.80	0.00	1.97	0.04	0.78	2.14	3.29	0.00	2.65	1.41
57.00	8.10	8.09	0.00	0.00	2.43	3.33	4.32	4.99	0.54	0.00	0.88	4.71	0.00	0.12	2.83	0.81	3.24	0.68	0.00	2.54	1.65
58.00	8.09	8.10	1.32	1.58	2.54	5.08	1.95	3.63	4.23	0.00	0.04	1.83	0.00	1.17	0.38	0.24	1.67	2.34	0.00	2.31	1.34
59.00	8.10	8.10	0.21	1.20	0.57	5.16	2.06	1.37	0.94	0.00	0.00	4.80	0.00	1.71	1.22	0.05	2.57	1.41	0.00	2.08	1.72
60.00	8.10	8.10	0.33	0.29	0.49	5.70	0.00	3.17	0.00	0.00	1.41	4.79	0.00	0.73	0.45	0.00	3.30	2.25	0.00	2.70	1.80
61.00	8.10	8.10	0.00	0.00	3.87	5.71	2.84	1.73	3.65	0.00	0.18	4.43	0.00	1.95	0.00	1.07	1.21	2.87	0.00	2.70	1.57
62.00	8.10	8.10	3.17	0.02	3.29	4.46	1.12	4.40	4.73	0.99	1.27	4.11	0.00	0.80	0.00	0.06	2.97	2.03	0.00	2.38	1.71
63.00	8.10	8.10	2.80	1.57	1.73	4.30	1.58	3.06	1.55	3.93	0.89	1.80	0.00	1.52	0.04	0.64	2.92	2.28	1.35	1.85	1.44
64.00	8.09	8.09	0.00	1.63	3.13	4.40	3.69	4.63	2.50	1.40	1.83	5.28	0.00	1.47	0.11	1.15	3.29	3.74	2.18	2.72	1.71
65.00	8.10	8.10	0.88	0.98	4.76	4.29	1.33	2.85	1.97	0.00	1.84	2.59	0.00	0.00	0.07	0.57	1.06	1.61	0.00	2.70	1.80
66.00	8.10	8.10	1.55	0.00	3.84	5.56	0.57	1.12	1.12	0.00	1.53	3.36	0.00	0.44	0.00	0.34	1.50	1.45	0.00	2.26	1.83
67.00	8.10	8.10	6.34	2.44	0.64	3.65	0.05	2.38	3.18	0.00	1.63	1.59	0.00	1.34	0.86	0.01	3.25	3.18	0.00	2.54	1.77
68.00	8.10	8.10	0.13	0.00	2.06	4.59	2.19	5.11	2.74	1.30	0.82	3.43	0.00	0.92	0.31	0.64	3.23	2.53	0.00	2.51	1.81
69.00	8.10	8.10	3.51	0.99	2.65	4.33	2.10	4.82	3.17	0.00	1.12	3.77	0.00	0.51	0.20	0.00	2.53	2.73	0.12	2.57	1.18
70.00	8.09	8.09	3.51	0.00	1.83	5.10	0.99	4.20	0.11	0.00	1.21	4.79	0.00	2.86	1.45	0.72	3.20	2.60	0.00	2.65	1.61
71.00	8.10	8.10	1.85	0.68	1.27	4.02	1.66	0.24	2.71	0.00	0.26	3.67	0.00	2.24	0.00	0.54	0.04	2.06	1.68	2.72	1.64
72.00	8.10	8.10	2.47	0.00	1.25	5.68	0.66	2.37	0.61	3.96	1.18	4.76	0.00	3.86	0.09	0.00	2.64	3.29	2.99	2.20	1.80
73.00	8.10	8.10	2.33	0.09	2.20	3.72	3.69	3.38	2.14	0.00	2.31	4.51	0.00	0.24	0.00	1.14	1.38	3.26	0.37	1.58	1.80
74.00	8.10	8.10	0.99	0.27	3.82	5.52	0.15	4.90	5.59	0.49	0.99	4.79	0.00	1.64	0.00	0.25	2.08	2.26	0.00	2.18	1.80
75.00	8.10	8.10	6.12	0.00	0.74	1.64	0.62	0.93	3.72	2.45	0.41	0.84	1.63	0.89	0.00	1.19	0.98	0.06	0.20	0.91	1.59
76.00	8.09	8.09	7.81	0.00	0.00	0.00	0.00	0.00	0.00	0.00	0.00	0.00	0.00	0.00	0.00	0.00	0.00	0.00	0.00	0.00	1.80
77.00	8.10	8.10	1.48	0.00	0.00	0.00	0.00	0.00	0.00	0.00	0.00	0.00	0.00	0.00	0.00	0.00	0.00	0.00	0.00	0.00	1.80
78.00	8.10	8.10	0.00	0.00	0.00	0.00	0.00	0.00	0.00	0.00	0.00	0.00	0.00	0.00	0.00	0.00	0.00	0.00	0.00	0.00	1.80
79.00	8.10	8.10	0.00	0.00	0.00	0.00	0.00	0.00	0.00	0.00	0.00	0.00	0.00	0.00	0.00	0.00	0.00	0.00	0.00	0.00	1.80
10.2.1.2	8.25	8.52
10.2.1.3	8.25	21.86
10.1.1.5	2.43	90240.64
10.1.1.13	0.03	65379.15
10.1.1.19	0.47	201369.97
10.1.1.7	2.04	74553.19
10.1.1.8	3.34	61389.32
10.1.1.9	2.13	79809.27
10.1.1.10	1.12	214830.83
10.1.1.6	4.17	30960.94
10.1.1.3	2.03	128736.60
10.1.1.4	0.72	209432.96
10.1.1.14	1.74	58946.00
10.1.1.11	0.81	175740.21
10.1.1.12	3.93	24494.17
10.1.1.20	2.01	35673.02
10.1.1.16	0.73	145401.14
10.1.1.17	1.90	93440.08
10.1.1.18	2.14	36228.28
10.1.1.15	0.48	332994.85
10.1.1.21	1.49	16375.22
