Waf: Entering directory `/home/synrg-sc1/Desktop/Jiaming/ns-3.29-mesh/build'
Waf: Leaving directory `/home/synrg-sc1/Desktop/Jiaming/ns-3.29-mesh/build'
Build commands will be stored in build/compile_commands.json
'build' finished successfully (4.767s)
CreateVariables () DONE !!!
Creating 14 APs 50.00 m apart.
CreateApNodes () DONE !!!
Creating 0 CLs 20.00 m away from each AP.
CreateClNodes () DONE !!!
CreateNodes () DONE !!!
CreateMeshDevices () DONE !!!
CreateWifiDevices () DONE !!!
CreateCsmaDevices () DONE !!!
CreateDevices () DONE !!!
InstallMeshInternetStack () DONE !!!
InstallWifiInternetStack () DONE !!!
InstallCsmaInternetStack () DONE !!!
InstallInternetStack () DONE !!!
Gateway is connect to AP 0
InstallApplications () DONE !!!
Starting simulation for 40.00 s ...
-------------------------------------------------
Time[s]	ap-0	ap-1	ap-2	ap-3	ap-4	ap-5	ap-6	ap-7	ap-8	ap-9	ap-10	ap-11	ap-12	ap-13
2.00	0.00	0.00	0.00	0.00	0.00	0.00	0.00	0.00	0.00	0.00	0.00	0.00	0.00	0.00
3.00	3.73	0.00	0.00	0.00	0.00	0.00	0.00	0.00	0.00	0.00	0.00	0.00	0.00	0.00
4.00	7.45	0.00	0.00	0.00	0.00	0.00	0.00	0.00	0.00	0.00	0.00	0.00	0.00	0.00
5.00	7.43	5.85	4.53	0.00	0.00	3.75	0.00	3.75	0.00	3.44	0.00	0.00	1.83	0.00
6.00	7.43	6.87	6.58	0.00	0.00	5.44	0.00	5.14	0.00	4.86	0.00	0.00	3.09	0.00
7.00	7.45	6.86	6.58	0.00	0.00	5.44	0.00	5.14	0.00	4.86	0.00	0.00	0.66	0.00
8.00	7.43	6.86	3.49	0.00	0.00	5.44	0.00	4.75	0.00	4.85	0.00	0.00	0.01	0.00
9.00	7.43	6.87	6.58	1.72	0.00	5.44	0.00	5.15	0.00	4.83	0.00	0.00	0.01	0.00
10.00	7.45	6.85	6.56	0.00	0.00	5.44	0.00	5.13	0.00	4.84	0.00	0.00	0.03	0.00
11.00	7.43	6.88	6.60	0.00	0.00	5.44	0.00	5.17	0.00	4.89	0.00	0.00	0.01	0.00
12.00	7.45	6.85	6.57	0.00	0.00	5.44	0.00	5.14	0.00	4.86	0.04	0.00	0.02	0.00
13.00	7.43	6.87	6.58	0.00	0.00	5.37	0.00	5.15	0.02	4.86	0.00	0.00	0.01	0.00
14.00	7.43	6.84	6.52	1.22	0.00	5.44	0.00	5.11	0.00	4.69	0.00	0.00	0.02	0.00
15.00	7.45	6.87	5.50	2.25	0.00	5.44	0.00	4.45	0.00	5.03	0.00	0.00	0.03	0.00
16.00	7.43	5.93	6.38	0.00	0.00	5.44	0.00	5.00	0.00	4.87	4.77	0.00	0.06	0.00
17.00	7.43	6.82	6.50	1.74	0.00	5.42	0.00	5.20	0.00	4.47	4.67	0.00	0.04	0.00
18.00	7.45	6.47	6.85	5.13	0.00	5.44	0.00	5.26	0.00	4.12	4.56	0.00	0.01	0.00
19.00	7.43	4.05	6.52	4.12	0.00	3.17	0.00	5.11	0.00	3.76	2.43	0.00	2.40	0.00
20.00	7.43	5.45	5.83	4.14	0.00	4.87	0.00	5.02	0.00	3.65	3.47	0.00	3.26	0.00
21.00	7.45	6.66	7.39	4.16	0.00	5.99	0.00	5.29	0.00	3.65	0.27	0.00	2.04	0.00
22.00	7.43	7.13	6.58	6.08	0.00	5.44	0.00	5.15	0.00	5.14	0.01	0.00	1.76	0.00
23.00	7.45	6.06	6.58	0.00	0.00	5.44	0.00	4.93	0.00	4.96	0.00	0.00	0.00	0.00
24.00	7.43	6.37	5.90	0.00	0.00	5.42	0.00	1.48	2.06	4.85	3.02	0.00	0.04	0.00
25.00	7.43	4.31	4.39	4.23	0.00	5.44	0.00	3.07	0.81	3.07	2.13	0.00	0.01	0.00
26.00	7.45	4.53	4.60	3.39	0.00	5.40	0.00	2.95	0.00	2.99	2.95	0.00	0.00	0.00
27.00	7.43	4.47	6.10	2.81	0.00	5.47	0.00	4.37	0.00	2.96	1.68	0.00	0.00	0.00
28.00	7.43	7.38	6.57	2.76	0.00	5.44	0.00	5.39	0.00	5.30	0.00	0.00	0.10	0.00
29.00	7.45	3.95	6.59	3.12	0.00	5.44	0.00	5.14	0.00	4.85	0.00	0.00	0.01	0.00
30.00	7.43	0.00	6.58	0.00	0.00	5.44	0.00	5.14	0.00	4.86	0.00	0.00	0.45	0.00
31.00	7.43	0.02	6.58	4.69	0.00	5.44	0.00	5.15	0.00	4.55	0.02	0.00	0.04	0.00
32.00	7.45	0.00	6.57	6.01	0.00	5.44	0.00	5.15	0.00	4.86	0.00	0.00	0.01	0.00
33.00	7.43	3.21	6.58	0.37	0.00	5.44	0.00	5.14	0.00	4.86	0.02	0.00	0.02	0.00
34.00	7.45	6.86	6.58	0.00	0.00	5.44	0.00	5.15	0.00	4.86	0.48	0.00	0.02	0.00
35.00	7.43	6.86	6.58	0.01	0.00	5.45	0.00	5.14	0.00	4.86	0.35	0.00	0.01	0.00
36.00	7.43	6.84	6.57	0.04	0.00	5.35	0.00	5.14	0.00	4.85	0.00	0.00	2.84	0.00
37.00	7.45	6.77	6.59	5.73	0.00	5.53	0.00	5.15	0.01	4.20	0.00	0.00	1.10	0.00
38.00	7.43	6.87	6.52	2.73	0.00	5.28	0.00	5.15	0.00	4.53	0.02	0.00	0.00	0.00
39.00	7.43	6.31	6.40	5.85	0.00	5.58	0.00	5.13	0.00	4.68	1.45	0.00	0.02	0.00
10.2.1.2	7763.22	8.58
10.1.1.5	0	0
10.1.1.10	4746.13	32415.03
10.1.1.11	1233.57	150541.97
10.1.1.2	5963.05	34869.48
10.1.1.4	2605.06	133016.23
10.1.1.8	5086.33	15790.00
10.1.1.9	130.44	159022.02
10.1.1.6	5604.38	14915.62
10.1.1.7	0	0
10.1.1.3	6587.89	17272.94
10.1.1.12	0	0
10.1.1.14	0	0
10.1.1.13	712.33	135358.56
