Waf: Entering directory `/home/synrg-sc1/Desktop/Jiaming/ns-3.29-mesh/build'
Waf: Leaving directory `/home/synrg-sc1/Desktop/Jiaming/ns-3.29-mesh/build'
Build commands will be stored in build/compile_commands.json
'build' finished successfully (4.961s)
CreateVariables () DONE !!!
Creating 23 APs 50.00 m apart.
CreateApNodes () DONE !!!
Creating 0 CLs 20.00 m away from each AP.
CreateClNodes () DONE !!!
CreateNodes () DONE !!!
CreateMeshDevices () DONE !!!
CreateWifiDevices () DONE !!!
CreateCsmaDevices () DONE !!!
CreateDevices () DONE !!!
InstallInternetStack () DONE !!!
Gateway is connect to AP 0
InstallApplications () DONE !!!
Starting simulation for 80.00 s ...
-------------------------------------------------
Time[s]	ap-0	ap-1	ap-2	ap-3	ap-4	ap-5	ap-6	ap-7	ap-8	ap-9	ap-10	ap-11	ap-12	ap-13	ap-14	ap-15	ap-16	ap-17	ap-18	ap-19	ap-20	ap-21	ap-22
2.00	0.00	0.00	0.00	0.00	0.00	0.00	0.00	0.00	0.00	0.00	0.00	0.00	0.00	0.00	0.00	0.00	0.00	0.00	0.00	0.00	0.00	0.00	0.00
3.00	5.53	5.52	5.05	0.00	0.00	0.00	0.00	0.00	0.00	0.00	0.00	0.00	0.00	0.00	0.00	0.00	0.00	0.00	0.00	0.00	0.00	0.00	0.00
4.00	6.90	6.90	6.30	0.00	0.00	0.00	0.00	0.00	0.00	0.00	0.00	0.00	0.00	0.00	0.00	0.00	0.00	0.00	0.00	0.00	0.00	0.00	0.00
5.00	6.90	6.90	6.30	0.00	0.67	0.04	2.10	1.66	0.72	1.28	1.17	0.29	0.61	0.16	1.66	0.57	1.02	1.11	0.65	0.80	0.00	0.04	0.07
6.00	6.90	6.90	6.30	0.00	1.12	0.04	0.00	2.17	0.06	3.17	0.37	0.33	1.27	0.66	1.17	0.14	0.48	2.36	1.17	0.18	0.04	0.04	0.48
7.00	6.90	6.90	6.30	0.00	0.67	0.00	2.70	2.31	0.99	3.26	1.80	0.55	2.93	0.08	2.28	1.42	1.38	1.46	2.14	0.51	0.00	0.00	0.26
8.00	6.90	6.90	6.30	1.60	0.57	0.00	4.93	1.71	1.19	1.06	1.28	2.17	1.20	0.78	1.38	0.49	0.44	2.33	2.07	1.20	0.04	0.42	0.47
9.00	6.90	6.90	6.30	0.02	2.56	0.00	3.20	2.28	1.28	1.47	1.07	0.00	1.59	0.00	1.18	1.48	1.01	1.77	1.18	1.45	0.00	1.37	0.00
10.00	6.90	6.90	6.30	0.49	3.46	0.00	2.63	5.90	2.21	3.71	0.58	1.92	3.92	0.53	2.03	0.67	1.31	2.64	2.05	0.40	0.00	0.81	1.02
11.00	6.90	6.90	6.30	1.95	1.57	0.00	2.47	3.94	0.00	4.13	2.50	1.14	0.93	0.40	1.54	0.15	0.99	2.92	2.31	0.14	0.00	0.00	0.87
12.00	6.90	6.90	6.30	1.74	1.88	0.00	5.64	5.99	3.39	5.41	1.70	0.28	1.35	0.00	1.88	2.60	1.00	3.00	2.40	0.31	0.00	0.00	0.39
13.00	6.90	6.90	6.30	0.01	0.00	0.00	5.13	4.72	0.15	1.93	2.24	0.87	3.99	0.00	1.86	2.33	2.50	2.74	1.11	0.00	0.00	0.53	0.91
14.00	6.90	6.90	6.30	4.75	3.34	0.00	0.99	5.99	2.20	3.45	2.84	0.00	0.34	0.01	1.44	3.01	0.28	1.71	1.17	0.00	0.00	0.00	0.87
15.00	6.90	6.90	6.30	3.79	2.31	0.00	2.20	0.37	1.37	1.48	1.00	0.48	1.41	0.00	1.04	1.73	0.00	0.09	1.01	0.35	0.00	0.91	0.37
16.00	6.90	6.90	6.30	2.45	0.99	0.00	6.01	1.40	3.42	4.40	0.00	0.24	1.84	0.00	2.04	0.12	2.17	0.69	2.40	1.22	0.00	1.50	0.00
17.00	6.89	6.89	6.30	1.79	0.52	0.00	2.89	1.94	2.98	2.61	2.25	0.57	0.99	0.13	1.77	0.00	2.18	2.87	1.07	0.41	0.00	1.27	0.01
18.00	6.90	6.90	6.30	0.16	2.23	0.00	4.76	6.04	0.00	1.77	3.05	1.02	2.79	0.00	2.50	1.73	0.00	1.74	2.14	0.00	0.00	0.97	1.24
19.00	6.90	6.90	6.30	0.00	0.46	0.00	4.66	2.12	0.29	1.65	1.42	1.41	1.99	2.33	1.52	1.78	2.16	1.52	2.38	0.93	0.00	1.28	0.60
20.00	6.90	6.90	6.30	1.94	3.13	0.00	2.24	5.98	0.00	3.23	3.99	0.97	2.94	0.67	1.47	1.25	3.21	2.45	2.41	0.00	0.00	1.51	0.89
21.00	6.90	6.90	6.30	1.26	0.00	0.00	0.64	4.27	2.05	3.49	1.87	0.00	2.68	1.87	0.34	1.18	1.42	0.15	1.54	0.00	0.00	0.19	0.46
22.00	6.90	6.90	6.30	1.58	0.00	0.00	3.94	5.11	4.56	4.51	0.00	1.30	3.74	0.45	0.92	2.00	1.73	1.13	1.95	1.21	0.00	1.05	0.55
23.00	6.90	6.90	6.30	0.00	1.25	0.00	3.42	3.18	1.13	3.79	1.66	0.37	2.83	1.25	2.13	2.34	0.00	1.02	1.06	0.34	0.00	0.49	0.71
24.00	6.90	6.90	6.30	0.73	5.52	0.00	3.10	4.02	2.39	4.17	2.12	2.19	4.50	0.00	3.60	2.18	0.00	3.00	2.37	0.00	0.00	0.07	0.93
25.00	6.90	6.90	6.30	0.26	3.79	0.00	2.40	3.01	4.20	4.10	0.59	0.05	2.18	0.35	1.65	0.91	0.00	0.86	0.52	1.13	0.00	0.20	0.19
26.00	6.90	6.90	6.30	0.59	0.82	0.00	4.30	5.59	0.86	1.68	1.19	4.43	0.00	1.95	3.30	1.54	0.73	0.00	2.50	2.46	0.00	0.13	0.66
27.00	6.90	6.90	6.30	3.49	3.63	0.00	2.30	1.71	2.13	2.85	3.62	1.39	2.19	0.00	1.86	3.12	0.00	0.24	2.17	0.45	0.00	0.00	0.91
28.00	6.90	6.90	6.30	1.01	5.49	0.00	6.39	1.77	0.06	0.58	0.87	0.27	4.50	0.07	0.39	1.85	1.40	3.13	2.24	0.45	0.00	1.65	0.75
29.00	6.90	6.90	6.30	1.06	0.41	0.00	2.85	3.20	0.27	1.40	2.44	1.26	1.13	0.06	1.58	1.78	1.41	2.07	2.12	2.78	0.00	0.71	0.07
30.00	6.90	6.90	6.30	4.97	0.82	0.00	5.76	5.76	2.80	2.92	0.58	1.85	2.87	0.00	0.81	1.27	1.59	2.04	2.40	2.10	0.00	1.18	0.32
31.00	6.90	6.90	6.30	1.19	2.90	0.00	4.65	1.52	1.42	0.88	0.46	0.00	0.00	0.02	0.49	0.80	0.00	1.42	2.39	2.10	0.00	0.77	0.67
32.00	6.90	6.90	6.30	4.16	3.16	0.00	5.99	4.99	1.52	1.34	4.36	1.72	0.38	0.49	0.19	2.40	2.67	2.58	2.32	1.93	0.00	1.50	0.32
33.00	6.90	6.89	6.30	0.01	2.80	0.00	4.45	3.21	3.79	0.55	1.26	1.18	2.48	0.00	2.04	0.20	2.08	1.70	2.45	0.13	0.00	0.59	0.01
34.00	6.89	6.90	6.30	1.12	0.01	0.00	2.73	4.05	0.26	3.40	0.86	3.46	4.27	0.07	1.53	1.51	2.12	0.74	2.40	2.98	0.00	1.97	0.57
35.00	6.90	6.90	6.30	0.58	1.25	0.00	3.36	2.21	2.24	3.51	0.67	1.35	2.04	0.94	0.34	1.87	0.00	1.78	2.40	1.95	0.00	1.50	0.88
36.00	6.90	6.90	6.30	1.33	1.45	0.00	2.50	5.92	1.41	1.41	0.02	1.47	1.11	0.29	0.72	1.31	0.19	2.00	2.00	0.33	0.00	1.38	0.87
37.00	6.90	6.90	6.30	1.00	2.33	0.00	2.36	3.89	0.00	0.48	1.86	1.06	1.53	0.60	0.00	2.61	2.26	2.87	0.89	0.49	0.00	0.68	0.33
38.00	6.90	6.90	6.30	1.35	4.79	0.00	5.95	5.37	1.37	3.78	2.73	1.41	4.05	0.49	0.13	3.47	0.64	2.99	1.53	1.11	0.00	2.17	1.42
39.00	6.90	6.90	6.30	0.00	3.47	0.00	0.89	4.42	1.65	3.97	0.42	0.66	0.51	0.75	0.71	1.83	3.29	2.97	1.98	2.72	0.00	1.48	0.27
40.00	6.90	6.90	6.30	0.07	2.31	0.00	6.02	4.23	2.24	2.12	1.87	2.46	3.84	2.65	2.99	3.36	3.09	2.83	2.11	0.14	0.00	1.52	0.55
41.00	6.90	6.90	6.30	2.96	0.74	0.00	4.22	2.59	0.68	1.97	0.94	2.26	1.37	0.26	3.24	0.94	1.74	2.11	2.07	0.00	0.00	1.50	0.53
42.00	6.90	6.90	6.30	1.04	0.09	0.00	4.60	2.78	2.17	5.10	0.60	3.24	4.55	0.00	3.90	2.84	1.54	1.59	2.40	0.00	0.00	1.51	0.79
43.00	6.90	6.90	6.30	4.80	0.49	0.00	2.96	3.34	3.09	2.23	2.26	1.60	2.11	0.11	2.04	2.74	0.73	1.65	1.47	1.13	0.00	0.98	0.61
44.00	6.90	6.90	6.30	1.91	0.69	0.00	4.44	4.71	5.83	2.28	1.67	1.30	2.36	0.00	2.32	1.12	0.74	1.81	1.77	2.92	0.00	0.16	0.88
45.00	6.90	6.90	6.30	1.87	2.30	0.00	2.85	2.41	0.49	1.79	0.57	0.33	1.26	1.05	2.53	0.69	2.80	3.03	2.20	2.10	0.00	1.19	0.89
46.00	6.90	6.90	6.30	2.54	1.06	0.00	0.93	2.06	2.31	1.40	1.63	0.00	1.18	0.49	3.64	2.34	2.59	2.99	1.44	0.73	0.00	1.18	0.78
47.00	6.90	6.90	6.30	0.32	1.97	0.00	1.30	3.26	1.22	1.99	0.53	0.91	1.21	0.45	3.90	2.87	2.68	2.30	1.46	2.11	0.00	0.95	0.98
48.00	6.90	6.90	6.30	1.35	4.24	0.00	5.57	1.34	1.27	0.98	0.29	2.59	4.51	0.05	3.63	3.24	1.57	2.43	2.07	1.75	0.00	0.67	0.94
49.00	6.90	6.89	6.30	0.80	1.28	0.00	3.67	3.50	0.75	0.32	1.67	0.05	3.51	0.00	1.81	3.62	1.07	1.60	2.14	0.00	0.00	1.42	0.91
50.00	6.89	6.90	6.30	2.24	0.00	0.00	4.06	5.99	5.46	0.49	0.00	0.22	4.50	0.00	0.99	3.54	0.99	3.00	2.33	0.00	0.00	1.50	0.89
51.00	6.90	6.90	6.30	1.30	0.49	0.00	3.67	4.68	0.48	1.75	1.18	1.97	2.53	0.00	2.16	1.58	0.49	2.94	2.17	1.71	0.00	1.50	0.91
52.00	6.90	6.90	6.30	1.13	0.00	0.00	4.30	5.99	0.00	1.77	0.88	1.54	1.07	0.00	3.38	2.84	2.41	3.00	2.23	2.10	0.00	1.51	0.89
53.00	6.90	6.90	6.30	1.52	0.00	0.06	4.12	2.86	1.70	3.31	0.93	0.45	0.91	0.29	2.84	1.70	0.95	2.30	1.04	0.62	0.00	1.20	0.58
54.00	6.90	6.90	6.30	0.00	0.04	0.00	5.26	1.91	1.93	0.62	3.47	0.00	0.33	0.00	3.36	1.46	2.74	2.90	2.23	0.42	0.00	1.35	0.82
55.00	6.90	6.90	6.30	0.59	0.60	0.00	4.07	4.64	0.19	3.20	0.61	2.14	0.78	0.00	1.20	0.32	1.18	2.10	1.46	1.11	0.00	1.31	0.46
56.00	6.90	6.90	6.30	0.02	1.78	0.00	6.01	5.86	1.50	2.18	1.13	0.00	4.39	1.02	2.01	1.25	1.74	2.87	1.92	0.00	0.00	0.27	0.00
57.00	6.90	6.90	6.30	1.19	0.19	0.00	4.49	2.71	1.45	3.67	0.08	2.36	4.16	0.00	0.26	2.23	1.68	2.67	2.40	0.00	0.00	0.65	0.89
58.00	6.90	6.90	6.30	0.52	0.81	0.00	4.44	2.57	1.97	3.84	2.23	0.09	1.98	0.00	0.66	0.58	2.27	3.01	2.25	1.77	0.00	0.00	0.62
59.00	6.90	6.90	6.30	0.28	1.90	0.00	5.25	1.18	2.40	2.77	0.07	2.03	0.40	0.46	0.26	2.31	2.68	2.96	2.21	1.81	0.00	0.49	0.47
60.00	6.90	6.90	6.30	0.49	0.00	0.00	5.39	5.76	3.69	5.32	1.33	3.73	0.00	0.88	3.74	3.60	3.30	2.99	2.11	1.81	0.00	0.74	0.00
61.00	6.90	6.90	6.30	0.08	1.53	1.20	1.33	1.41	1.93	1.63	4.44	0.52	0.00	0.00	1.53	1.83	0.27	0.75	0.73	1.53	0.40	0.79	0.06
62.00	6.90	6.90	6.30	0.00	0.00	0.00	0.00	0.00	0.00	0.00	4.50	2.51	0.00	0.00	0.00	0.00	0.00	0.00	0.00	2.11	0.00	0.00	0.00
63.00	6.90	6.90	6.30	0.00	0.00	4.10	0.00	0.00	0.80	0.00	3.34	1.18	0.00	2.19	0.00	0.00	0.00	0.00	0.00	2.08	0.00	0.00	0.00
64.00	6.90	6.90	6.30	0.46	6.78	4.03	1.77	0.99	0.55	1.91	4.31	2.16	0.00	3.18	0.92	2.45	0.00	2.04	1.91	2.11	0.00	0.07	0.00
65.00	6.90	6.89	6.30	0.00	1.81	3.74	0.97	0.00	3.04	2.86	1.61	3.70	0.00	2.71	3.31	2.37	0.00	0.42	2.38	0.64	1.58	0.12	0.16
66.00	6.89	6.90	6.30	0.00	1.81	5.49	0.99	0.52	0.86	1.85	1.70	4.44	0.00	3.16	3.90	3.60	0.00	0.11	2.13	0.49	0.13	0.08	0.89
67.00	6.90	6.90	6.30	0.00	1.71	0.27	0.00	0.00	0.00	0.97	2.74	3.01	0.00	0.00	0.92	1.12	0.00	1.20	0.45	2.03	0.35	0.28	0.15
68.00	6.90	6.90	6.30	0.00	0.06	0.00	0.00	0.00	0.00	5.38	4.47	4.50	0.00	1.28	0.00	0.00	0.00	0.00	0.00	0.99	0.00	0.00	0.00
69.00	6.90	6.90	6.30	1.33	3.07	1.44	1.79	0.00	2.78	2.43	1.50	3.72	0.09	0.15	0.00	1.27	0.00	0.00	0.89	2.30	0.00	0.00	0.00
70.00	6.90	6.90	6.30	0.00	1.04	0.00	5.98	0.00	4.03	3.19	1.59	4.52	0.00	0.04	0.00	3.72	0.00	0.00	1.50	2.11	0.00	0.00	0.00
71.00	6.90	6.90	6.30	0.00	0.00	0.00	6.03	0.00	0.00	0.00	0.00	4.51	0.00	0.00	0.00	3.60	0.00	0.00	0.00	2.11	0.00	0.00	0.00
72.00	6.90	6.90	6.30	0.00	0.00	0.00	5.99	0.00	0.00	0.00	0.00	4.50	0.00	0.00	0.00	3.58	0.00	0.00	0.00	2.10	0.00	0.00	0.00
73.00	6.90	6.90	6.30	0.00	0.00	1.40	0.60	0.00	0.00	0.00	0.00	2.11	0.00	0.00	0.00	0.68	0.00	0.00	0.00	2.08	0.00	0.00	0.00
74.00	6.90	6.90	6.30	0.00	0.00	5.99	0.00	0.00	0.00	0.00	0.00	4.50	0.00	0.00	0.00	0.00	0.00	0.00	0.00	2.10	0.00	0.00	0.00
75.00	6.90	6.90	6.29	0.00	0.00	0.27	0.16	0.00	0.00	0.00	0.00	3.58	0.00	0.00	0.99	0.06	0.00	0.00	0.00	2.11	0.00	0.00	0.00
76.00	6.90	6.90	6.30	0.00	0.00	0.00	0.00	0.00	0.00	0.00	0.00	4.50	0.00	0.00	0.00	0.00	0.00	0.00	0.00	2.10	0.00	0.00	0.00
77.00	6.90	6.90	6.30	0.00	1.06	0.00	0.00	0.00	0.00	0.00	0.00	4.30	0.00	0.00	4.58	1.10	0.00	0.00	0.00	1.99	0.00	0.00	0.00
78.00	6.90	6.90	6.30	0.00	0.00	0.00	0.00	0.00	0.00	0.00	0.00	4.50	0.00	0.00	3.90	0.00	0.00	0.00	0.00	2.11	0.00	0.00	0.00
79.00	6.90	6.90	6.30	0.00	0.00	0.00	0.00	0.00	0.00	0.00	0.00	4.35	0.00	0.00	1.13	0.00	0.00	0.00	0.00	2.10	0.00	0.00	0.00
10.2.1.2	7.03	8.15
10.2.1.3	7.03	22.20
10.2.1.4	6.42	8.94
10.1.1.15	1.68	103673.56
10.1.1.4	1.24	165585.60
10.1.1.5	1.55	133514.29
10.1.1.6	0.41	248059.25
10.1.1.7	3.51	30872.07
10.1.1.8	3.40	51202.13
10.1.1.9	1.71	107203.93
10.1.1.18	2.01	36214.04
10.1.1.14	0.56	155656.00
10.1.1.20	1.24	104069.37
10.1.1.10	2.53	62555.89
10.1.1.17	1.49	91931.28
10.1.1.11	1.71	78609.93
10.1.1.12	1.87	48839.37
10.1.1.13	1.90	61782.75
10.1.1.19	1.82	14937.75
10.1.1.16	1.76	108184.68
10.1.1.22	0.85	84152.00
10.1.1.21	0.04	1656804.80
10.1.1.23	0.58	84654.20
