Waf: Entering directory `/home/synrg-sc1/Desktop/Jiaming/ns-3.29-mesh/build'
Waf: Leaving directory `/home/synrg-sc1/Desktop/Jiaming/ns-3.29-mesh/build'
Build commands will be stored in build/compile_commands.json
'build' finished successfully (4.790s)
CreateVariables () DONE !!!
Creating 12 APs 50.00 m apart.
CreateApNodes () DONE !!!
Creating 0 CLs 20.00 m away from each AP.
CreateClNodes () DONE !!!
CreateNodes () DONE !!!
CreateMeshDevices () DONE !!!
CreateWifiDevices () DONE !!!
CreateCsmaDevices () DONE !!!
CreateDevices () DONE !!!
InstallInternetStack () DONE !!!
Gateway is connect to AP 0
InstallApplications () DONE !!!
Starting simulation for 80.00 s ...
-------------------------------------------------
Time[s]	ap-0	ap-1	ap-2	ap-3	ap-4	ap-5	ap-6	ap-7	ap-8	ap-9	ap-10	ap-11
2.00	0.00	0.00	0.00	0.00	0.00	0.00	0.00	0.00	0.00	0.00	0.00	0.00
3.00	7.31	6.78	6.78	0.00	0.00	0.00	0.00	0.00	0.00	0.00	0.00	0.00
4.00	8.40	7.81	7.81	0.00	0.00	0.00	0.00	0.00	0.00	0.00	0.00	0.00
5.00	8.41	7.80	7.80	5.24	2.72	1.34	1.17	3.39	1.28	0.04	3.70	2.80
6.00	8.40	7.80	7.80	6.63	2.11	0.11	5.09	2.20	0.00	0.04	3.14	0.55
7.00	8.40	7.81	7.81	4.37	0.09	0.00	2.71	0.85	1.78	0.00	1.37	1.24
8.00	8.41	7.80	7.80	4.06	1.17	0.52	1.63	0.09	0.28	0.00	1.61	2.13
9.00	8.40	7.80	7.80	6.09	0.00	0.39	0.99	0.97	2.81	2.76	4.59	2.46
10.00	8.40	7.81	7.81	4.47	0.72	0.12	3.37	1.90	1.11	0.47	2.61	0.88
11.00	8.41	7.80	7.80	1.91	0.68	0.00	1.66	0.73	0.31	0.48	2.25	1.13
12.00	8.40	7.81	7.80	3.33	2.47	4.16	5.48	0.00	2.39	0.00	4.39	0.00
13.00	8.40	7.80	7.81	6.90	0.29	2.25	5.41	1.14	5.44	0.00	4.80	2.07
14.00	8.41	7.80	7.80	6.89	1.71	0.48	5.41	1.24	5.10	0.00	4.79	3.59
15.00	8.40	7.81	7.81	6.91	0.08	4.88	5.39	0.24	5.09	0.00	4.73	3.45
16.00	8.40	7.80	7.80	6.90	0.73	4.95	5.41	5.53	4.95	0.00	4.75	3.60
17.00	8.41	7.80	7.80	5.77	0.07	2.47	4.77	2.54	0.87	0.00	4.20	2.76
18.00	8.40	7.81	7.81	6.79	0.74	2.72	5.33	1.77	3.25	0.00	4.46	2.72
19.00	8.40	7.80	7.80	4.38	0.42	0.98	3.73	3.74	1.40	0.68	1.68	2.73
20.00	8.40	7.80	7.80	7.67	0.05	0.19	3.43	4.76	0.00	0.00	4.27	3.49
21.00	8.41	7.81	7.81	6.90	0.00	0.58	5.41	4.78	3.19	0.16	4.80	3.50
22.00	8.40	7.80	7.80	6.90	5.22	0.53	5.39	2.90	2.47	0.46	4.79	3.60
23.00	8.40	7.81	7.81	4.84	4.15	0.71	4.78	4.44	4.59	1.41	4.68	3.60
24.00	8.41	7.80	7.80	2.89	3.60	2.19	3.36	2.11	0.80	0.94	3.70	2.81
25.00	8.40	7.80	7.80	2.72	0.91	0.13	3.43	2.37	0.04	1.83	3.36	0.49
26.00	8.40	7.81	7.81	2.67	0.33	0.14	2.04	1.05	0.38	0.00	2.20	0.00
27.00	8.41	7.80	7.80	4.84	0.78	2.89	3.71	1.72	1.95	0.00	3.20	0.00
28.00	8.40	7.80	7.80	6.84	1.64	0.00	5.12	3.59	3.53	0.00	4.80	1.81
29.00	8.40	7.81	7.81	4.70	2.33	0.25	3.76	0.78	1.28	0.52	2.05	0.53
30.00	8.41	7.80	7.80	4.39	1.53	0.78	5.41	0.08	0.01	0.00	0.54	2.84
31.00	8.40	7.80	7.80	6.89	5.11	1.14	5.39	0.04	0.00	0.00	5.68	2.58
32.00	8.40	7.81	7.81	6.51	2.16	1.15	4.59	3.90	1.00	0.02	4.27	2.92
33.00	8.41	7.80	7.80	6.38	2.85	0.97	3.98	2.72	0.92	0.62	5.16	1.79
34.00	8.40	7.81	7.81	6.05	4.02	4.40	5.41	3.25	0.99	0.00	4.76	1.68
35.00	8.40	7.80	7.80	6.74	3.36	1.53	5.17	1.87	3.07	0.99	4.33	2.99
36.00	8.41	7.80	7.80	5.66	5.18	0.00	1.44	4.20	4.20	0.00	3.94	0.20
37.00	8.40	7.81	7.81	6.16	3.86	1.25	5.32	3.45	2.24	2.66	5.15	0.38
38.00	8.40	7.80	7.80	2.87	3.12	1.17	4.80	1.32	1.97	0.00	3.42	1.46
39.00	8.40	7.80	7.80	5.88	1.77	4.57	4.03	0.98	3.01	0.00	4.03	1.72
40.00	8.41	7.81	7.81	5.76	1.58	0.72	5.37	1.24	4.13	0.55	4.96	1.93
41.00	8.40	7.80	7.80	6.90	0.00	0.48	5.41	2.65	5.03	0.07	4.77	1.46
42.00	8.40	7.80	7.80	6.79	4.86	1.98	5.39	3.63	5.11	0.00	4.79	1.72
43.00	8.41	7.81	7.81	6.89	2.98	1.35	5.09	0.00	4.91	2.76	4.64	1.11
44.00	8.40	7.80	7.80	5.72	1.78	2.40	4.99	3.23	1.32	1.59	3.83	3.52
45.00	8.40	7.81	7.81	4.30	1.84	2.14	1.07	0.69	0.41	0.00	2.12	1.39
46.00	8.41	7.80	7.80	2.19	0.12	0.13	1.44	1.33	0.81	0.00	1.79	1.32
47.00	8.40	7.80	7.80	1.48	2.21	2.78	2.16	0.51	1.81	0.68	1.91	1.77
48.00	8.40	7.81	7.81	0.00	0.00	0.00	0.00	3.56	5.05	0.00	0.00	0.00
49.00	8.41	7.80	7.80	0.00	0.00	0.00	0.00	5.10	5.10	0.09	0.00	0.00
50.00	8.40	7.80	7.80	0.00	0.00	0.00	0.00	5.10	5.10	0.05	0.00	0.00
51.00	8.40	7.81	7.81	0.00	0.00	0.00	0.00	5.10	5.10	0.02	0.00	0.00
52.00	8.41	7.80	7.80	0.00	0.00	0.00	0.00	5.11	5.11	0.05	0.00	0.00
53.00	8.40	7.80	7.80	0.00	0.00	0.00	0.00	5.09	5.08	0.02	0.00	0.00
54.00	8.40	7.81	7.81	0.00	0.00	0.00	0.00	5.11	5.02	0.04	0.00	0.00
55.00	8.41	7.80	7.80	0.00	0.00	0.00	0.00	5.10	5.09	0.00	0.00	0.00
56.00	8.40	7.81	7.81	0.00	0.00	0.00	0.00	5.10	5.08	0.00	0.00	0.00
57.00	8.40	7.80	7.80	0.00	0.00	0.00	0.00	5.10	5.08	0.00	0.11	0.00
58.00	8.40	7.80	7.80	0.00	0.00	0.00	0.00	5.10	5.06	0.00	0.00	0.00
59.00	8.41	7.81	7.81	0.00	0.00	0.00	0.00	5.10	5.06	0.00	0.00	0.00
60.00	8.40	7.80	7.80	0.00	0.00	0.00	0.00	5.10	4.58	0.00	0.00	0.00
61.00	8.40	7.80	7.80	0.00	0.00	0.00	0.60	5.10	2.81	0.00	0.00	0.00
62.00	8.41	7.81	7.81	0.00	0.00	0.00	0.00	5.10	5.10	0.00	0.00	0.00
63.00	8.40	7.80	7.80	3.89	0.00	2.90	3.05	5.10	5.10	0.01	0.05	0.00
64.00	8.40	7.80	7.80	6.90	0.00	5.41	5.41	5.10	5.10	0.00	0.00	0.00
65.00	8.41	7.81	7.81	3.91	0.00	3.78	2.20	1.80	4.42	0.00	0.00	1.67
66.00	8.40	7.80	7.80	6.90	0.00	5.41	0.00	2.51	5.11	0.00	0.00	0.00
67.00	8.40	7.81	7.81	5.51	0.49	5.39	0.00	4.15	4.16	4.50	4.75	0.00
68.00	8.41	7.80	7.80	3.80	1.51	5.41	0.29	0.00	0.69	4.50	4.82	0.22
69.00	8.40	7.80	7.80	6.90	1.79	2.32	0.04	2.36	3.40	0.00	4.80	1.13
70.00	8.40	7.81	7.81	6.90	0.00	3.32	0.00	5.11	5.05	0.00	4.79	0.00
71.00	8.41	7.80	7.80	6.90	0.00	5.41	0.00	0.87	3.03	0.00	4.80	0.00
72.00	8.40	7.80	7.80	6.90	0.00	5.39	0.00	5.08	5.09	0.00	4.80	0.00
73.00	8.40	7.81	7.81	6.90	0.00	5.41	0.00	4.96	5.05	0.00	4.79	0.00
74.00	8.41	7.80	7.80	6.90	0.07	5.39	0.64	5.04	5.10	0.00	4.80	0.00
75.00	8.40	7.80	7.80	6.90	3.00	5.33	0.00	5.10	5.08	0.00	4.79	0.00
76.00	8.40	7.81	7.81	6.90	0.71	0.74	0.00	5.10	5.06	0.00	4.80	0.00
77.00	8.40	7.80	7.80	6.90	0.00	0.00	0.00	5.11	5.09	0.00	4.79	0.00
78.00	8.41	7.81	7.81	6.90	0.00	0.00	0.00	5.10	5.04	0.00	4.80	0.00
79.00	8.40	7.80	7.80	6.90	0.00	0.00	0.00	5.10	5.10	0.00	4.80	0.00
10.2.1.2	8.56	8.04
10.2.1.3	7.95	8.99
10.2.1.4	7.95	21.59
10.1.1.4	4.61	11247.65
10.1.1.6	1.79	79874.04
10.1.1.7	2.76	33086.24
10.1.1.8	3.19	28833.53
10.1.1.9	3.37	26305.76
10.1.1.10	0.47	278183.43
10.1.1.11	3.07	8305.04
10.1.1.12	1.39	97823.41
10.1.1.5	1.28	98927.60
