Waf: Entering directory `/home/synrg-sc1/Desktop/Jiaming/ns-3.29-mesh/build'
Waf: Leaving directory `/home/synrg-sc1/Desktop/Jiaming/ns-3.29-mesh/build'
Build commands will be stored in build/compile_commands.json
'build' finished successfully (4.857s)
CreateVariables () DONE !!!
Creating 13 APs 50.00 m apart.
CreateApNodes () DONE !!!
Creating 0 CLs 20.00 m away from each AP.
CreateClNodes () DONE !!!
CreateNodes () DONE !!!
CreateMeshDevices () DONE !!!
CreateWifiDevices () DONE !!!
CreateCsmaDevices () DONE !!!
CreateDevices () DONE !!!
InstallMeshInternetStack () DONE !!!
InstallWifiInternetStack () DONE !!!
InstallCsmaInternetStack () DONE !!!
InstallInternetStack () DONE !!!
Gateway is connect to AP 0
InstallApplications () DONE !!!
Starting simulation for 40.00 s ...
-------------------------------------------------
Time[s]	ap-0	ap-1	ap-2	ap-3	ap-4	ap-5	ap-6	ap-7	ap-8	ap-9	ap-10	ap-11	ap-12
2.00	0.00	0.00	0.00	0.00	0.00	0.00	0.00	0.00	0.00	0.00	0.00	0.00	0.00
3.00	7.18	0.00	0.00	0.00	0.00	0.00	0.00	0.00	0.00	0.00	0.00	0.00	0.00
4.00	7.45	0.00	0.00	0.00	0.00	0.00	0.00	0.00	0.00	0.00	0.00	0.00	0.00
5.00	7.43	5.77	0.00	0.00	0.00	0.00	4.83	0.00	0.00	0.00	0.00	0.00	0.01
6.00	7.43	6.87	0.00	0.00	0.00	0.00	4.49	0.00	0.00	0.00	0.00	0.00	2.59
7.00	7.45	6.86	5.60	0.00	0.00	0.00	5.15	0.00	0.00	0.00	0.00	0.00	2.10
8.00	7.43	6.86	6.30	0.00	0.00	0.00	5.14	0.00	0.00	0.00	0.00	0.01	0.24
9.00	7.43	6.87	6.29	0.00	0.00	0.00	5.15	0.00	0.00	0.00	0.00	4.75	3.89
10.00	7.45	6.86	6.30	0.00	0.00	0.00	5.14	0.00	0.00	0.00	0.00	3.72	3.44
11.00	7.43	6.87	6.29	0.00	0.00	0.00	5.15	0.00	0.00	0.00	0.00	3.72	3.43
12.00	7.45	6.86	6.30	0.00	0.00	0.00	5.15	0.00	0.00	0.00	0.00	3.72	3.44
13.00	7.43	6.85	6.29	0.00	0.00	0.00	5.14	0.00	0.00	0.00	0.00	3.53	2.84
14.00	7.43	6.87	6.29	0.00	0.00	0.00	5.15	0.00	0.00	0.00	0.00	3.72	1.97
15.00	7.45	6.86	6.30	0.00	0.00	0.00	5.14	0.00	0.00	0.00	0.00	3.72	3.44
16.00	7.43	6.87	6.29	0.00	0.00	0.00	5.15	0.00	0.00	0.00	0.00	3.72	3.44
17.00	7.43	6.86	6.30	0.00	0.00	0.00	5.14	0.00	0.00	0.00	0.00	3.72	3.44
18.00	7.45	6.86	6.29	0.00	0.00	0.00	5.15	0.00	0.00	0.00	0.00	3.58	3.43
19.00	7.43	5.71	6.27	0.00	0.00	0.00	5.14	0.00	0.00	0.00	0.00	3.72	2.63
20.00	7.43	7.70	6.32	0.00	0.00	0.00	5.15	0.00	0.00	0.00	0.00	3.73	3.01
21.00	7.45	6.87	6.29	0.00	0.00	0.00	5.14	0.00	0.00	0.00	0.00	3.72	3.43
22.00	7.43	6.86	6.30	0.00	0.00	0.00	5.15	0.00	0.00	0.00	0.00	3.72	3.44
23.00	7.45	6.86	6.30	0.00	0.00	0.00	5.14	0.00	0.00	0.00	0.00	3.58	3.44
24.00	7.43	6.87	6.29	0.00	0.00	0.00	5.14	0.00	0.00	0.00	0.00	3.72	3.44
25.00	7.43	6.86	6.30	0.00	0.00	0.00	5.15	0.00	0.00	0.00	0.00	3.73	2.41
26.00	7.45	6.87	6.29	0.00	0.00	0.00	5.14	0.00	0.00	0.00	0.00	3.72	3.47
27.00	7.43	6.86	6.29	0.00	0.00	0.00	5.15	0.00	0.00	0.00	0.00	3.72	3.44
28.00	7.43	6.87	6.30	0.00	0.00	0.00	5.14	0.00	0.00	0.00	0.00	3.69	3.43
29.00	7.45	6.86	6.29	0.00	0.00	0.00	5.15	0.00	0.00	0.00	0.00	3.72	3.44
30.00	7.43	6.85	6.30	0.00	0.00	0.00	5.15	0.00	0.00	0.00	0.00	3.73	3.44
31.00	7.43	6.87	6.27	0.00	0.00	0.00	5.13	0.00	0.00	0.00	0.00	3.68	1.28
32.00	7.45	6.86	6.32	0.00	0.00	0.00	5.17	0.00	0.00	0.00	0.00	3.75	0.00
33.00	7.43	6.87	6.20	0.00	0.00	0.00	5.04	0.00	0.00	0.00	0.00	3.14	0.00
34.00	7.45	6.86	6.29	0.00	0.00	0.00	5.22	0.00	0.00	0.00	0.00	0.44	2.99
35.00	7.43	6.86	6.30	0.00	0.00	0.00	5.14	0.00	0.00	0.00	0.00	0.00	3.43
36.00	7.43	6.87	6.30	0.00	0.00	0.00	5.15	0.00	0.00	0.00	0.00	0.00	3.44
37.00	7.45	6.86	6.29	0.00	0.00	0.00	5.15	0.00	0.00	0.00	0.00	0.00	3.44
38.00	7.43	6.87	6.29	0.00	0.00	0.00	5.14	0.00	0.00	0.00	0.00	0.00	3.43
39.00	7.43	6.86	2.32	0.00	0.00	0.00	5.14	0.00	0.00	0.00	0.00	0.01	1.07
10.2.1.2	7763.11	8.26
10.1.1.6	0	0
10.1.1.7	5354.22	1936.64
10.1.1.3	6444.04	4409.19
10.1.1.11	0	0
10.1.1.5	0	0
10.1.1.2	7156.19	1608.27
10.1.1.9	0	0
10.1.1.10	0	0
10.1.1.13	2911.70	30485.40
10.1.1.4	0	0
10.1.1.8	0	0
10.1.1.12	3182.96	9908.35
