Waf: Entering directory `/home/synrg-sc1/Desktop/Jiaming/ns-3.29-mesh/build'
Waf: Leaving directory `/home/synrg-sc1/Desktop/Jiaming/ns-3.29-mesh/build'
Build commands will be stored in build/compile_commands.json
'build' finished successfully (4.849s)
CreateVariables () DONE !!!
Creating 20 APs 50.00 m apart.
CreateApNodes () DONE !!!
Creating 0 CLs 20.00 m away from each AP.
CreateClNodes () DONE !!!
CreateNodes () DONE !!!
CreateMeshDevices () DONE !!!
CreateWifiDevices () DONE !!!
CreateCsmaDevices () DONE !!!
CreateDevices () DONE !!!
InstallInternetStack () DONE !!!
Gateway is connect to AP 0
InstallApplications () DONE !!!
Starting simulation for 80.00 s ...
-------------------------------------------------
Time[s]	ap-0	ap-1	ap-2	ap-3	ap-4	ap-5	ap-6	ap-7	ap-8	ap-9	ap-10	ap-11	ap-12	ap-13	ap-14	ap-15	ap-16	ap-17	ap-18	ap-19
2.00	0.00	0.00	0.00	0.00	0.00	0.00	0.00	0.00	0.00	0.00	0.00	0.00	0.00	0.00	0.00	0.00	0.00	0.00	0.00	0.00
3.00	5.35	4.56	0.00	0.00	0.00	0.00	0.00	0.00	0.00	0.00	0.00	0.00	0.00	0.00	0.00	0.00	0.00	0.00	0.00	0.00
4.00	8.10	6.90	0.00	0.00	0.00	0.00	0.00	0.00	0.00	0.00	0.00	0.00	0.00	0.00	0.00	0.00	0.00	0.00	0.00	0.00
5.00	8.10	6.90	0.00	2.36	0.59	0.00	2.83	3.90	0.21	0.58	0.09	0.35	0.00	0.35	2.56	2.13	1.84	0.92	1.21	0.73
6.00	8.10	6.90	1.07	2.32	4.32	1.80	2.44	4.88	0.39	0.64	0.00	0.00	1.42	2.04	3.60	2.25	2.54	0.91	0.91	0.34
7.00	8.10	6.90	0.06	0.49	0.53	1.58	3.40	1.84	1.24	2.39	0.00	0.00	1.48	1.37	2.32	0.02	1.65	0.65	0.37	0.00
8.00	8.09	6.90	0.61	2.61	3.29	0.86	4.80	6.02	2.63	5.19	0.52	0.32	3.10	2.17	1.98	1.55	1.83	0.00	1.26	0.49
9.00	8.10	6.90	0.00	0.21	0.07	0.00	0.94	3.09	0.80	1.68	2.45	0.21	1.72	1.65	2.83	1.26	1.73	0.32	1.44	0.00
10.00	8.10	6.90	3.25	2.43	1.80	1.06	6.70	2.63	5.30	4.98	1.00	0.75	1.95	3.66	3.14	1.40	3.58	0.52	1.94	0.38
11.00	8.10	6.90	0.00	0.00	0.40	0.81	6.30	1.42	3.26	3.54	1.57	0.98	1.07	0.53	3.92	0.82	1.99	0.46	1.46	0.41
12.00	8.10	6.90	0.41	1.48	5.06	0.02	5.83	1.41	5.06	4.49	1.27	0.08	0.00	2.19	3.85	2.50	1.53	0.22	0.67	0.12
13.00	8.10	6.90	0.00	0.49	2.96	0.41	3.37	2.33	1.99	3.74	0.33	0.00	2.31	1.60	0.46	0.46	0.85	0.00	1.10	0.15
14.00	8.09	6.90	0.47	0.49	2.73	1.72	2.21	5.75	2.00	4.91	0.00	0.29	3.44	3.62	1.78	0.74	3.37	1.00	1.53	0.57
15.00	8.10	6.90	0.25	0.38	5.39	0.57	5.70	2.92	1.68	0.92	1.19	0.16	0.20	3.23	2.39	1.32	0.44	0.16	1.04	0.24
16.00	8.10	6.90	0.14	3.74	0.94	2.76	3.16	3.77	2.66	0.00	0.02	0.13	4.07	4.05	4.12	2.70	1.04	0.11	1.58	1.39
17.00	8.10	6.89	0.86	0.49	4.66	0.00	2.85	2.68	5.06	2.79	2.13	0.65	2.36	1.26	1.70	2.64	3.54	1.18	1.59	0.41
18.00	8.10	6.90	0.52	0.99	6.24	0.00	6.30	6.02	2.05	0.51	1.19	0.21	0.00	2.01	4.12	0.99	3.87	0.16	1.31	1.01
19.00	8.10	6.90	0.00	1.78	2.86	0.99	4.56	0.95	3.21	0.18	1.28	0.45	2.19	4.53	1.79	0.04	1.32	0.28	2.00	0.48
20.00	8.09	6.90	1.02	0.75	4.44	0.06	3.67	1.26	0.07	3.76	0.57	0.07	0.58	3.04	4.72	2.12	2.56	1.85	1.47	0.37
21.00	8.10	6.90	1.17	3.46	1.19	1.68	5.55	2.28	3.30	0.00	0.48	0.20	3.47	0.00	3.59	3.19	1.71	0.27	1.88	0.13
22.00	8.10	6.90	0.29	4.37	4.79	0.93	4.43	5.18	2.21	0.00	2.39	0.22	4.04	3.70	2.18	3.12	0.48	0.18	1.80	0.47
23.00	8.10	6.90	0.00	4.03	3.25	0.14	4.46	4.05	3.98	2.46	0.00	0.42	2.05	2.90	1.50	1.57	0.91	0.08	1.53	1.66
24.00	8.10	6.90	0.00	4.91	6.54	0.61	6.26	3.17	2.81	2.12	3.00	1.14	3.09	3.85	3.17	1.28	0.54	0.78	1.26	1.08
25.00	8.10	6.90	0.09	0.82	1.78	0.00	4.13	3.30	0.34	0.33	1.79	0.31	3.13	2.74	1.15	2.52	1.77	0.00	0.85	0.00
26.00	8.09	6.90	0.55	1.45	2.83	3.00	5.03	5.81	1.05	0.00	0.49	1.51	3.98	1.27	4.07	1.39	0.00	1.78	1.94	0.49
27.00	8.10	6.90	0.33	2.20	1.13	0.07	4.36	0.32	2.70	0.48	0.40	0.00	1.80	1.25	4.25	1.05	0.92	1.27	1.00	0.48
28.00	8.10	6.90	3.05	0.24	5.03	0.05	0.74	0.00	2.90	1.91	2.98	0.15	1.20	3.42	3.46	3.46	1.07	0.05	1.81	0.04
29.00	8.10	6.90	0.06	1.14	2.52	0.00	1.78	5.58	1.25	3.87	0.00	0.35	1.52	1.72	0.19	1.33	3.30	0.52	2.11	0.00
30.00	8.10	6.90	0.02	4.79	3.42	0.05	6.68	5.99	2.63	0.49	1.45	0.00	3.19	4.93	0.49	0.72	3.90	0.71	2.10	2.39
31.00	8.10	6.90	0.00	0.11	3.86	0.02	3.80	2.39	1.35	0.00	2.10	1.53	1.32	1.44	3.20	4.10	2.23	2.00	1.88	0.16
32.00	8.10	6.90	0.02	0.00	3.46	2.65	6.32	6.15	1.27	1.07	3.25	0.32	3.24	1.87	4.47	4.19	3.00	0.00	2.10	0.08
33.00	8.09	6.90	0.47	0.84	2.21	2.01	5.49	3.59	0.49	0.79	0.68	0.01	3.86	1.41	3.63	3.76	3.05	0.00	2.08	0.48
34.00	8.10	6.89	2.01	0.95	3.96	0.52	2.45	6.31	3.32	1.84	1.47	1.07	1.25	1.21	3.26	3.69	3.07	0.20	2.07	0.35
35.00	8.10	6.90	1.13	0.00	3.51	0.78	5.95	6.01	0.20	0.00	0.34	1.94	2.50	0.49	0.22	0.67	2.70	0.00	2.06	0.00
36.00	8.10	6.90	0.62	1.91	2.08	0.94	5.28	3.20	0.59	1.32	0.48	0.00	0.00	1.34	1.79	1.15	0.98	0.59	1.45	0.34
37.00	8.10	6.90	0.00	1.05	3.58	3.39	4.83	2.17	2.08	2.25	0.00	1.00	0.95	1.60	1.02	3.11	1.51	1.17	2.37	0.87
38.00	8.10	6.90	0.55	2.86	4.72	0.88	1.38	6.70	3.10	0.94	0.00	1.14	0.40	2.59	3.30	3.77	2.93	0.16	2.01	2.08
39.00	8.09	6.90	0.00	1.31	2.80	0.14	5.62	3.31	3.16	4.13	2.31	0.19	4.51	1.40	3.45	2.56	0.82	0.33	1.60	0.21
40.00	8.10	6.90	0.37	0.00	4.60	0.31	3.13	5.90	3.98	2.72	0.01	1.07	3.50	2.18	2.59	0.00	1.70	2.17	1.80	0.11
41.00	8.10	6.90	0.49	1.68	4.64	2.38	4.97	2.04	0.27	2.87	1.57	0.00	0.72	2.97	0.68	0.08	1.31	0.49	1.07	0.61
42.00	8.10	6.90	0.54	5.29	2.03	0.13	6.29	2.61	3.13	3.90	0.68	1.52	2.37	4.09	0.99	0.99	2.67	0.49	1.61	1.27
43.00	8.10	6.90	1.01	0.82	0.29	0.00	4.99	0.01	3.71	3.57	3.97	0.53	1.75	0.31	3.30	1.11	1.81	1.05	1.64	0.47
44.00	8.10	6.90	0.08	0.00	4.46	0.92	3.76	2.36	1.60	2.93	2.17	3.84	0.98	2.10	2.03	0.99	1.27	0.77	2.06	0.00
45.00	8.09	6.90	0.19	2.93	2.91	1.64	4.16	1.58	2.52	1.35	0.95	0.05	3.57	0.88	2.73	0.49	1.24	0.25	2.10	0.08
46.00	8.10	6.90	1.60	0.49	4.95	2.34	5.57	4.36	3.59	0.00	1.34	1.86	1.20	0.00	4.92	0.38	0.66	0.11	1.90	0.01
47.00	8.10	6.90	2.04	1.35	4.60	0.22	6.24	5.11	1.57	1.20	0.27	0.61	1.27	2.92	4.13	2.24	1.66	0.65	1.95	0.14
48.00	8.10	6.90	0.15	3.80	4.20	0.00	4.09	0.85	3.30	4.03	0.69	1.22	0.59	2.76	3.72	3.43	2.64	1.01	1.37	0.00
49.00	8.10	6.90	0.73	0.49	1.24	0.20	6.23	1.85	4.69	3.07	0.99	1.44	0.99	3.00	3.99	3.06	0.00	0.14	2.06	0.00
50.00	8.10	6.89	0.94	0.11	2.05	1.34	3.56	4.72	2.36	3.49	3.57	2.07	2.65	4.16	4.13	0.78	0.79	0.97	1.63	0.44
51.00	8.09	6.90	0.22	0.49	5.04	0.00	5.50	2.17	1.73	0.49	1.42	1.51	2.72	2.07	1.39	1.67	1.13	0.00	1.20	0.00
52.00	8.10	6.90	2.24	0.49	6.91	0.37	5.57	5.94	2.99	0.49	4.32	4.33	2.80	1.33	0.19	3.74	2.31	0.58	2.04	0.00
53.00	8.10	6.90	0.49	0.46	4.42	0.00	6.31	2.94	1.48	0.00	3.38	0.00	4.12	1.55	2.45	0.80	3.25	2.10	2.08	1.64
54.00	8.10	6.90	2.71	3.20	2.64	0.48	6.16	5.89	1.59	0.12	0.82	0.00	1.61	2.93	2.67	0.51	2.04	1.26	2.03	0.95
55.00	8.10	6.90	0.00	2.60	4.78	0.00	5.81	1.73	1.54	0.72	4.36	0.28	2.33	0.94	4.11	2.43	0.49	0.18	1.73	0.35
56.00	8.10	6.90	0.00	2.39	5.81	1.34	5.83	4.47	1.61	0.99	1.41	0.94	0.99	4.51	0.18	0.61	0.02	0.51	2.00	1.22
57.00	8.10	6.90	0.00	1.30	1.07	2.53	3.14	1.25	0.99	1.12	2.11	0.49	1.98	0.91	1.44	3.14	0.04	0.00	0.25	1.75
58.00	8.09	6.90	0.69	0.00	6.19	0.47	6.88	5.30	0.93	1.33	2.93	0.89	3.84	1.60	2.94	1.00	4.35	0.04	2.07	0.00
59.00	8.10	6.90	0.12	0.34	1.31	1.20	4.17	2.61	3.99	3.33	2.52	2.38	2.84	3.20	1.81	0.86	1.10	0.99	1.92	0.37
60.00	8.10	6.90	0.08	1.46	2.77	0.00	4.89	4.16	1.87	4.47	0.52	0.07	3.20	2.61	2.06	2.39	2.94	0.00	0.84	0.04
61.00	8.10	6.90	2.31	0.99	0.47	0.00	5.53	3.43	2.73	1.31	1.24	0.07	2.92	0.33	3.57	1.67	2.63	0.61	0.95	0.14
62.00	8.10	6.90	1.21	2.28	5.82	2.31	2.26	4.78	0.99	3.46	2.11	0.39	3.85	1.81	4.09	1.22	3.47	0.00	1.88	0.20
63.00	8.10	6.90	0.00	1.12	6.61	0.55	3.76	1.78	1.14	4.19	3.09	0.01	2.67	1.64	3.73	4.06	0.27	0.31	1.73	0.04
64.00	8.09	6.90	0.51	2.51	4.03	0.00	1.27	4.20	3.04	2.04	1.45	1.33	1.30	1.35	1.58	1.97	3.49	0.42	1.79	2.17
65.00	8.10	6.90	0.08	0.00	0.92	1.14	3.73	1.65	2.52	0.11	1.34	1.17	2.13	1.94	3.06	1.52	0.47	0.67	0.97	0.12
66.00	8.10	6.89	0.39	2.24	3.59	3.33	5.55	3.65	0.59	0.49	1.47	0.41	2.23	2.91	1.87	2.39	2.21	0.00	1.88	0.13
67.00	8.10	6.90	0.05	1.61	2.13	0.60	5.42	3.26	2.51	2.30	1.14	0.04	0.47	2.08	2.33	0.00	1.86	0.00	2.04	0.20
68.00	8.10	6.90	1.30	2.32	6.59	0.05	6.26	0.12	0.00	2.57	0.57	2.50	0.47	3.32	4.50	0.00	3.91	1.83	2.10	0.00
69.00	8.10	6.90	0.04	0.61	1.87	0.00	4.19	3.46	1.90	0.20	2.81	0.52	3.33	0.49	3.83	1.13	2.57	0.16	1.33	0.22
70.00	8.09	6.90	0.82	3.05	2.44	0.00	4.88	3.04	2.83	3.49	1.28	1.54	2.44	2.78	4.53	1.31	4.16	0.65	2.03	1.04
71.00	8.10	6.90	0.71	1.73	1.60	0.00	5.15	1.87	1.11	1.26	3.90	1.08	2.23	1.28	0.64	0.18	2.58	0.01	1.31	0.81
72.00	8.10	6.90	0.60	1.24	2.71	1.11	5.83	4.96	2.44	4.56	3.17	0.00	3.89	4.86	4.17	2.26	1.81	0.00	1.27	0.15
73.00	8.10	6.90	0.53	1.55	5.13	0.95	1.50	5.19	0.14	0.00	3.63	0.05	3.32	1.10	2.01	2.51	0.16	0.01	1.05	0.00
74.00	8.10	6.90	0.00	0.01	0.66	0.00	5.58	6.01	5.46	0.00	4.80	0.02	3.64	4.46	4.38	4.10	1.74	0.04	1.52	0.55
75.00	8.10	6.90	1.13	0.99	4.35	0.66	2.10	2.03	2.71	3.19	1.18	0.32	0.59	1.28	4.50	1.24	0.62	1.21	1.26	1.39
76.00	8.09	6.90	2.64	1.94	4.56	0.78	5.73	4.00	1.50	1.83	0.61	1.14	0.00	2.00	3.36	2.64	1.54	0.82	1.83	0.09
77.00	8.10	6.90	0.00	1.78	2.68	0.00	5.61	2.11	2.28	2.58	0.80	0.01	3.96	3.27	1.54	0.95	2.87	1.07	2.03	1.13
78.00	8.10	6.90	0.00	2.20	1.39	0.99	2.39	5.28	1.53	3.85	0.00	0.89	0.72	4.58	3.96	3.20	3.40	1.47	1.10	0.54
79.00	8.10	6.90	0.84	1.40	0.59	0.08	5.65	1.66	0.00	0.48	1.22	0.00	2.06	2.45	0.57	1.35	3.63	0.00	0.00	0.00
10.2.1.2	8.25	8.26
10.2.1.3	7.03	8.54
10.1.1.6	0.82	250880.23
10.1.1.7	4.65	26693.99
10.1.1.16	1.85	78771.24
10.1.1.19	1.60	11816.55
10.1.1.20	0.51	76916.55
10.1.1.10	1.97	172404.72
10.1.1.18	0.58	239293.34
10.1.1.3	0.65	143994.37
10.1.1.4	1.59	183248.50
10.1.1.5	3.29	43468.75
10.1.1.8	3.54	54646.93
10.1.1.9	2.19	85917.03
10.1.1.12	0.76	163131.81
10.1.1.13	2.19	51659.44
10.1.1.14	2.32	66057.78
10.1.1.15	2.79	42239.86
10.1.1.17	2.00	40907.78
10.1.1.11	1.55	106056.63
