Waf: Entering directory `/home/synrg-sc1/Desktop/Jiaming/ns-3.29-mesh/build'
Waf: Leaving directory `/home/synrg-sc1/Desktop/Jiaming/ns-3.29-mesh/build'
Build commands will be stored in build/compile_commands.json
'build' finished successfully (4.687s)
CreateVariables () DONE !!!
Creating 12 APs 50.00 m apart.
CreateApNodes () DONE !!!
Creating 0 CLs 20.00 m away from each AP.
CreateClNodes () DONE !!!
CreateNodes () DONE !!!
CreateMeshDevices () DONE !!!
CreateWifiDevices () DONE !!!
CreateCsmaDevices () DONE !!!
CreateDevices () DONE !!!
InstallInternetStack () DONE !!!
Gateway is connect to AP 0
InstallApplications () DONE !!!
Starting simulation for 80.00 s ...
-------------------------------------------------
Time[s]	ap-0	ap-1	ap-2	ap-3	ap-4	ap-5	ap-6	ap-7	ap-8	ap-9	ap-10	ap-11
2.00	0.00	0.00	0.00	0.00	0.00	0.00	0.00	0.00	0.00	0.00	0.00	0.00
3.00	6.78	6.82	0.00	0.00	0.00	0.00	0.00	0.00	0.00	0.00	0.00	0.00
4.00	8.70	8.70	0.00	0.00	0.00	0.00	0.00	0.00	0.00	0.00	0.00	0.00
5.00	8.70	8.70	3.18	3.64	0.00	0.78	2.52	0.40	1.53	0.44	1.44	1.51
6.00	8.69	8.69	2.96	3.46	0.81	0.00	0.22	1.35	1.14	0.00	0.91	0.02
7.00	8.70	8.70	1.22	2.11	1.79	0.24	0.49	1.85	0.24	0.00	0.88	0.49
8.00	8.70	8.70	3.83	1.85	1.87	0.00	0.66	2.43	0.66	0.00	1.06	0.00
9.00	8.70	8.70	2.76	2.25	2.66	0.00	5.65	2.56	0.54	0.01	1.32	0.00
10.00	8.70	8.70	7.50	6.31	6.30	0.01	5.72	6.28	0.99	0.48	0.51	0.00
11.00	8.69	8.69	4.03	6.30	4.59	0.00	1.70	5.62	0.79	0.09	0.51	1.64
12.00	8.70	8.70	6.05	6.29	6.30	0.02	5.79	5.70	5.90	0.00	1.31	1.53
13.00	8.70	8.70	2.76	3.92	4.52	0.49	2.20	1.38	0.59	0.49	0.48	0.34
14.00	8.70	8.70	4.43	6.68	5.66	4.72	4.22	4.38	1.11	0.00	1.38	1.98
15.00	8.70	8.70	3.25	6.18	6.30	5.90	5.70	5.55	0.15	0.58	1.77	1.86
16.00	8.69	8.69	7.50	2.39	6.30	2.57	5.08	5.11	1.37	0.00	2.86	2.10
17.00	8.70	8.70	0.75	3.74	6.30	0.32	6.01	5.31	2.72	0.18	0.69	1.04
18.00	8.70	8.70	3.18	3.72	6.28	2.16	5.70	5.70	2.76	1.20	0.54	0.68
19.00	8.70	8.70	5.62	2.93	5.72	0.00	4.93	5.70	2.19	1.50	1.67	0.59
20.00	8.70	8.70	3.63	0.15	5.85	3.33	4.65	4.68	2.76	1.30	1.19	1.21
21.00	8.69	8.69	1.91	2.16	4.03	0.24	2.05	4.31	1.87	0.49	0.07	0.86
22.00	8.70	8.70	0.00	5.46	7.05	5.25	2.74	5.70	0.00	0.02	1.34	2.18
23.00	8.70	8.70	4.33	5.98	5.57	2.72	4.69	5.70	0.09	0.49	2.93	2.98
24.00	8.70	8.70	1.80	5.73	4.15	1.85	3.73	4.62	1.55	0.11	0.34	1.48
25.00	8.69	8.69	2.83	2.23	5.20	1.39	4.02	2.87	1.61	0.00	0.18	0.11
26.00	8.70	8.70	0.01	1.02	2.64	1.27	1.68	1.15	1.05	0.73	0.95	0.15
27.00	8.70	8.70	0.00	3.30	5.57	4.73	5.76	5.70	0.97	0.00	2.40	0.81
28.00	8.70	8.70	0.00	6.30	6.29	5.91	5.92	5.70	1.31	0.00	1.58	2.07
29.00	8.70	8.70	1.74	6.16	6.28	6.29	5.90	5.70	1.04	0.00	0.49	0.00
30.00	8.69	8.69	2.98	0.98	4.40	0.66	2.27	3.72	0.52	0.00	1.28	0.07
31.00	8.70	8.70	2.27	0.72	2.72	0.01	1.65	3.33	1.25	0.00	0.13	0.24
32.00	8.70	8.70	5.23	5.94	3.53	0.72	3.60	4.55	0.75	0.00	0.01	1.11
33.00	8.70	8.70	3.63	5.64	5.39	0.18	3.73	5.69	2.67	0.00	0.66	2.60
34.00	8.70	8.70	3.17	6.31	6.30	4.84	6.50	5.70	5.39	0.00	2.04	1.34
35.00	8.69	8.69	6.72	6.29	6.30	5.52	5.91	5.18	4.72	0.00	0.24	0.65
36.00	8.70	8.70	7.40	6.31	6.30	0.91	5.99	5.71	5.37	0.00	0.05	0.04
37.00	8.70	8.70	5.18	3.87	4.52	2.37	3.40	3.29	3.34	0.00	0.12	0.91
38.00	8.70	8.70	2.92	1.83	5.53	2.48	3.27	4.76	2.67	0.00	0.69	0.12
39.00	8.70	8.70	5.33	0.48	5.71	5.03	0.41	5.64	3.98	0.00	4.60	1.14
40.00	8.69	8.69	7.49	4.04	6.29	5.37	5.71	5.71	5.37	0.00	4.33	0.73
41.00	8.70	8.70	6.59	6.29	6.30	1.25	2.36	5.70	5.43	0.26	3.91	1.42
42.00	8.70	8.70	7.50	6.30	6.16	0.00	0.58	5.69	5.32	0.00	4.50	3.63
43.00	8.70	8.70	4.26	1.10	4.69	0.73	1.27	3.03	1.84	0.00	2.10	1.40
44.00	8.70	8.69	1.46	0.47	2.00	1.28	3.13	2.03	2.76	0.00	1.22	0.53
45.00	8.69	8.70	3.86	0.45	4.58	0.33	3.32	2.44	0.29	0.71	0.02	1.24
46.00	8.70	8.70	1.48	2.92	4.62	0.00	1.75	1.20	0.78	0.00	1.35	0.00
47.00	8.70	8.70	2.46	2.30	0.27	0.00	0.79	3.91	0.32	0.92	0.41	0.00
48.00	8.70	8.70	2.71	6.28	5.81	4.69	2.76	5.70	0.08	0.00	0.00	0.27
49.00	8.69	8.69	2.77	3.21	6.04	0.19	5.59	5.70	0.22	0.00	2.93	0.18
50.00	8.70	8.70	4.76	1.87	4.71	0.47	1.74	4.78	0.16	0.00	1.35	1.08
51.00	8.70	8.70	0.97	0.51	2.27	0.55	2.78	2.39	0.68	0.00	1.21	0.02
52.00	8.70	8.70	3.10	3.90	6.30	0.99	5.99	5.70	2.70	0.00	0.00	0.02
53.00	8.70	8.70	5.38	6.30	5.52	0.00	5.89	5.70	3.46	0.00	0.93	0.00
54.00	8.69	8.69	0.49	6.30	6.30	0.00	6.01	5.70	4.91	0.00	0.01	3.94
55.00	8.70	8.70	2.57	6.15	1.75	0.99	6.01	5.70	3.59	0.00	0.22	1.20
56.00	8.70	8.70	5.65	5.56	5.18	0.07	5.97	5.17	3.25	0.00	1.06	1.51
57.00	8.70	8.70	6.25	2.11	4.91	0.00	1.38	2.63	0.15	0.00	1.30	0.41
58.00	8.70	8.70	5.37	2.85	5.28	1.20	5.12	5.70	0.97	0.00	4.27	0.12
59.00	8.69	8.69	4.26	6.29	6.31	0.49	6.01	5.64	0.00	0.00	1.55	1.80
60.00	8.70	8.70	7.48	6.05	6.29	0.21	5.98	5.31	0.39	0.00	0.59	2.40
61.00	8.70	8.70	2.46	2.25	2.71	0.09	2.54	2.57	2.44	0.00	0.15	1.48
62.00	8.70	8.70	7.76	5.16	6.11	0.49	5.88	0.44	3.56	0.00	0.89	0.51
63.00	8.70	8.70	6.16	0.93	5.28	0.00	0.19	6.70	3.97	0.00	1.57	0.08
64.00	8.69	8.69	7.41	4.97	6.30	1.00	2.18	5.43	3.33	0.00	0.59	0.52
65.00	8.70	8.70	6.71	5.09	6.29	4.09	4.40	5.55	0.77	0.00	4.00	0.01
66.00	8.70	8.70	3.77	3.18	5.24	3.11	1.35	5.49	1.01	0.00	3.27	0.00
67.00	8.70	8.70	0.00	0.99	4.39	0.00	2.61	2.43	0.81	0.00	2.07	0.00
68.00	8.69	8.69	2.37	4.64	6.26	0.00	5.88	5.70	2.08	0.00	3.44	1.00
69.00	8.70	8.70	5.51	6.11	5.79	1.17	3.70	5.09	2.28	0.00	0.92	1.52
70.00	8.70	8.70	1.08	6.30	3.96	0.00	5.00	5.70	2.06	0.00	0.49	1.01
71.00	8.70	8.70	1.25	6.30	6.30	0.00	5.99	5.70	5.78	0.00	0.00	0.19
72.00	8.70	8.70	7.50	1.20	6.30	0.00	6.01	5.70	5.39	0.00	3.50	3.09
73.00	8.69	8.69	7.49	6.57	6.30	0.00	0.37	5.70	4.19	0.00	0.29	3.86
74.00	8.70	8.70	6.78	4.99	6.19	0.00	1.25	4.84	3.85	0.00	0.71	2.72
75.00	8.70	8.70	3.96	2.80	4.29	0.00	4.91	4.15	3.44	0.00	0.51	0.68
76.00	8.70	8.70	3.92	4.33	4.35	0.00	5.83	5.57	5.25	0.00	3.53	0.52
77.00	8.70	8.70	0.49	4.60	6.30	0.00	5.99	5.70	5.41	0.00	2.73	3.70
78.00	8.69	8.69	0.00	6.30	6.30	0.00	6.01	5.70	5.37	0.00	4.51	4.20
79.00	8.70	8.70	5.81	2.19	4.30	0.00	4.71	2.64	0.71	0.00	0.89	1.94
10.2.1.2	8.87	8.43
10.2.1.3	8.87	21.52
10.1.1.7	3.94	34862.03
10.1.1.10	0.24	403994.09
10.1.1.8	4.65	12346.35
10.1.1.3	3.91	56285.90
10.1.1.11	1.46	74896.93
10.1.1.9	2.32	59872.46
10.1.1.4	4.09	70785.69
10.1.1.5	5.14	14972.75
10.1.1.6	1.62	126402.57
10.1.1.12	1.14	129864.89
