Waf: Entering directory `/home/synrg-sc1/Desktop/Jiaming/ns-3.29-mesh/build'
Waf: Leaving directory `/home/synrg-sc1/Desktop/Jiaming/ns-3.29-mesh/build'
Build commands will be stored in build/compile_commands.json
'build' finished successfully (4.871s)
CreateVariables () DONE !!!
Creating 17 APs 50.00 m apart.
CreateApNodes () DONE !!!
Creating 0 CLs 20.00 m away from each AP.
CreateClNodes () DONE !!!
CreateNodes () DONE !!!
CreateMeshDevices () DONE !!!
CreateWifiDevices () DONE !!!
CreateCsmaDevices () DONE !!!
CreateDevices () DONE !!!
InstallInternetStack () DONE !!!
Gateway is connect to AP 0
InstallApplications () DONE !!!
Starting simulation for 80.00 s ...
-------------------------------------------------
Time[s]	ap-0	ap-1	ap-2	ap-3	ap-4	ap-5	ap-6	ap-7	ap-8	ap-9	ap-10	ap-11	ap-12	ap-13	ap-14	ap-15	ap-16
2.00	0.00	0.00	0.00	0.00	0.00	0.00	0.00	0.00	0.00	0.00	0.00	0.00	0.00	0.00	0.00	0.00	0.00
3.00	6.58	6.09	0.00	0.00	0.00	0.00	0.00	0.00	0.00	0.00	0.00	0.00	0.00	0.00	0.00	0.00	0.00
4.00	8.10	7.50	0.00	0.00	0.00	0.00	0.00	0.00	0.00	0.00	0.00	0.00	0.00	0.00	0.00	0.00	0.00
5.00	8.10	7.50	2.91	0.04	0.04	0.28	0.00	1.55	1.61	1.72	0.00	1.01	2.07	0.04	0.04	1.31	1.20
6.00	8.10	7.50	6.30	0.64	0.41	0.05	0.48	4.44	0.53	3.30	0.04	1.37	4.04	0.07	0.48	1.52	2.05
7.00	8.10	7.50	4.92	1.44	0.55	0.00	1.63	2.64	0.00	2.57	0.00	0.68	3.47	1.61	0.53	1.72	1.19
8.00	8.09	7.50	0.95	4.12	1.26	0.98	0.88	5.12	1.93	1.94	0.00	2.17	3.45	0.80	0.27	2.46	1.22
9.00	8.10	7.50	4.57	4.86	0.09	0.00	0.81	2.19	0.00	3.96	0.00	0.09	0.11	0.47	0.68	0.41	2.43
10.00	8.10	7.49	6.90	1.11	0.15	0.00	3.13	4.95	2.30	0.84	0.00	3.74	3.76	0.55	1.44	0.81	2.05
11.00	8.10	7.50	6.01	2.39	0.49	1.24	0.21	4.71	0.05	2.39	0.00	0.85	3.19	0.00	0.27	3.31	2.47
12.00	8.10	7.50	5.95	2.39	1.35	0.02	1.18	4.96	1.01	4.00	0.00	1.17	3.33	2.10	0.98	1.87	1.57
13.00	8.10	7.50	6.38	2.25	0.74	0.07	2.18	3.78	2.43	3.84	0.00	1.63	2.17	0.87	0.16	2.92	1.51
14.00	8.09	7.50	5.38	5.11	2.60	1.22	1.52	4.19	2.78	4.31	0.00	0.66	1.73	0.49	0.51	2.18	0.99
15.00	8.10	7.50	5.55	2.34	4.06	0.46	0.27	5.11	0.00	4.80	0.00	1.22	1.02	2.32	0.12	0.22	1.87
16.00	8.10	7.50	5.33	5.16	1.01	0.00	1.38	4.38	0.85	3.05	0.00	0.66	2.65	2.32	1.47	3.51	2.08
17.00	8.10	7.50	4.25	5.19	2.94	0.68	2.19	4.45	0.00	1.30	0.00	2.10	1.72	0.21	0.12	1.91	2.07
18.00	8.10	7.50	5.22	4.93	0.84	1.17	3.43	5.11	2.43	1.70	0.00	1.53	1.68	1.18	1.35	1.41	2.20
19.00	8.10	7.49	1.20	4.88	0.58	0.24	0.51	4.99	1.05	3.60	0.00	1.05	2.71	1.15	1.98	1.14	1.63
20.00	8.09	7.50	3.56	1.52	0.00	0.53	0.00	4.43	2.14	3.79	0.00	2.73	2.77	3.87	0.49	1.94	2.20
21.00	8.10	7.50	5.75	5.39	1.33	0.95	0.19	3.18	0.65	4.53	0.00	1.24	3.58	2.51	0.35	0.52	1.97
22.00	8.10	7.50	6.78	6.44	4.40	0.00	0.02	5.10	1.28	4.72	0.00	4.49	2.90	0.75	0.00	2.25	2.43
23.00	8.10	7.50	3.77	4.29	0.13	0.11	0.61	4.97	0.89	4.49	0.00	1.58	1.88	1.10	1.18	1.79	0.57
24.00	8.10	7.50	3.42	6.58	1.08	0.00	0.00	4.99	0.42	4.60	0.00	1.28	3.90	1.39	2.04	1.30	1.34
25.00	8.10	7.50	5.51	3.33	0.32	0.53	0.72	4.83	2.18	4.00	0.00	3.66	1.81	0.46	1.51	0.37	2.12
26.00	8.09	7.50	5.19	5.12	0.47	0.02	0.77	4.23	0.16	4.37	0.00	3.74	4.83	0.00	0.59	2.45	2.27
27.00	8.10	7.50	2.19	2.52	0.00	0.93	1.87	4.27	2.18	3.70	0.00	1.17	1.64	3.40	1.61	2.51	1.66
28.00	8.10	7.49	5.78	3.60	2.11	0.89	2.21	3.34	2.00	3.72	0.00	0.77	1.37	3.33	1.52	2.43	1.78
29.00	8.10	7.50	6.09	5.53	1.11	2.00	0.24	2.07	2.48	4.53	0.00	0.99	4.03	0.99	1.52	0.94	1.88
30.00	8.10	7.50	4.57	5.69	3.65	0.54	0.78	5.51	0.31	4.80	0.00	2.08	1.79	3.17	0.94	2.45	2.57
31.00	8.10	7.50	4.29	4.12	2.28	0.68	2.18	3.72	1.17	3.26	0.00	1.91	2.44	1.28	0.78	0.66	1.39
32.00	8.10	7.50	2.03	4.70	2.38	0.00	2.70	4.19	1.06	3.40	0.00	0.18	2.86	0.25	0.94	2.81	2.11
33.00	8.09	7.50	4.79	2.10	0.62	0.00	2.34	3.73	1.14	3.57	0.00	2.48	3.11	0.00	1.65	1.97	1.58
34.00	8.10	7.50	5.44	2.71	2.41	0.41	0.82	2.87	0.29	4.07	0.00	3.31	3.43	2.70	2.84	1.39	1.11
35.00	8.10	7.50	3.83	0.14	2.33	0.00	1.32	4.53	0.38	3.65	0.00	0.41	2.85	1.21	1.61	2.83	0.80
36.00	8.10	7.50	6.90	4.98	1.75	0.51	0.64	4.98	2.74	3.05	0.00	0.00	4.02	1.71	0.01	2.85	0.00
37.00	8.10	7.49	5.76	2.38	0.97	0.64	1.94	5.02	0.66	3.23	0.00	0.49	4.00	0.12	0.60	1.10	1.81
38.00	8.10	7.50	6.90	0.53	4.98	0.18	1.15	5.11	0.00	4.80	0.00	0.00	4.50	0.48	0.00	3.00	2.39
39.00	8.09	7.50	3.73	3.69	2.25	0.07	1.18	3.17	0.59	2.80	0.00	0.09	3.21	0.49	0.00	2.10	1.26
40.00	8.10	7.50	3.86	7.50	0.71	0.98	4.99	5.65	0.92	4.63	0.00	2.93	4.33	0.71	2.03	0.46	1.12
41.00	8.10	7.50	3.76	1.64	0.49	0.21	3.62	2.89	0.68	2.93	0.00	2.21	2.70	1.40	1.68	1.84	1.17
42.00	8.10	7.50	6.05	0.49	0.00	0.00	0.68	2.24	1.74	1.72	0.00	0.51	1.98	1.00	1.42	0.49	2.27
43.00	8.10	7.50	1.13	4.09	5.18	0.25	0.00	5.99	0.32	4.93	0.00	2.14	1.22	0.51	0.65	0.28	2.34
44.00	8.10	7.50	4.75	4.95	3.10	0.16	2.41	4.32	2.17	4.36	0.00	2.73	4.13	0.59	2.57	1.61	1.97
45.00	8.09	7.50	5.77	3.64	1.66	1.19	0.80	5.10	1.39	3.47	0.00	3.60	4.22	2.05	0.57	3.00	2.14
46.00	8.10	7.49	6.41	4.90	1.20	1.84	0.00	4.13	1.07	4.33	0.00	2.71	2.07	2.28	0.25	0.82	2.32
47.00	8.10	7.50	3.67	3.62	2.66	0.25	0.85	5.52	1.84	4.73	0.00	0.26	3.54	2.48	2.44	1.52	0.18
48.00	8.10	7.50	1.08	4.53	0.00	0.00	0.81	4.11	1.52	4.80	0.00	1.53	3.67	1.85	0.00	1.91	1.94
49.00	8.10	7.50	5.32	4.93	1.78	0.11	0.00	3.20	1.45	4.80	0.00	2.91	2.08	4.20	0.00	3.00	1.64
50.00	8.10	7.50	6.31	2.93	1.32	1.12	0.05	3.66	0.95	3.96	0.00	0.64	1.22	3.18	1.00	1.58	2.08
51.00	8.09	7.50	1.84	2.47	3.39	0.67	4.40	3.39	0.02	4.80	0.00	0.00	3.19	3.24	0.99	1.85	1.97
52.00	8.10	7.50	6.67	2.50	2.47	0.95	0.68	4.46	3.49	4.79	0.00	3.56	4.09	0.53	2.18	2.94	2.67
53.00	8.10	7.50	5.28	3.99	2.50	0.00	2.26	3.96	0.14	4.76	0.00	0.01	3.09	0.49	1.00	2.81	2.07
54.00	8.10	7.50	3.94	4.18	2.12	0.35	0.46	2.63	0.00	4.44	0.00	1.15	4.02	1.97	2.37	1.75	1.19
55.00	8.10	7.49	2.48	0.00	3.54	0.06	0.51	4.92	1.78	4.20	0.00	1.79	4.52	1.90	0.99	1.95	1.30
56.00	8.10	7.50	6.67	6.09	2.52	0.55	1.32	5.28	0.35	4.82	0.00	0.52	3.06	3.60	0.08	2.92	2.00
57.00	8.10	7.50	5.36	3.39	0.37	0.00	0.80	4.05	2.73	4.79	0.00	0.85	4.51	1.77	1.40	2.17	2.93
58.00	8.09	7.50	6.65	6.30	2.72	1.21	1.15	5.03	3.52	4.80	0.00	0.26	4.50	0.49	0.00	0.28	1.65
59.00	8.10	7.50	6.01	4.52	3.47	0.42	1.68	5.10	2.94	4.71	0.00	2.52	3.85	1.44	0.19	1.50	2.30
60.00	8.10	7.50	6.68	1.00	0.51	0.01	0.38	5.10	1.41	3.98	0.00	1.35	4.00	1.68	0.84	3.07	2.38
61.00	8.10	7.50	5.06	4.40	1.66	0.33	1.79	2.68	1.70	4.73	0.00	0.48	2.34	2.17	0.00	2.93	1.01
62.00	8.10	7.50	5.88	5.48	0.64	0.07	0.73	3.66	0.55	4.80	0.00	0.88	4.10	0.48	0.75	2.66	1.30
63.00	8.10	7.50	6.23	1.25	0.98	0.00	0.49	3.12	0.00	4.62	0.00	0.16	4.04	2.92	0.08	2.56	1.22
64.00	8.09	7.49	3.96	2.19	0.18	0.00	1.95	4.22	1.80	3.52	0.00	3.65	1.70	2.56	0.20	2.30	0.02
65.00	8.10	7.50	2.70	5.42	1.79	0.81	1.59	3.76	0.14	2.72	0.00	0.74	2.92	2.00	0.72	0.74	2.24
66.00	8.10	7.50	5.76	2.53	2.16	1.77	2.80	5.10	1.38	2.26	0.00	1.94	4.29	3.32	2.59	2.26	1.34
67.00	8.10	7.50	5.25	5.09	1.81	0.00	2.28	2.58	1.68	1.35	0.00	2.10	3.11	0.07	0.00	3.49	1.47
68.00	8.10	7.50	5.62	6.06	0.46	0.67	0.40	3.64	0.80	2.20	0.00	0.51	4.37	3.18	0.16	2.99	2.19
69.00	8.10	7.50	6.90	5.05	2.85	0.02	2.89	4.05	0.00	3.14	0.00	0.00	1.22	0.85	1.94	2.34	1.74
70.00	8.09	7.50	5.83	3.90	1.12	0.00	3.97	4.99	0.11	3.13	0.00	2.08	1.55	3.16	2.96	2.66	2.06
71.00	8.10	7.50	3.24	3.69	1.78	0.02	2.58	5.09	1.63	4.80	0.00	1.22	1.28	0.45	1.15	1.99	0.57
72.00	8.10	7.50	5.83	4.50	1.77	0.58	1.19	3.54	3.01	3.89	0.00	2.39	2.53	0.11	1.22	0.44	2.24
73.00	8.10	7.49	3.66	4.84	2.98	1.94	0.00	4.10	2.44	4.79	0.00	1.10	1.25	1.14	0.65	1.32	1.30
74.00	8.10	7.50	4.55	2.97	3.92	0.00	0.53	5.11	1.37	4.80	0.00	1.04	1.64	0.00	1.98	2.99	0.84
75.00	8.10	7.50	2.58	1.68	2.10	0.00	0.04	2.00	0.66	4.40	0.00	1.25	1.85	0.68	0.46	2.53	2.28
76.00	8.09	7.50	6.55	2.63	1.26	0.98	2.11	5.32	0.99	4.79	0.00	0.51	3.34	1.39	1.34	2.16	2.32
77.00	8.10	7.50	3.65	2.99	4.04	1.34	2.46	3.52	0.99	4.71	0.00	1.01	0.25	3.01	0.00	1.07	1.68
78.00	8.10	7.50	3.84	5.73	2.74	0.97	0.87	4.95	1.13	3.58	0.00	0.61	2.33	0.00	0.53	0.72	2.36
79.00	8.10	7.50	1.87	4.24	1.07	0.49	2.04	4.15	1.78	3.49	0.00	1.80	4.35	1.50	2.06	1.67	1.42
10.2.1.2	8.25	8.16
10.2.1.3	7.64	8.22
10.1.1.5	1.77	113780.61
10.1.1.6	0.49	201062.59
10.1.1.14	1.54	129900.02
10.1.1.10	3.91	29593.78
10.1.1.11	817.88	1035401.00
10.1.1.17	1.77	61038.90
10.1.1.16	1.97	63105.87
10.1.1.15	0.98	205392.57
10.1.1.3	4.90	26347.33
10.1.1.4	3.78	38265.03
10.1.1.7	1.42	118684.30
10.1.1.8	4.29	25147.34
10.1.1.9	1.27	128822.90
10.1.1.12	1.53	102707.66
10.1.1.13	2.96	43996.72
