Waf: Entering directory `/home/synrg-sc1/Desktop/Jiaming/ns-3.29-mesh/build'
Waf: Leaving directory `/home/synrg-sc1/Desktop/Jiaming/ns-3.29-mesh/build'
Build commands will be stored in build/compile_commands.json
'build' finished successfully (4.927s)
CreateVariables () DONE !!!
Creating 14 APs 50.00 m apart.
CreateApNodes () DONE !!!
Creating 0 CLs 20.00 m away from each AP.
CreateClNodes () DONE !!!
CreateNodes () DONE !!!
CreateMeshDevices () DONE !!!
CreateWifiDevices () DONE !!!
CreateCsmaDevices () DONE !!!
CreateDevices () DONE !!!
InstallInternetStack () DONE !!!
Gateway is connect to AP 0
InstallApplications () DONE !!!
Starting simulation for 80.00 s ...
-------------------------------------------------
Time[s]	ap-0	ap-1	ap-2	ap-3	ap-4	ap-5	ap-6	ap-7	ap-8	ap-9	ap-10	ap-11	ap-12	ap-13
2.00	0.00	0.00	0.00	0.00	0.00	0.00	0.00	0.00	0.00	0.00	0.00	0.00	0.00	0.00
3.00	4.07	3.74	3.60	0.00	0.00	0.00	0.00	0.00	0.00	0.00	0.00	0.00	0.00	0.00
4.00	7.81	7.21	6.90	0.00	0.00	0.00	0.00	0.00	0.00	0.00	0.00	0.00	0.00	0.00
5.00	7.80	7.20	6.90	1.06	2.98	2.17	0.07	2.43	0.22	1.22	0.34	2.78	1.08	0.00
6.00	7.80	7.21	6.90	3.98	2.96	5.11	0.87	4.62	2.43	2.51	3.57	4.27	1.04	0.45
7.00	7.81	7.20	6.90	1.06	1.37	3.18	1.48	5.41	1.67	4.39	1.80	4.05	4.24	2.14
8.00	7.80	7.20	6.90	2.74	3.26	2.73	1.66	5.39	1.75	2.66	2.84	3.44	1.46	0.00
9.00	7.80	7.21	6.90	0.82	1.14	2.01	6.09	5.36	0.61	1.72	0.58	4.40	1.81	1.34
10.00	7.81	7.20	6.90	0.00	4.63	1.60	5.91	5.39	1.04	0.99	0.00	4.13	1.31	2.31
11.00	7.80	7.21	6.90	1.90	3.80	0.62	5.71	5.41	0.14	1.93	2.32	4.79	3.99	0.00
12.00	7.81	7.20	6.90	0.00	2.26	5.15	5.55	5.24	0.09	3.44	2.33	3.36	3.27	1.37
13.00	7.80	7.20	6.90	3.56	3.36	5.02	2.45	5.39	0.16	2.90	1.99	4.31	3.76	1.65
14.00	7.80	7.21	6.90	1.37	3.09	5.70	6.34	5.39	4.52	3.82	4.92	1.95	3.71	2.71
15.00	7.81	7.20	6.90	0.88	1.63	5.70	3.77	5.41	3.07	5.08	4.90	4.80	3.87	1.17
16.00	7.80	7.21	6.90	0.01	6.38	5.43	0.35	4.95	1.51	4.55	5.19	4.80	3.34	1.02
17.00	7.80	7.20	6.89	6.18	3.94	4.51	2.71	4.44	1.27	2.40	5.08	3.79	3.32	1.15
18.00	7.81	7.21	6.90	1.99	5.66	5.70	4.96	3.64	0.25	2.89	1.73	2.12	1.66	0.31
19.00	7.80	7.20	6.90	2.67	5.52	5.45	4.66	5.28	1.81	1.54	1.72	2.90	2.73	0.00
20.00	7.80	7.20	6.90	3.99	5.29	5.57	5.16	4.80	2.86	2.64	1.17	4.71	2.93	0.24
21.00	7.81	7.21	6.90	0.95	1.34	5.66	5.59	4.84	0.33	1.70	0.99	3.30	3.67	1.74
22.00	7.80	7.20	6.90	2.96	5.06	5.71	3.49	4.68	1.48	3.27	4.72	3.52	3.90	0.07
23.00	7.81	7.21	6.90	4.80	2.25	5.19	1.83	5.41	0.00	2.14	2.34	4.80	3.67	0.25
24.00	7.80	7.20	6.90	5.42	3.37	5.70	2.74	5.39	2.40	5.94	1.11	4.79	2.91	2.84
25.00	7.80	7.20	6.90	2.01	3.91	5.09	4.92	4.72	3.27	2.52	2.11	4.80	3.78	3.49
26.00	7.81	7.21	6.90	1.24	0.99	4.82	3.54	5.39	1.75	4.00	0.69	4.80	3.76	1.97
27.00	7.80	7.20	6.90	0.00	4.62	5.70	3.13	5.41	3.79	2.18	1.80	4.79	3.90	3.60
28.00	7.80	7.21	6.90	0.49	2.46	5.69	5.49	5.37	1.83	2.41	0.01	4.77	3.87	3.57
29.00	7.81	7.20	6.90	4.42	4.50	5.39	3.34	2.08	0.87	1.30	0.00	4.52	3.73	2.13
30.00	7.80	7.20	6.90	5.03	4.11	5.77	1.18	2.57	5.76	4.42	3.12	4.90	3.64	2.31
31.00	7.80	7.21	6.90	0.66	1.80	4.32	1.73	5.39	0.86	3.39	3.18	4.33	4.10	0.78
32.00	7.81	7.20	6.90	0.01	5.69	5.71	3.59	5.39	0.82	4.10	0.00	4.71	3.77	0.88
33.00	7.80	7.21	6.90	0.00	1.71	5.12	5.20	5.41	0.60	3.18	1.57	3.99	2.90	0.06
34.00	7.81	7.20	6.89	3.31	6.01	5.70	0.06	5.41	0.00	5.10	5.10	4.82	4.73	2.26
35.00	7.80	7.21	6.90	2.73	4.70	4.69	5.48	2.52	3.32	3.59	1.55	4.79	3.91	1.28
36.00	7.80	7.20	6.90	0.00	5.82	5.17	0.75	5.53	0.48	3.67	3.05	4.80	3.53	2.31
37.00	7.81	7.20	6.90	1.25	5.75	5.70	0.49	5.39	0.24	0.00	0.02	4.49	3.90	1.17
38.00	7.80	7.21	6.90	0.20	3.25	5.29	1.98	5.33	1.54	4.72	0.00	3.70	3.73	0.00
39.00	7.80	7.20	6.90	0.00	0.49	3.71	0.49	5.41	2.60	0.91	0.49	2.68	2.27	0.00
40.00	7.81	7.21	6.90	1.12	0.19	5.70	3.32	5.39	5.16	1.15	1.38	4.78	3.83	2.13
41.00	7.80	7.20	6.90	1.35	4.52	5.37	2.13	4.77	2.18	0.29	1.34	4.82	2.51	1.07
42.00	7.80	7.20	6.90	2.70	5.99	5.71	5.71	5.39	2.63	3.04	2.07	4.80	3.89	0.02
43.00	7.81	7.21	6.90	0.00	4.71	5.70	5.29	5.41	2.65	0.00	0.77	4.80	3.37	1.18
44.00	7.80	7.20	6.90	0.49	5.31	5.70	4.64	5.39	0.74	0.00	0.81	4.80	3.90	0.00
45.00	7.81	7.21	6.90	0.08	3.19	4.78	1.64	5.41	3.99	2.28	2.45	4.79	2.74	0.21
46.00	7.80	7.20	6.90	2.68	5.09	5.38	4.24	4.50	0.99	2.39	2.20	4.37	1.78	2.32
47.00	7.80	7.21	6.90	0.00	2.67	5.71	2.57	3.64	2.40	1.47	1.54	4.30	3.91	1.77
48.00	7.81	7.20	6.90	5.17	5.99	5.70	0.75	5.41	4.05	2.76	4.10	4.80	3.90	3.59
49.00	7.80	7.20	6.89	1.67	3.25	5.57	1.88	5.39	2.13	2.06	4.04	4.71	3.87	1.38
50.00	7.80	7.21	6.90	0.00	5.99	5.70	5.70	5.41	0.00	0.08	3.85	4.50	3.79	0.33
51.00	7.81	7.20	6.90	2.41	4.31	5.42	3.70	5.32	1.95	2.93	2.18	4.47	3.17	0.00
52.00	7.80	7.21	6.90	0.93	3.44	5.70	3.06	4.19	2.83	5.05	2.25	4.79	3.90	3.00
53.00	7.80	7.20	6.90	0.33	3.91	5.35	2.72	2.87	2.83	3.59	2.20	2.04	3.38	0.32
54.00	7.81	7.20	6.90	1.18	5.46	5.31	5.65	3.64	4.97	5.11	5.57	4.75	3.90	0.40
55.00	7.80	7.21	6.90	0.00	4.68	5.08	3.92	1.48	0.00	0.01	0.62	4.59	3.20	0.72
56.00	7.81	7.20	6.90	4.04	3.94	5.58	5.46	3.50	2.43	2.87	3.20	2.65	3.18	1.70
57.00	7.80	7.21	6.90	2.63	4.82	4.89	0.94	5.41	1.52	0.25	3.89	4.02	3.74	0.73
58.00	7.80	7.20	6.90	4.59	1.97	5.70	2.66	5.39	0.68	1.34	0.48	4.36	3.47	0.02
59.00	7.81	7.20	6.90	0.12	0.93	5.69	2.70	4.10	0.07	3.62	2.59	3.56	3.06	0.00
60.00	7.80	7.21	6.90	1.26	5.68	5.68	0.82	0.65	3.65	5.11	1.14	4.15	3.67	2.72
61.00	7.80	7.20	6.90	0.49	4.39	5.10	0.71	3.45	2.13	3.07	0.88	4.85	3.38	0.82
62.00	7.81	7.21	6.90	1.95	3.72	5.68	4.10	5.32	0.18	4.19	3.45	4.79	3.86	0.49
63.00	7.80	7.20	6.90	0.75	5.69	5.62	5.48	5.39	1.78	3.16	2.57	4.75	2.26	1.52
64.00	7.80	7.21	6.90	0.75	5.55	4.86	5.18	4.90	1.53	2.05	0.31	4.69	2.72	0.07
65.00	7.81	7.20	6.90	0.41	4.85	4.83	3.74	4.76	1.74	3.16	1.50	1.79	3.72	0.00
66.00	7.80	7.20	6.89	0.06	5.10	4.90	5.63	5.41	1.52	2.41	2.39	4.80	2.70	0.87
67.00	7.81	7.21	6.90	2.68	3.66	4.27	0.54	4.46	2.34	2.79	4.20	1.54	2.61	1.55
68.00	7.80	7.20	6.90	4.11	1.02	4.49	1.18	5.29	1.72	2.19	3.76	4.79	3.91	3.47
69.00	7.80	7.21	6.90	1.75	0.61	5.69	1.47	5.30	0.21	4.49	2.61	4.72	3.90	2.78
70.00	7.81	7.20	6.90	0.02	4.70	5.33	1.84	5.39	0.34	5.10	0.79	3.84	3.90	0.92
71.00	7.80	7.20	6.90	0.21	2.80	5.13	0.65	4.47	2.01	3.82	2.76	3.21	3.38	1.85
72.00	7.80	7.21	6.90	1.81	4.68	5.32	3.39	4.60	1.26	1.94	0.49	3.56	2.41	1.04
73.00	7.81	7.20	6.90	1.78	5.97	5.61	5.70	5.41	0.00	4.93	0.75	1.61	3.86	1.59
74.00	7.80	7.21	6.90	4.45	5.05	5.62	5.02	5.39	0.86	4.50	3.00	3.00	3.90	2.52
75.00	7.80	7.20	6.90	2.13	4.36	5.70	2.92	5.41	1.67	3.37	2.84	4.80	3.90	0.87
76.00	7.81	7.20	6.90	1.11	5.66	5.70	0.93	5.39	0.01	0.58	1.58	4.62	3.63	1.85
77.00	7.80	7.21	6.90	1.66	2.32	5.52	1.92	5.41	1.24	2.56	0.49	1.87	2.67	0.62
78.00	7.81	7.20	6.90	0.34	1.38	5.62	6.74	5.39	1.54	4.05	0.65	4.80	3.98	1.94
79.00	7.80	7.21	6.90	0.19	3.24	1.74	2.16	2.98	1.92	2.87	1.22	2.23	3.34	1.60
10.2.1.4	7.03	8.88
10.2.1.2	7.95	8.03
10.2.1.3	7.34	9.00
10.1.1.8	4.85	19997.02
10.1.1.9	1.74	107658.43
10.1.1.13	3.41	15271.22
10.1.1.10	2.88	63251.77
10.1.1.11	2.16	86145.78
10.1.1.4	1.78	133547.00
10.1.1.5	3.92	41354.71
10.1.1.12	4.18	15299.91
10.1.1.14	1.33	137243.08
10.1.1.6	5.18	9439.51
10.1.1.7	3.29	65157.46
