Waf: Entering directory `/home/synrg-sc1/Desktop/Jiaming/ns-3.29-mesh/build'
Waf: Leaving directory `/home/synrg-sc1/Desktop/Jiaming/ns-3.29-mesh/build'
Build commands will be stored in build/compile_commands.json
'build' finished successfully (4.802s)
CreateVariables () DONE !!!
Creating 20 APs 50.00 m apart.
CreateApNodes () DONE !!!
Creating 0 CLs 20.00 m away from each AP.
CreateClNodes () DONE !!!
CreateNodes () DONE !!!
CreateMeshDevices () DONE !!!
CreateWifiDevices () DONE !!!
CreateCsmaDevices () DONE !!!
CreateDevices () DONE !!!
InstallInternetStack () DONE !!!
Gateway is connect to AP 0
InstallApplications () DONE !!!
Starting simulation for 80.00 s ...
-------------------------------------------------
Time[s]	ap-0	ap-1	ap-2	ap-3	ap-4	ap-5	ap-6	ap-7	ap-8	ap-9	ap-10	ap-11	ap-12	ap-13	ap-14	ap-15	ap-16	ap-17	ap-18	ap-19
2.00	0.00	0.00	0.00	0.00	0.00	0.00	0.00	0.00	0.00	0.00	0.00	0.00	0.00	0.00	0.00	0.00	0.00	0.00	0.00	0.00
3.00	4.56	4.36	0.00	0.00	0.00	0.00	0.00	0.00	0.00	0.00	0.00	0.00	0.00	0.00	0.00	0.00	0.00	0.00	0.00	0.00
4.00	6.90	6.61	0.00	0.00	0.00	0.00	0.00	0.00	0.00	0.00	0.00	0.00	0.00	0.00	0.00	0.00	0.00	0.00	0.00	0.00
5.00	6.90	6.59	1.33	0.60	0.65	0.18	0.88	2.56	3.16	2.23	0.00	0.00	2.64	0.51	1.99	2.24	0.72	0.49	0.55	0.00
6.00	6.90	6.61	1.74	0.00	3.47	0.00	2.12	3.80	4.71	1.90	0.00	0.00	2.24	2.23	2.74	2.45	0.85	1.73	0.77	0.52
7.00	6.90	6.59	4.05	0.33	2.74	0.31	3.06	0.31	2.89	0.97	0.11	0.00	3.40	0.47	1.00	1.21	0.80	0.12	0.84	0.00
8.00	6.90	6.61	5.69	0.93	2.31	0.73	3.83	1.85	4.79	0.00	0.38	2.61	3.74	2.53	0.00	1.45	0.22	1.10	1.01	0.41
9.00	6.90	6.59	2.50	0.15	4.27	1.14	1.81	1.98	5.11	0.00	2.08	1.59	1.66	0.67	0.14	1.37	0.04	0.04	0.27	0.00
10.00	6.90	6.61	5.08	0.33	2.71	0.99	4.26	2.92	3.85	0.97	0.01	2.94	3.65	1.91	1.12	1.52	0.00	0.00	0.49	0.00
11.00	6.90	6.59	3.36	0.49	4.43	0.00	4.90	1.04	4.77	3.36	0.00	0.39	4.07	2.66	1.92	0.00	1.58	2.23	0.12	0.52
12.00	6.90	6.61	3.40	0.05	5.37	0.00	5.05	0.00	5.10	3.52	0.00	3.66	4.47	4.27	1.15	3.24	0.00	2.32	0.51	0.51
13.00	6.90	6.59	4.51	2.14	5.43	0.73	3.18	2.28	4.06	0.62	0.00	2.57	4.03	0.78	2.98	1.84	0.79	0.42	0.68	0.31
14.00	6.90	6.61	5.70	5.75	5.41	0.00	0.08	0.00	0.12	0.02	5.90	4.80	0.16	0.00	0.00	0.00	0.20	0.01	0.00	0.00
15.00	6.90	6.59	2.12	0.98	5.39	0.00	0.00	0.00	0.00	0.00	5.00	4.80	0.00	0.00	0.00	0.00	0.00	0.00	0.00	0.00
16.00	6.90	6.59	5.70	0.00	5.41	0.00	0.00	0.00	0.00	0.00	5.10	4.80	0.00	0.00	0.00	0.00	0.00	0.00	0.00	0.00
17.00	6.89	6.61	5.53	0.00	5.35	0.00	0.00	0.00	0.00	0.00	4.84	4.79	0.00	0.00	0.00	0.00	0.00	0.00	0.00	0.00
18.00	6.90	6.59	5.70	0.00	5.41	0.00	0.00	0.00	0.00	0.00	5.10	4.80	0.00	0.00	0.00	0.00	0.00	0.00	0.00	0.00
19.00	6.90	6.61	0.94	0.00	5.32	0.00	0.00	0.00	0.00	0.00	5.10	4.79	2.77	0.00	2.58	0.00	0.00	0.00	0.00	0.00
20.00	6.90	6.59	5.18	2.45	5.41	0.00	0.02	0.49	5.15	0.00	5.10	4.79	2.54	0.00	4.07	0.99	0.22	0.00	0.00	0.00
21.00	6.90	6.61	2.76	4.44	5.41	2.04	0.97	0.08	1.98	0.05	2.58	1.46	3.82	0.00	3.36	0.00	0.00	0.79	0.12	0.00
22.00	6.90	6.59	5.48	4.57	5.10	1.52	1.18	4.19	4.97	0.45	4.71	0.47	0.00	0.00	2.79	0.16	0.21	1.19	0.02	0.00
23.00	6.90	6.61	5.19	1.25	2.28	0.66	0.00	1.81	2.98	0.98	3.18	1.45	0.78	0.00	2.34	0.24	0.18	0.19	0.68	0.00
24.00	6.90	6.59	3.85	3.25	5.37	1.72	1.07	2.63	4.91	0.44	3.47	4.72	3.79	0.00	2.81	0.84	0.00	1.02	0.93	0.62
25.00	6.90	6.61	2.08	2.14	2.53	0.99	0.26	1.07	3.42	1.30	1.81	3.56	3.26	0.00	2.92	0.46	0.72	1.53	0.95	0.44
26.00	6.90	6.59	5.49	2.65	4.68	0.20	0.85	1.74	4.17	0.20	0.00	3.34	1.06	0.00	4.23	1.02	1.75	1.30	1.22	0.15
27.00	6.90	6.61	2.06	2.74	4.20	0.26	0.75	2.10	2.94	2.50	1.90	4.73	2.56	0.00	0.91	0.73	0.20	1.06	0.20	0.89
28.00	6.90	6.59	5.04	3.17	5.36	5.45	0.79	2.08	1.04	1.71	4.12	2.79	2.32	0.00	1.22	0.49	0.04	0.07	1.26	0.47
29.00	6.90	6.59	1.11	3.23	3.66	3.43	2.70	2.98	2.47	0.42	3.73	2.07	1.83	0.00	1.68	1.35	0.53	1.31	0.20	0.22
30.00	6.90	6.61	2.06	4.33	3.64	3.29	2.20	3.90	2.41	1.87	3.10	3.10	2.65	0.00	3.30	0.69	0.67	0.39	1.05	0.14
31.00	6.90	6.59	2.47	3.77	3.92	0.46	0.79	1.84	4.16	1.20	3.80	2.78	2.74	0.00	3.32	0.60	0.00	1.30	0.00	0.00
32.00	6.90	6.61	0.00	0.00	5.41	1.04	2.44	0.47	4.40	0.31	5.11	4.52	1.91	0.00	2.20	5.18	0.12	0.55	0.19	1.33
33.00	6.90	6.59	1.33	1.87	5.26	0.97	0.06	1.77	0.93	1.08	2.66	3.19	2.50	0.00	5.28	2.40	0.88	0.82	0.32	0.06
34.00	6.89	6.61	2.57	1.86	4.83	3.09	1.44	2.99	1.70	2.26	4.85	3.96	3.53	0.00	3.96	2.10	0.45	2.06	0.41	0.01
35.00	6.90	6.59	0.49	1.94	4.79	0.94	0.00	0.00	2.77	0.98	2.85	3.19	0.20	0.00	3.05	0.46	1.50	0.53	1.37	0.61
36.00	6.90	6.61	4.18	1.78	4.68	1.38	1.01	1.51	3.84	0.27	2.32	2.50	3.87	0.00	1.35	1.30	0.73	0.14	1.12	0.05
37.00	6.90	6.59	5.37	2.16	2.58	1.79	1.10	0.62	3.39	0.67	1.87	3.29	1.52	0.00	2.80	0.00	2.23	0.65	1.45	0.00
38.00	6.90	6.61	5.38	0.00	5.33	1.04	1.59	1.60	3.51	0.57	1.44	3.94	3.26	0.00	2.80	0.46	0.57	0.58	0.44	0.02
39.00	6.90	6.59	2.31	4.23	5.42	3.60	0.15	1.41	1.88	2.47	0.75	4.39	3.46	0.00	2.30	0.00	0.00	0.00	0.06	0.02
40.00	6.90	6.61	3.99	1.41	3.26	2.58	0.64	2.17	3.92	1.40	1.27	3.27	4.42	0.00	3.46	0.49	0.04	1.67	0.85	0.52
41.00	6.90	6.59	2.36	3.70	3.80	1.37	2.14	2.31	1.24	2.01	4.10	1.58	3.25	0.00	3.33	0.49	1.20	0.55	0.74	0.31
42.00	6.90	6.59	2.33	2.16	4.23	1.75	1.65	4.13	3.07	1.58	2.18	4.23	0.19	0.00	3.58	0.07	0.57	0.47	0.00	1.07
43.00	6.90	6.61	2.57	2.85	1.40	1.41	0.45	2.37	3.13	1.34	2.58	2.25	3.20	0.00	2.93	0.00	0.13	0.33	0.51	0.72
44.00	6.90	6.59	4.99	2.38	5.55	0.00	3.84	1.40	3.64	0.40	1.22	3.03	3.65	0.00	3.11	2.07	0.00	1.11	0.65	0.52
45.00	6.90	6.61	0.92	1.17	3.50	0.88	0.04	3.34	2.90	0.94	0.49	2.64	2.32	0.00	3.83	1.66	0.58	0.27	0.19	0.01
46.00	6.90	6.59	0.88	5.37	5.41	0.97	1.24	0.52	3.59	0.00	4.49	2.44	2.39	0.00	3.79	0.78	1.01	2.06	1.33	0.00
47.00	6.90	6.61	0.99	1.73	2.76	2.97	0.60	0.58	0.25	0.57	1.94	2.30	1.53	0.00	3.82	1.45	0.00	0.66	0.99	0.00
48.00	6.90	6.59	0.02	3.87	5.33	5.36	0.09	0.55	1.26	1.27	3.04	2.84	2.60	0.00	4.17	1.87	0.77	0.49	1.45	0.67
49.00	6.90	6.61	1.79	2.10	2.04	0.99	0.93	3.14	0.65	2.12	0.49	3.66	3.69	0.00	2.47	1.99	0.35	1.13	0.13	0.41
50.00	6.89	6.59	2.37	4.03	2.99	3.53	2.84	1.32	2.24	1.44	3.00	1.52	1.22	0.00	3.29	0.48	0.02	0.72	0.27	0.33
51.00	6.90	6.61	1.24	2.25	5.88	1.12	1.44	1.75	2.14	1.91	1.63	4.19	3.09	0.00	3.23	1.01	1.21	0.62	1.50	0.13
52.00	6.90	6.59	3.16	0.37	5.16	1.20	2.71	0.93	5.02	3.58	1.40	4.72	4.02	0.00	4.07	3.94	1.24	0.26	1.55	0.00
53.00	6.90	6.61	4.84	1.71	5.42	1.92	0.00	2.34	3.62	0.73	2.78	4.51	4.89	0.00	3.37	0.00	0.71	0.00	0.81	0.16
54.00	6.90	6.59	5.48	1.13	3.80	0.49	2.19	1.01	5.20	0.19	1.83	4.22	1.52	0.00	3.17	0.86	0.09	0.26	1.28	0.00
55.00	6.90	6.59	0.00	1.40	4.47	0.49	0.45	2.50	3.57	0.51	3.73	1.04	3.01	0.00	4.05	0.55	1.04	0.05	0.25	0.16
56.00	6.90	6.61	4.32	2.83	5.42	0.49	2.83	1.40	3.78	0.40	0.00	1.40	3.57	0.00	4.20	3.11	0.84	0.88	0.62	0.00
57.00	6.90	6.59	2.23	2.87	4.23	2.83	1.64	1.34	3.65	2.47	2.60	2.64	3.78	0.00	3.89	1.33	0.12	0.39	1.25	1.21
58.00	6.90	6.61	1.21	2.93	5.38	2.39	1.39	3.45	5.02	3.56	4.86	4.51	2.67	0.00	4.31	1.53	0.24	1.94	0.59	0.04
59.00	6.90	6.59	5.16	0.47	4.92	1.10	0.49	2.06	2.39	1.04	5.10	2.86	3.03	0.00	4.20	0.26	0.11	0.29	0.62	0.08
60.00	6.90	6.61	4.55	2.89	4.91	0.86	0.85	2.54	5.02	0.52	1.57	2.36	1.05	0.00	2.56	0.68	0.12	0.93	1.52	0.27
61.00	6.90	6.59	3.70	2.53	4.36	0.00	0.51	0.67	3.14	0.87	2.86	4.06	4.49	0.00	2.30	1.00	0.69	0.78	0.00	0.39
62.00	6.90	6.61	4.80	3.85	5.11	0.49	1.86	0.89	5.09	1.50	1.13	3.84	3.66	0.00	2.83	3.38	2.07	1.40	0.61	0.60
63.00	6.90	6.59	2.40	2.84	4.91	2.78	1.10	4.60	1.83	0.92	1.26	1.80	2.28	0.00	2.81	0.01	2.38	0.97	0.04	0.02
64.00	6.90	6.61	3.84	0.78	5.17	1.17	0.00	4.11	4.56	0.33	2.84	4.52	3.83	0.00	2.31	3.74	0.58	1.51	0.45	0.02
65.00	6.90	6.59	3.00	3.50	3.46	1.47	1.24	0.06	2.87	0.00	1.88	1.64	2.37	0.00	1.14	0.00	0.40	0.27	0.49	0.00
66.00	6.89	6.61	3.78	2.13	4.25	2.13	1.00	0.82	3.86	0.49	3.84	1.78	2.44	0.00	1.75	0.69	0.12	0.58	0.44	0.00
67.00	6.90	6.59	1.24	2.58	5.15	0.00	1.83	0.99	4.68	0.00	1.11	3.32	3.38	0.00	0.00	0.00	0.00	1.06	1.81	0.00
68.00	6.90	6.59	5.04	4.65	4.25	0.00	1.11	0.00	4.95	0.91	0.04	4.77	3.04	0.00	1.52	0.94	0.97	1.67	0.25	1.25
69.00	6.90	6.61	0.75	0.98	6.36	1.17	1.77	3.64	1.02	0.33	1.46	2.40	2.70	0.00	1.93	0.26	0.00	0.29	0.12	0.00
70.00	6.90	6.59	1.05	1.20	5.41	4.83	2.04	4.35	5.45	1.86	3.42	4.62	4.73	0.00	2.43	3.31	1.42	1.39	0.28	0.44
71.00	6.90	6.61	1.05	3.03	3.51	1.54	2.65	3.05	1.04	0.14	1.99	2.87	1.41	0.00	1.52	0.12	0.19	0.80	0.66	0.13
72.00	6.90	6.59	3.93	3.49	3.18	0.16	0.81	2.37	4.10	1.22	2.54	4.20	5.29	0.00	3.63	1.33	1.73	1.58	0.11	0.62
73.00	6.90	6.61	0.97	2.06	3.56	2.12	1.28	0.11	4.00	0.27	3.20	1.55	4.63	0.00	2.99	0.00	0.25	0.32	0.07	0.00
74.00	6.90	6.59	3.16	3.80	3.82	2.11	1.94	0.29	4.35	0.00	1.90	4.36	4.19	0.00	3.67	0.92	2.68	0.98	0.98	0.00
75.00	6.90	6.61	2.57	1.61	4.50	0.00	0.18	1.07	3.52	0.34	3.25	2.28	0.68	0.00	2.85	1.12	0.68	0.19	0.16	0.11
76.00	6.90	6.59	5.24	0.98	5.17	0.77	0.64	0.91	2.26	1.70	0.67	4.13	2.60	0.00	2.61	1.26	0.00	1.20	0.68	0.00
77.00	6.90	6.61	3.56	2.81	5.31	1.67	1.30	2.36	2.12	0.66	2.23	1.66	1.47	0.00	1.06	2.63	0.00	0.00	0.85	0.41
78.00	6.90	6.59	2.66	3.78	3.90	0.44	0.55	1.35	4.70	1.34	5.11	0.49	3.20	0.00	3.30	2.56	0.75	0.06	0.42	0.51
79.00	6.90	6.61	3.72	4.64	5.22	0.04	3.76	3.17	1.90	0.44	1.07	3.79	4.17	0.00	3.78	0.52	0.00	0.01	0.07	0.80
10.2.1.2	7.03	8.63
10.2.1.3	6.73	8.24
10.1.1.15	2.63	37253.60
10.1.1.16	1.14	165310.79
10.1.1.18	0.75	166514.96
10.1.1.3	3.17	94618.54
10.1.1.17	0.58	245291.24
10.1.1.7	1.45	157710.65
10.1.1.8	1.73	56082.92
10.1.1.9	3.19	50015.78
10.1.1.10	1.02	122662.13
10.1.1.11	2.59	77820.96
10.1.1.14	2.00	67297.25
10.1.1.4	2.28	130635.29
10.1.1.5	4.51	21906.64
10.1.1.6	1.34	108240.63
10.1.1.12	3.21	45981.62
10.1.1.13	2.75	60004.81
10.1.1.20	0.27	346552.74
10.1.1.19	0.60	149346.90
