Waf: Entering directory `/home/synrg-sc1/Desktop/Jiaming/ns-3.29-mesh/build'
Waf: Leaving directory `/home/synrg-sc1/Desktop/Jiaming/ns-3.29-mesh/build'
Build commands will be stored in build/compile_commands.json
'build' finished successfully (4.895s)
CreateVariables () DONE !!!
Creating 21 APs 50.00 m apart.
CreateApNodes () DONE !!!
Creating 0 CLs 20.00 m away from each AP.
CreateClNodes () DONE !!!
CreateNodes () DONE !!!
CreateMeshDevices () DONE !!!
CreateWifiDevices () DONE !!!
CreateCsmaDevices () DONE !!!
CreateDevices () DONE !!!
InstallInternetStack () DONE !!!
Gateway is connect to AP 0
InstallApplications () DONE !!!
Starting simulation for 80.00 s ...
-------------------------------------------------
Time[s]	ap-0	ap-1	ap-2	ap-3	ap-4	ap-5	ap-6	ap-7	ap-8	ap-9	ap-10	ap-11	ap-12	ap-13	ap-14	ap-15	ap-16	ap-17	ap-18	ap-19	ap-20
2.00	0.00	0.00	0.00	0.00	0.00	0.00	0.00	0.00	0.00	0.00	0.00	0.00	0.00	0.00	0.00	0.00	0.00	0.00	0.00	0.00	0.00
3.00	6.03	4.91	4.24	0.00	0.00	0.00	0.00	0.00	0.00	0.00	0.00	0.00	0.00	0.00	0.00	0.00	0.00	0.00	0.00	0.00	0.00
4.00	8.10	6.61	5.70	0.00	0.00	0.00	0.00	0.00	0.00	0.00	0.00	0.00	0.00	0.00	0.00	0.00	0.00	0.00	0.00	0.00	0.00
5.00	8.10	6.59	5.70	0.93	0.78	0.40	1.85	0.60	0.04	0.04	0.04	1.86	0.00	0.04	0.12	1.60	1.20	1.39	0.29	1.08	1.14
6.00	8.10	6.61	5.70	3.65	1.94	2.28	5.12	2.54	1.84	0.04	0.04	1.85	0.04	0.06	2.20	3.04	2.12	1.11	0.00	2.87	2.23
7.00	8.10	6.59	5.70	4.77	0.00	1.05	5.13	1.57	2.37	3.40	0.00	1.77	0.00	0.74	0.98	0.82	1.65	1.37	0.02	2.00	0.54
8.00	8.09	6.61	5.70	4.32	0.86	1.66	5.43	0.89	0.49	1.53	0.00	2.31	0.09	0.06	1.01	2.67	1.70	0.69	1.10	1.66	1.53
9.00	8.10	6.59	5.70	2.50	0.49	0.92	1.86	0.13	2.11	1.13	0.00	1.64	0.49	1.33	0.45	1.79	2.99	1.31	0.00	0.78	1.47
10.00	8.10	6.61	5.70	5.23	0.06	0.15	2.70	1.04	3.16	2.86	0.00	2.73	0.00	0.00	2.98	1.88	1.78	1.11	0.86	2.76	0.82
11.00	8.10	6.59	5.70	2.30	0.49	0.69	4.03	0.39	2.04	2.07	0.28	0.98	0.80	1.12	1.41	1.71	1.57	2.50	0.61	1.53	1.35
12.00	8.10	6.61	5.70	5.59	0.00	0.00	4.84	0.00	0.02	1.86	0.00	2.33	1.68	1.39	0.16	2.05	2.78	2.93	0.41	3.29	2.33
13.00	8.10	6.59	5.70	5.52	0.80	0.00	2.12	0.51	0.68	1.61	0.00	0.31	0.67	2.01	0.49	1.65	2.96	2.86	0.37	0.40	2.07
14.00	8.09	6.61	5.70	5.69	0.68	0.68	4.10	0.00	1.47	1.06	0.00	2.34	0.33	0.73	2.19	3.40	4.55	3.30	0.20	2.77	1.27
15.00	8.10	6.59	5.70	1.40	1.67	2.07	2.78	0.09	0.26	1.88	0.00	2.76	0.73	1.98	0.00	1.22	2.23	2.39	0.00	1.63	1.95
16.00	8.10	6.59	5.70	5.79	1.52	0.44	2.24	0.44	2.30	0.88	0.00	3.70	0.26	0.00	1.17	3.44	3.60	3.12	1.44	1.99	2.71
17.00	8.10	6.61	5.70	5.61	0.15	0.55	5.85	1.90	0.00	1.42	0.00	2.84	0.07	0.00	0.09	2.38	3.04	1.63	1.01	2.18	2.70
18.00	8.10	6.59	5.70	5.71	0.00	1.30	4.92	0.46	1.21	3.60	0.00	1.98	0.00	2.31	1.07	0.34	3.60	3.30	1.97	2.54	2.68
19.00	8.10	6.61	5.70	2.93	0.62	0.47	1.66	1.34	0.66	1.08	0.00	2.21	0.00	0.29	0.77	2.05	2.92	1.38	2.27	2.32	2.50
20.00	8.09	6.59	5.70	5.41	0.41	1.27	4.16	0.04	2.98	1.75	0.00	3.52	0.66	0.59	0.86	2.40	2.67	1.31	0.62	2.58	2.03
21.00	8.10	6.61	5.70	4.93	1.24	0.00	4.11	0.41	0.87	1.99	0.00	0.72	0.00	0.97	0.53	1.73	0.26	0.95	0.06	2.98	1.68
22.00	8.10	6.59	5.70	5.59	0.00	0.58	5.39	0.69	0.00	2.57	0.00	3.65	0.48	1.58	0.98	3.46	2.52	3.36	0.91	3.24	2.11
23.00	8.10	6.61	5.70	2.03	1.35	0.02	1.51	2.71	1.59	0.71	0.37	3.25	1.57	1.64	2.30	2.07	2.73	3.04	1.71	2.38	1.13
24.00	8.10	6.59	5.70	0.68	0.45	1.02	0.00	0.72	0.06	3.53	0.00	3.90	3.50	1.90	2.74	3.40	1.08	3.30	2.57	1.45	1.25
25.00	8.10	6.61	5.70	2.61	0.69	0.00	0.00	0.00	0.28	1.51	0.00	1.66	2.46	3.59	0.97	3.52	0.64	3.30	2.91	1.72	2.44
26.00	8.09	6.59	5.70	2.30	3.38	2.17	0.00	2.43	0.48	2.17	0.00	1.60	2.53	3.60	2.06	1.50	0.79	3.30	3.17	0.51	2.45
27.00	8.10	6.61	5.70	4.64	0.24	0.37	0.00	0.92	1.33	3.26	0.00	3.32	1.93	1.64	1.79	0.98	3.44	3.13	1.98	2.23	2.34
28.00	8.10	6.59	5.70	1.73	0.68	1.95	0.00	0.75	0.19	4.09	1.84	3.36	2.99	3.59	1.70	2.11	2.92	3.30	1.66	0.59	2.11
29.00	8.10	6.59	5.70	0.54	1.70	0.00	0.00	2.30	0.22	0.08	3.11	2.05	1.40	2.81	0.49	2.32	1.83	2.39	2.11	2.57	1.87
30.00	8.10	6.61	5.71	1.05	1.79	0.52	0.00	1.66	0.80	2.81	2.04	3.80	2.01	3.34	1.91	3.58	0.61	3.30	2.61	3.30	1.92
31.00	8.10	6.59	5.70	2.08	0.84	1.20	0.00	0.00	0.00	1.73	2.56	2.79	1.33	2.65	1.25	2.73	2.33	2.58	2.18	2.99	2.06
32.00	8.10	6.61	5.70	1.58	0.94	1.58	0.00	2.66	0.02	2.84	4.04	1.35	3.18	4.04	1.84	2.28	3.01	3.31	2.50	0.00	1.75
33.00	8.09	6.59	5.70	2.71	1.21	0.33	2.65	2.39	0.60	1.31	0.74	1.54	0.92	1.26	1.19	1.54	1.91	2.83	0.93	0.69	1.85
34.00	8.10	6.61	5.70	5.69	0.00	4.84	5.42	0.72	0.00	0.00	0.00	1.33	0.00	1.47	0.00	0.18	3.59	3.31	0.00	0.49	2.74
35.00	8.10	6.59	5.70	4.80	0.00	0.86	5.26	0.00	1.26	0.99	0.00	4.78	0.00	0.01	0.00	0.74	3.20	3.07	0.26	4.13	2.70
36.00	8.10	6.61	5.70	5.17	0.00	0.00	5.32	0.33	0.72	0.14	0.00	2.68	0.00	1.70	0.35	2.92	2.96	1.83	0.99	3.31	2.44
37.00	8.10	6.59	5.70	5.44	0.00	1.20	3.44	1.77	0.00	1.70	0.00	3.83	0.07	1.75	1.02	2.96	2.61	2.32	0.06	2.77	2.18
38.00	8.10	6.61	5.70	5.68	0.13	4.47	5.39	0.00	0.28	0.12	0.00	3.20	0.00	3.44	0.06	3.40	3.59	0.31	0.04	2.83	2.70
39.00	8.09	6.59	5.70	4.40	2.89	0.00	4.31	2.73	1.75	1.33	0.00	0.35	0.29	0.01	0.00	1.55	3.43	1.22	1.12	2.45	2.07
40.00	8.10	6.61	5.70	4.63	0.52	0.00	5.39	1.51	0.02	1.48	0.00	2.96	0.04	1.37	0.54	1.80	1.21	0.19	1.68	1.24	2.46
41.00	8.10	6.59	5.70	4.33	2.18	0.27	4.78	0.00	2.19	1.58	0.00	0.29	0.00	0.00	0.58	2.97	2.08	1.71	1.01	2.76	1.87
42.00	8.10	6.59	5.70	5.68	2.17	3.37	4.77	0.44	0.57	1.39	0.00	2.98	0.00	2.17	0.26	2.85	2.76	3.31	0.40	3.24	2.56
43.00	8.10	6.61	5.70	4.33	0.49	0.12	3.86	0.00	1.26	0.00	0.00	2.16	0.00	0.99	0.04	0.52	1.75	1.17	0.00	1.46	1.44
44.00	8.10	6.59	5.70	5.66	0.00	3.25	5.38	1.83	0.51	1.18	0.00	2.76	0.99	0.12	0.80	3.29	1.54	3.03	0.06	1.78	2.58
45.00	8.09	6.61	5.70	3.90	1.75	0.00	3.26	1.13	1.46	0.85	0.00	3.33	0.49	0.48	0.46	1.66	2.33	2.94	0.29	1.58	0.81
46.00	8.10	6.59	5.70	4.72	1.11	0.18	4.29	0.77	3.26	0.49	0.00	3.23	0.00	0.49	0.68	1.07	0.94	2.80	0.52	0.39	2.65
47.00	8.10	6.61	5.70	5.49	0.69	0.59	1.77	0.07	2.07	0.52	0.00	1.48	0.00	1.75	0.00	0.49	3.50	2.59	0.14	0.31	2.70
48.00	8.10	6.59	5.70	5.69	0.51	0.84	4.12	1.04	1.26	0.49	0.00	4.26	0.05	1.73	0.60	2.81	3.59	3.09	2.06	1.80	2.71
49.00	8.10	6.61	5.70	2.23	1.21	0.44	4.31	0.08	2.12	0.18	0.00	2.01	0.49	1.12	0.61	2.04	2.48	1.80	0.95	2.41	2.41
50.00	8.10	6.59	5.70	3.76	1.24	1.44	5.42	0.00	2.64	0.60	0.00	3.37	0.00	1.26	0.46	4.12	3.64	3.31	1.85	1.37	2.46
51.00	8.09	6.61	5.70	2.78	0.00	0.18	2.76	0.00	0.12	0.00	0.00	1.28	0.00	1.52	1.51	2.14	2.85	1.79	2.10	2.51	1.21
52.00	8.10	6.59	5.70	4.37	1.97	3.05	5.41	0.00	1.78	1.28	0.00	1.52	0.21	0.99	0.49	2.93	3.58	2.27	3.03	3.26	1.99
53.00	8.10	6.61	5.70	3.03	1.18	1.93	4.72	2.18	0.45	0.45	0.00	1.08	0.06	1.00	0.00	2.53	2.93	2.53	0.15	1.91	2.83
54.00	8.10	6.59	5.70	3.30	1.50	1.64	5.39	1.39	0.54	1.10	0.00	2.34	0.00	1.98	0.00	3.43	3.59	2.44	1.02	3.24	2.68
55.00	8.10	6.59	5.70	2.10	2.39	0.47	3.34	1.18	0.73	0.84	0.00	2.59	0.60	0.14	0.16	1.08	2.17	2.25	2.16	1.24	1.19
56.00	8.10	6.61	5.70	2.48	0.05	0.00	4.00	2.12	0.53	0.14	0.00	1.46	0.38	0.06	0.35	1.75	3.84	3.16	1.46	1.87	2.57
57.00	8.10	6.59	5.70	4.89	1.18	0.80	2.32	0.49	4.19	0.06	0.00	1.71	0.00	0.16	0.21	1.30	1.60	1.21	1.13	1.34	1.74
58.00	8.09	6.61	5.71	5.57	0.99	0.00	4.92	0.89	1.47	1.26	0.00	0.35	0.01	1.54	0.32	3.38	3.37	0.44	1.19	1.44	2.40
59.00	8.10	6.59	5.70	4.00	0.00	0.08	1.50	0.00	1.12	1.94	0.00	2.59	0.00	1.18	0.00	2.76	3.53	2.74	0.97	2.28	2.33
60.00	8.10	6.61	5.70	5.38	0.00	2.10	4.47	3.91	2.21	0.32	0.00	2.66	0.00	2.45	0.79	3.52	3.47	0.44	1.39	2.86	2.48
61.00	8.10	6.59	5.70	5.11	0.34	0.01	1.51	0.04	0.42	0.53	0.00	1.57	0.24	1.22	0.68	3.17	3.59	2.19	0.04	2.18	2.06
62.00	8.10	6.61	5.70	3.44	1.27	0.06	3.83	0.00	0.52	1.21	0.00	3.24	0.49	3.40	1.42	3.17	3.56	2.21	0.78	3.27	1.81
63.00	8.10	6.59	5.70	1.94	0.00	0.05	3.06	1.40	0.52	0.27	0.00	0.52	0.00	0.51	0.54	0.93	2.76	2.34	0.49	1.63	1.83
64.00	8.09	6.61	5.70	5.71	0.11	2.94	5.41	1.04	2.34	3.65	0.00	1.79	0.00	0.49	1.63	1.66	3.60	2.74	1.47	3.31	2.90
65.00	8.10	6.59	5.70	3.73	0.79	0.35	4.51	0.00	0.01	0.82	0.00	2.54	0.02	1.58	0.00	3.05	3.05	2.30	2.44	0.82	2.67
66.00	8.10	6.61	5.70	3.19	0.91	0.95	5.41	2.53	3.91	1.33	0.00	1.11	0.04	0.22	0.60	1.53	3.39	0.54	2.07	1.32	2.33
67.00	8.10	6.59	5.70	5.28	0.31	2.16	4.39	1.27	1.44	1.33	0.00	0.91	0.04	0.24	0.51	1.87	2.81	2.19	0.00	2.33	1.97
68.00	8.10	6.59	5.70	5.69	0.00	3.42	5.39	2.36	2.36	0.15	0.00	1.38	1.22	0.95	0.04	1.73	3.11	0.42	0.01	1.94	2.68
69.00	8.10	6.61	5.70	4.40	0.81	0.11	4.26	1.66	2.70	0.01	0.00	1.24	0.12	1.39	0.39	3.25	3.14	1.87	0.87	2.73	1.48
70.00	8.09	6.59	5.70	5.11	0.99	0.35	3.77	0.00	1.91	2.14	0.00	2.00	0.00	0.59	0.00	2.32	3.50	1.65	0.93	1.06	3.39
71.00	8.10	6.61	5.70	4.70	0.00	0.42	4.45	2.23	0.00	0.45	0.00	0.07	0.40	1.26	0.99	1.93	3.29	0.18	1.71	0.14	2.40
72.00	8.10	6.59	5.70	3.82	0.49	1.57	5.29	0.71	1.88	0.15	0.00	2.67	0.31	1.21	0.07	3.44	1.83	1.67	1.15	0.33	1.79
73.00	8.10	6.61	5.70	4.60	0.52	0.99	1.78	1.93	0.31	0.47	0.00	2.41	0.00	1.07	0.95	2.81	2.57	0.85	1.01	0.14	2.34
74.00	8.10	6.59	5.70	5.70	0.07	0.69	4.90	3.43	2.26	1.30	0.00	3.39	1.21	3.49	0.07	3.62	2.96	2.10	1.26	2.25	2.64
75.00	8.10	6.61	5.70	4.16	0.04	0.42	2.80	0.47	2.90	0.11	0.00	0.84	0.00	0.89	0.33	2.26	3.03	2.08	2.14	2.41	2.51
76.00	8.09	6.59	5.70	1.34	0.00	1.50	5.39	0.01	0.40	2.59	0.00	3.91	0.00	0.92	0.69	0.27	2.96	2.16	1.19	0.52	2.10
77.00	8.10	6.61	5.70	3.31	0.00	0.61	4.63	0.00	1.11	2.07	0.00	1.66	0.18	0.26	1.46	3.44	1.60	0.95	0.85	1.91	1.72
78.00	8.10	6.59	5.70	3.94	2.17	2.34	1.88	1.34	1.35	2.20	0.00	0.91	2.36	1.93	1.81	0.79	2.93	3.30	1.74	1.68	1.34
79.00	8.10	6.61	5.70	0.77	1.59	3.31	2.85	0.00	0.79	1.47	0.00	3.24	0.62	0.45	1.67	1.05	2.27	3.14	3.18	3.04	2.66
10.2.1.4	5.81	8.77
10.2.1.3	6.73	8.34
10.2.1.2	8.25	8.21
10.1.1.12	2.28	44465.12
10.1.1.6	1.09	200371.28
10.1.1.7	3.59	47043.58
10.1.1.10	1.35	131849.13
10.1.1.13	0.56	95407.51
10.1.1.14	1.35	119570.39
10.1.1.15	0.82	217287.25
10.1.1.16	2.27	55478.92
10.1.1.17	2.71	58166.74
10.1.1.4	4.05	30222.65
10.1.1.5	0.84	236258.41
10.1.1.11	0.55	13257.96
10.1.1.8	1.02	172454.36
10.1.1.9	1.22	169567.92
10.1.1.21	2.15	32902.13
10.1.1.18	2.22	33312.06
10.1.1.19	1.18	105231.76
10.1.1.20	2.01	44192.40
