Waf: Entering directory `/home/synrg-sc1/Desktop/Jiaming/ns-3.29-mesh/build'
Waf: Leaving directory `/home/synrg-sc1/Desktop/Jiaming/ns-3.29-mesh/build'
Build commands will be stored in build/compile_commands.json
'build' finished successfully (4.821s)
CreateVariables () DONE !!!
Creating 18 APs 50.00 m apart.
CreateApNodes () DONE !!!
Creating 0 CLs 20.00 m away from each AP.
CreateClNodes () DONE !!!
CreateNodes () DONE !!!
CreateMeshDevices () DONE !!!
CreateWifiDevices () DONE !!!
CreateCsmaDevices () DONE !!!
CreateDevices () DONE !!!
InstallInternetStack () DONE !!!
Gateway is connect to AP 0
InstallApplications () DONE !!!
Starting simulation for 80.00 s ...
-------------------------------------------------
Time[s]	ap-0	ap-1	ap-2	ap-3	ap-4	ap-5	ap-6	ap-7	ap-8	ap-9	ap-10	ap-11	ap-12	ap-13	ap-14	ap-15	ap-16	ap-17
2.00	0.00	0.00	0.00	0.00	0.00	0.00	0.00	0.00	0.00	0.00	0.00	0.00	0.00	0.00	0.00	0.00	0.00	0.00
3.00	5.79	0.00	0.00	0.00	0.00	0.00	0.00	0.00	0.00	0.00	0.00	0.00	0.00	0.00	0.00	0.00	0.00	0.00
4.00	8.10	0.00	0.00	0.00	0.00	0.00	0.00	0.00	0.00	0.00	0.00	0.00	0.00	0.00	0.00	0.00	0.00	0.00
5.00	8.10	2.70	2.72	1.92	0.00	1.50	1.44	0.00	0.86	0.00	1.05	0.24	2.31	0.68	0.00	1.02	0.98	1.55
6.00	8.10	5.00	4.29	2.78	1.61	0.74	0.47	0.80	2.43	0.79	0.38	1.95	2.72	0.61	0.00	0.71	2.65	2.61
7.00	8.10	5.11	3.44	2.96	2.40	0.25	0.31	2.94	2.90	0.00	1.17	0.99	3.98	0.24	2.57	1.37	2.47	3.04
8.00	8.09	6.84	4.78	1.63	0.08	0.22	1.00	0.37	3.25	0.99	0.69	0.00	4.06	0.02	2.60	1.01	2.81	1.87
9.00	8.10	4.62	2.24	3.51	3.09	0.00	0.06	3.79	1.13	0.51	3.39	0.00	0.66	0.00	0.57	0.00	0.00	0.14
10.00	8.10	5.36	4.29	3.37	2.41	1.10	0.31	3.12	2.72	0.09	2.11	1.77	2.24	0.65	2.04	0.00	0.12	3.60
11.00	8.10	6.02	3.60	2.08	3.52	0.62	0.75	1.80	2.59	1.46	1.04	1.12	1.11	0.99	4.31	1.58	3.43	0.60
12.00	8.10	4.93	5.08	0.77	4.72	3.38	0.35	3.00	1.21	1.22	0.32	2.16	2.72	0.00	3.84	0.51	2.43	1.74
13.00	8.10	0.64	3.84	1.72	0.19	0.00	0.49	2.01	3.16	0.49	2.73	1.00	3.53	0.85	2.51	0.00	2.51	1.52
14.00	8.09	4.02	4.82	0.65	4.07	0.00	0.27	5.12	1.71	0.00	3.65	4.99	0.34	0.01	3.82	0.49	3.60	3.30
15.00	8.10	5.08	2.44	3.77	0.00	0.00	0.21	4.77	0.84	0.00	2.33	1.32	0.91	0.00	2.25	0.00	3.54	3.31
16.00	8.10	2.74	3.14	3.67	3.51	0.14	0.57	3.19	2.13	1.06	3.62	2.14	2.98	0.39	2.79	0.73	3.40	2.05
17.00	8.10	5.11	2.08	1.07	1.84	0.00	2.48	2.10	2.76	1.19	1.73	2.12	2.99	1.19	1.01	0.00	2.23	1.72
18.00	8.10	6.68	1.40	3.73	0.27	0.25	2.38	0.69	1.01	0.19	2.96	0.65	2.58	0.09	1.24	0.00	1.47	2.71
19.00	8.10	6.41	1.72	1.54	3.34	0.24	0.85	0.61	0.00	0.00	2.07	0.39	4.10	1.18	4.88	0.12	1.90	3.31
20.00	8.09	5.79	3.54	1.52	2.28	0.00	0.00	1.19	0.12	0.00	0.61	1.54	2.50	0.00	1.95	1.41	3.04	2.97
21.00	8.10	4.58	5.26	2.65	0.86	0.00	0.31	2.37	2.45	0.00	2.04	1.57	1.88	0.00	2.41	0.25	3.21	2.90
22.00	8.10	5.42	5.13	2.79	4.40	1.59	1.50	0.64	0.16	1.15	1.71	1.21	1.90	0.00	4.02	0.00	3.60	0.00
23.00	8.10	1.17	6.30	4.10	2.77	0.22	0.01	2.36	3.78	0.07	1.38	0.66	1.39	0.00	3.74	0.02	3.60	2.52
24.00	8.10	4.55	4.99	4.31	1.07	1.66	0.00	3.24	2.39	0.82	3.84	2.65	3.89	0.00	3.49	0.00	3.20	0.16
25.00	8.10	3.54	2.86	4.33	4.92	0.54	2.12	4.66	1.15	1.91	0.06	0.48	0.68	0.00	3.57	2.03	2.98	0.00
26.00	8.09	2.59	3.65	3.40	1.40	0.35	0.75	4.78	0.68	1.57	4.82	0.01	2.89	0.72	4.23	0.01	1.98	1.81
27.00	8.10	4.03	3.43	2.67	2.34	1.07	1.27	3.06	2.85	0.00	3.13	1.25	1.70	1.63	2.34	0.91	0.39	1.97
28.00	8.10	6.77	6.17	0.54	2.34	1.47	0.06	2.51	0.00	0.49	2.20	1.01	3.32	0.34	3.54	0.00	2.77	1.83
29.00	8.10	4.38	6.16	1.20	2.72	0.49	0.54	3.07	0.00	0.54	0.00	0.77	4.10	0.26	2.04	0.00	3.63	3.29
30.00	8.10	4.35	5.97	1.04	3.53	0.00	0.86	0.07	2.50	0.04	3.30	0.48	4.10	0.00	1.88	0.48	3.60	1.74
31.00	8.10	3.58	4.91	2.01	3.43	0.05	1.01	0.00	1.28	0.48	1.30	2.76	2.34	0.37	1.48	1.15	3.05	1.93
32.00	8.10	6.98	6.35	3.56	2.58	0.00	0.68	1.88	2.03	1.75	2.45	1.47	4.53	0.51	0.00	0.00	3.63	1.30
33.00	8.09	3.37	1.51	0.65	1.32	0.00	0.00	2.27	1.06	0.00	3.06	0.92	0.88	0.44	0.49	0.04	1.35	3.07
34.00	8.10	5.32	2.60	0.69	3.56	0.66	1.64	5.25	1.58	0.00	0.26	5.08	1.51	0.00	1.65	0.00	1.02	3.11
35.00	8.10	1.08	3.62	3.60	2.00	0.00	0.00	1.91	3.34	0.00	0.00	1.83	1.19	0.99	0.08	0.47	2.30	2.12
36.00	8.10	1.90	4.51	2.68	3.84	0.01	0.98	4.57	2.53	0.04	4.10	0.78	3.91	0.00	3.84	0.37	2.56	2.34
37.00	8.10	4.63	3.36	0.61	3.14	0.61	0.29	1.97	3.82	0.52	1.65	0.52	1.20	0.79	3.83	1.34	2.27	1.45
38.00	8.10	4.25	1.67	2.34	3.40	0.34	1.66	2.54	1.70	0.65	0.51	1.83	0.67	1.24	0.95	1.22	2.87	1.31
39.00	8.09	0.81	3.57	5.17	1.48	1.26	1.54	3.71	1.05	0.52	0.78	2.01	0.20	0.73	3.83	0.00	2.20	0.49
40.00	8.10	5.41	5.78	4.03	0.12	0.00	2.10	2.54	1.34	0.00	0.53	0.79	1.80	0.49	2.17	0.80	3.00	2.32
41.00	8.10	5.48	6.08	0.18	5.20	0.01	0.73	1.65	4.36	0.97	0.00	0.00	2.71	0.58	1.94	0.71	2.89	1.99
42.00	8.10	5.51	5.53	0.32	2.52	0.22	1.17	4.16	2.53	0.00	2.77	0.00	4.10	0.31	2.70	0.02	1.17	1.01
43.00	8.10	2.76	2.21	4.11	1.58	0.00	0.86	2.91	0.93	1.50	3.87	2.25	1.46	0.00	1.46	0.00	2.40	2.71
44.00	8.10	5.77	1.72	1.25	5.04	0.22	0.05	4.03	1.73	3.45	3.70	1.20	3.47	0.64	4.38	0.73	3.59	3.16
45.00	8.09	2.76	5.56	2.18	2.07	1.66	0.65	4.04	0.47	0.22	3.19	1.17	3.16	0.00	2.32	0.00	2.25	1.88
46.00	8.10	2.41	3.54	2.76	4.57	1.04	0.00	4.52	1.93	0.00	1.34	0.80	4.20	1.47	1.93	0.00	3.59	1.12
47.00	8.10	3.87	5.25	0.32	0.13	1.71	0.00	2.00	1.04	1.30	3.44	0.41	2.54	0.00	1.45	1.07	3.60	3.05
48.00	8.10	1.98	5.62	4.62	0.88	0.37	0.04	1.19	2.48	0.57	3.51	3.79	1.88	0.05	3.05	1.07	3.57	0.19
49.00	8.10	4.26	2.46	3.63	1.71	1.47	1.38	0.87	2.51	0.00	4.35	0.11	2.99	1.44	2.98	0.49	1.85	0.00
50.00	8.10	6.38	2.54	1.88	0.95	0.49	3.06	1.83	2.25	0.00	1.77	0.00	3.52	0.00	3.51	0.02	2.14	1.63
51.00	8.09	3.52	1.44	2.36	1.38	0.07	0.68	2.89	1.32	0.02	2.59	1.54	1.87	0.59	1.51	0.95	3.60	2.59
52.00	8.10	6.90	1.04	1.79	5.32	1.30	0.00	1.44	3.54	0.00	1.97	2.99	4.16	0.97	3.51	0.25	3.59	3.00
53.00	8.10	5.41	1.27	2.32	5.00	0.29	0.75	0.66	0.71	0.00	0.72	1.48	4.07	0.02	2.13	1.98	2.61	1.61
54.00	8.10	4.77	2.68	2.92	5.04	0.32	0.66	2.12	3.14	1.38	3.04	1.60	3.70	0.05	2.27	2.13	0.84	2.03
55.00	8.10	3.86	3.63	1.72	3.21	1.58	1.57	2.27	1.01	1.10	0.29	0.00	3.90	1.08	2.87	0.00	2.08	1.67
56.00	8.10	5.35	5.13	5.20	0.88	0.72	0.66	1.81	0.44	0.00	2.89	0.66	2.89	0.00	1.52	0.52	0.69	0.12
57.00	8.10	1.98	3.32	3.14	1.18	0.00	0.01	4.00	0.31	0.47	2.67	2.27	2.16	0.28	0.00	1.52	4.38	1.83
58.00	8.09	3.94	3.56	1.86	2.10	1.19	1.21	3.11	0.00	1.25	1.88	3.60	3.62	0.86	1.94	1.14	3.59	2.89
59.00	8.10	1.32	3.87	2.31	0.37	1.01	1.95	5.23	1.53	2.51	1.39	1.08	2.60	0.00	2.59	1.46	3.06	2.23
60.00	8.10	6.21	2.11	4.63	4.09	0.71	1.81	4.05	1.26	0.00	0.73	1.27	2.81	0.22	1.01	1.38	3.44	3.50
61.00	8.10	2.33	7.29	5.00	0.44	0.00	0.04	5.48	4.23	0.48	3.20	2.84	2.11	0.65	1.66	0.04	3.38	2.86
62.00	8.10	5.43	5.78	2.13	3.53	1.51	1.27	2.56	1.94	0.00	2.33	0.26	2.19	1.06	2.85	0.04	1.11	2.32
63.00	8.10	6.09	2.98	4.10	2.34	0.19	0.14	3.83	1.18	0.49	1.77	4.17	1.51	0.65	0.99	0.98	2.92	3.00
64.00	8.09	6.01	1.47	2.51	2.80	0.81	1.93	2.03	1.73	0.00	2.52	1.92	4.12	0.60	0.41	1.12	1.67	1.44
65.00	8.10	2.94	5.38	0.00	3.65	0.19	2.17	1.22	0.08	0.14	1.88	0.00	1.61	0.01	3.73	0.40	3.76	2.01
66.00	8.10	3.87	4.63	2.59	3.91	0.02	2.07	3.34	1.68	0.51	0.64	0.66	2.92	1.06	3.39	0.25	3.21	3.32
67.00	8.10	3.56	3.46	1.14	3.43	0.00	0.00	3.72	4.30	0.32	0.89	0.16	1.10	1.35	1.84	1.80	2.40	1.30
68.00	8.10	5.71	3.85	5.49	3.67	0.49	0.01	2.48	1.63	1.25	2.56	0.12	5.48	0.00	1.46	1.73	2.24	2.23
69.00	8.10	4.25	0.67	1.59	3.33	0.00	0.78	4.13	2.76	0.40	4.16	0.94	2.20	0.26	2.97	0.14	3.23	1.70
70.00	8.09	5.65	4.00	4.44	3.31	0.77	1.53	5.41	0.26	0.49	3.62	1.52	3.52	0.37	2.40	0.49	3.09	2.60
71.00	8.10	2.90	2.21	2.66	3.14	0.00	1.42	3.03	2.41	0.49	3.26	0.00	2.64	0.19	2.07	0.61	3.58	3.31
72.00	8.10	7.04	5.79	1.55	2.04	0.11	0.00	5.50	0.18	0.00	1.35	1.97	1.52	0.00	3.46	0.22	2.92	0.87
73.00	8.10	3.10	1.04	3.97	1.63	0.00	0.00	3.87	1.42	0.00	1.18	0.47	2.66	0.00	3.25	1.54	2.52	2.57
74.00	8.10	3.17	4.10	5.13	0.54	0.00	0.95	2.18	0.67	1.53	0.64	0.60	2.16	0.09	1.95	0.47	3.01	2.60
75.00	8.10	4.22	3.52	0.52	2.73	0.62	0.00	1.99	1.17	1.92	1.68	2.26	3.49	2.81	4.24	1.72	0.79	1.48
76.00	8.09	6.44	4.13	0.80	2.91	2.90	0.02	5.53	3.83	0.19	0.33	1.73	4.31	0.28	2.50	0.66	2.40	3.31
77.00	8.10	5.18	5.57	1.35	2.52	1.55	0.13	4.09	0.49	0.00	2.05	0.49	3.24	0.00	3.43	0.51	3.24	2.30
78.00	8.10	3.53	1.84	0.00	2.86	0.27	0.00	1.41	1.14	0.49	3.14	1.98	3.93	0.00	4.07	0.95	3.33	3.31
79.00	8.10	2.19	0.65	3.77	1.86	0.00	0.81	5.46	0.84	1.63	4.49	2.05	2.14	0.00	2.32	0.00	3.60	3.30
10.2.1.2	8.25	8.92
10.1.1.13	2.74	46126.71
10.1.1.2	4.42	19557.27
10.1.1.7	0.82	145076.44
10.1.1.8	2.93	55013.22
10.1.1.9	1.80	123281.02
10.1.1.10	0.61	325570.44
10.1.1.3	3.79	32281.86
10.1.1.12	1.38	120365.73
10.1.1.4	2.57	86353.69
10.1.1.5	2.64	47730.78
10.1.1.6	0.58	81406.35
10.1.1.18	2.15	85485.12
10.1.1.14	0.48	244239.05
10.1.1.15	2.50	70349.48
10.1.1.11	2.14	66551.95
10.1.1.16	0.67	253414.18
10.1.1.17	2.71	32021.27
