Waf: Entering directory `/home/synrg-sc1/Desktop/Jiaming/ns-3.29-mesh/build'
Waf: Leaving directory `/home/synrg-sc1/Desktop/Jiaming/ns-3.29-mesh/build'
Build commands will be stored in build/compile_commands.json
'build' finished successfully (4.828s)
CreateVariables () DONE !!!
Creating 24 APs 50.00 m apart.
CreateApNodes () DONE !!!
Creating 0 CLs 20.00 m away from each AP.
CreateClNodes () DONE !!!
CreateNodes () DONE !!!
CreateMeshDevices () DONE !!!
CreateWifiDevices () DONE !!!
CreateCsmaDevices () DONE !!!
CreateDevices () DONE !!!
InstallInternetStack () DONE !!!
Gateway is connect to AP 0
InstallApplications () DONE !!!
Starting simulation for 80.00 s ...
-------------------------------------------------
Time[s]	ap-0	ap-1	ap-2	ap-3	ap-4	ap-5	ap-6	ap-7	ap-8	ap-9	ap-10	ap-11	ap-12	ap-13	ap-14	ap-15	ap-16	ap-17	ap-18	ap-19	ap-20	ap-21	ap-22	ap-23
2.00	0.00	0.00	0.00	0.00	0.00	0.00	0.00	0.00	0.00	0.00	0.00	0.00	0.00	0.00	0.00	0.00	0.00	0.00	0.00	0.00	0.00	0.00	0.00	0.00
3.00	3.74	0.00	0.00	0.00	0.00	0.00	0.00	0.00	0.00	0.00	0.00	0.00	0.00	0.00	0.00	0.00	0.00	0.00	0.00	0.00	0.00	0.00	0.00	0.00
4.00	6.90	0.00	0.00	0.00	0.00	0.00	0.00	0.00	0.00	0.00	0.00	0.00	0.00	0.00	0.00	0.00	0.00	0.00	0.00	0.00	0.00	0.00	0.00	0.00
5.00	6.90	0.00	0.00	2.52	1.38	1.35	0.00	1.28	1.37	1.10	2.87	0.00	2.16	0.37	0.00	2.67	0.00	0.00	0.04	2.06	2.06	1.74	0.00	0.09
6.00	6.90	0.00	1.01	2.46	1.33	1.53	0.00	0.05	0.68	1.46	0.60	1.15	1.22	0.00	0.00	0.24	0.26	1.04	0.00	2.63	2.14	0.79	0.08	0.21
7.00	6.90	0.00	3.16	0.20	0.61	1.05	0.00	0.01	2.36	1.59	0.79	3.85	1.50	0.00	0.00	2.23	1.01	0.99	0.44	1.87	2.16	0.72	0.85	0.00
8.00	6.90	0.42	0.99	3.79	0.67	0.71	0.07	0.21	2.23	0.94	0.52	2.14	0.67	1.34	0.00	1.28	2.51	2.21	0.62	0.66	1.45	1.07	0.69	0.29
9.00	6.90	0.00	5.12	0.31	0.24	0.99	0.00	0.18	1.98	1.46	0.00	4.47	0.21	0.00	0.00	0.59	1.33	2.73	0.40	2.37	1.27	1.40	0.72	0.12
10.00	6.90	0.00	3.44	1.87	2.76	3.09	1.59	0.37	2.32	2.06	0.31	1.95	0.75	0.42	0.00	4.78	1.63	1.33	1.01	2.98	1.61	1.94	0.91	0.45
11.00	6.90	0.00	3.16	0.49	0.94	3.25	0.49	0.06	2.99	0.18	2.38	2.38	0.32	1.05	0.00	3.16	1.08	1.63	0.00	1.98	0.93	0.48	0.45	0.04
12.00	6.90	0.00	3.66	0.57	4.52	1.91	0.00	1.51	1.40	1.66	4.50	5.65	1.17	1.81	0.00	2.57	1.59	3.07	0.00	1.84	1.78	2.81	0.29	0.00
13.00	6.90	0.00	0.93	1.50	0.87	1.32	1.72	0.48	1.92	2.89	1.72	4.50	4.02	0.00	0.00	0.91	0.42	0.94	0.16	0.25	1.21	2.28	0.75	0.37
14.00	6.90	0.00	5.41	0.00	1.70	2.19	1.35	0.31	1.86	3.23	4.38	4.50	0.00	2.18	0.00	0.00	1.58	3.13	0.54	2.99	1.00	0.09	2.16	0.59
15.00	6.90	0.48	0.60	2.40	1.32	1.27	0.00	0.89	1.99	0.88	1.25	3.70	1.48	0.74	0.00	2.30	0.65	1.80	0.26	0.15	0.00	0.73	1.47	0.07
16.00	6.90	0.05	0.52	0.20	0.86	0.39	0.00	0.33	2.56	0.47	1.13	4.37	1.20	0.00	0.00	1.80	2.45	2.36	1.07	2.01	2.21	0.00	1.53	1.26
17.00	6.89	0.00	3.50	1.67	0.75	0.65	0.04	0.49	3.86	3.72	1.38	4.50	2.17	0.37	0.00	1.91	0.49	1.67	0.26	1.66	2.31	0.12	0.38	0.15
18.00	6.90	0.61	2.71	2.59	3.25	0.38	1.22	0.00	4.47	2.86	1.97	3.96	2.92	0.00	0.00	0.73	1.26	1.48	0.22	2.54	1.51	0.25	1.37	1.37
19.00	6.90	1.61	1.42	0.00	0.80	0.95	0.55	0.39	1.04	2.46	2.78	4.26	0.21	0.21	0.00	0.20	2.57	0.52	0.42	2.70	1.41	0.00	1.60	0.78
20.00	6.90	0.99	3.47	2.96	2.04	1.35	0.88	1.93	0.94	0.26	1.65	3.82	1.24	0.32	0.00	2.06	0.00	2.12	0.00	2.28	2.00	0.84	1.80	1.00
21.00	6.90	0.00	2.79	2.04	0.39	1.63	0.15	0.80	0.48	0.92	0.22	4.50	0.01	0.19	0.00	0.69	0.18	1.61	0.09	2.52	0.27	1.94	1.60	0.00
22.00	6.90	0.00	5.06	3.39	0.95	2.84	0.00	0.00	0.00	1.42	2.14	4.49	0.49	0.08	0.00	4.02	1.06	1.85	0.15	3.00	2.25	2.40	0.98	0.49
23.00	6.90	0.00	3.05	0.74	0.55	0.71	0.00	0.00	0.67	0.00	1.48	3.10	0.44	0.31	0.00	1.31	2.04	1.33	0.49	1.08	1.27	1.63	1.05	0.22
24.00	6.90	0.02	4.27	2.92	2.31	3.71	1.02	1.18	0.72	1.88	0.34	3.79	1.61	0.82	0.00	3.25	1.41	1.60	0.73	1.11	0.59	2.19	1.70	0.00
25.00	6.90	0.57	2.05	1.40	0.20	1.06	0.25	0.98	0.18	0.85	1.07	3.36	0.75	0.22	0.00	0.61	1.85	1.41	1.07	2.11	1.93	0.78	1.35	0.32
26.00	6.90	1.13	2.10	0.99	2.13	2.28	0.00	0.00	2.21	0.25	1.22	0.93	1.92	1.14	0.00	2.98	2.96	0.40	0.46	2.64	1.80	1.33	1.20	0.05
27.00	6.90	0.01	2.24	0.75	1.24	1.00	0.00	0.00	3.52	1.50	5.30	3.53	2.03	1.66	0.00	3.71	0.45	0.20	0.00	2.56	2.74	1.77	1.05	0.00
28.00	6.90	0.32	1.18	1.85	0.84	0.51	0.71	0.01	3.21	2.06	1.52	2.13	1.33	0.73	0.00	1.34	1.04	3.49	0.87	2.85	2.33	1.81	0.47	1.78
29.00	6.90	0.00	2.01	0.99	1.60	2.77	0.00	0.00	2.53	1.79	2.00	1.34	1.05	0.16	0.00	2.98	1.46	0.91	0.00	2.23	0.67	1.60	0.65	0.01
30.00	6.90	0.05	2.40	0.00	0.49	1.59	0.00	0.00	2.93	3.07	2.92	1.58	0.02	0.00	0.00	3.57	0.22	0.00	0.06	2.41	2.44	1.51	0.39	0.04
31.00	6.90	0.00	4.97	0.00	0.78	1.71	0.99	0.00	1.50	1.63	1.18	3.65	1.91	1.00	0.00	2.80	0.41	1.40	0.00	0.27	1.65	1.26	0.64	0.28
32.00	6.90	0.05	4.47	1.88	1.83	0.61	0.71	0.67	4.05	3.98	1.95	4.49	0.87	0.00	0.00	1.83	2.44	1.59	1.20	3.70	3.07	0.25	0.97	0.82
33.00	6.90	0.00	3.51	0.98	2.01	3.03	0.74	0.49	1.01	0.16	2.81	3.21	1.35	0.00	0.00	0.64	1.18	2.32	0.49	2.14	0.32	0.79	1.70	0.13
34.00	6.89	0.00	5.35	0.49	1.11	2.86	0.18	1.67	0.45	0.39	3.49	3.13	1.47	0.06	0.00	3.51	3.59	1.70	0.00	2.21	2.23	1.77	0.65	0.01
35.00	6.90	0.06	3.87	1.13	0.62	1.64	0.67	0.72	1.54	0.51	0.60	1.81	0.82	0.49	0.00	0.69	1.88	2.57	1.06	2.86	1.67	0.77	0.68	0.04
36.00	6.90	0.02	0.49	1.06	0.69	0.67	0.32	0.54	2.10	2.61	1.13	4.45	2.00	0.44	0.00	3.44	3.37	0.45	0.02	2.94	1.93	1.95	1.18	0.33
37.00	6.90	0.00	4.19	2.68	0.84	0.51	0.00	0.47	2.84	2.10	0.88	4.30	0.55	0.29	0.00	2.44	0.00	3.17	0.00	2.30	0.04	2.25	0.99	0.21
38.00	6.90	0.37	4.42	0.00	3.92	3.60	0.00	0.00	2.60	0.31	1.38	3.94	1.77	0.09	0.00	4.16	0.05	2.41	0.06	2.97	0.91	1.87	1.20	0.91
39.00	6.90	2.17	1.48	1.28	0.00	0.06	0.05	0.27	1.18	0.38	1.27	3.03	2.41	0.04	0.00	1.81	2.71	2.20	0.00	1.06	2.12	1.47	0.00	0.15
40.00	6.90	1.53	5.05	0.40	3.54	1.63	0.18	1.12	1.59	0.00	0.24	2.39	2.84	0.18	0.00	1.41	3.67	2.78	0.66	2.87	2.78	1.90	1.61	0.52
41.00	6.90	0.00	1.47	0.71	2.66	3.13	0.00	0.16	1.04	2.40	0.07	1.34	1.26	0.22	0.00	1.87	1.28	0.29	0.61	0.65	0.74	1.02	1.25	0.37
42.00	6.90	0.99	0.78	0.00	3.59	0.94	0.19	0.02	3.80	0.06	3.52	2.92	2.83	1.94	0.00	1.34	3.18	2.80	0.00	0.95	2.52	1.54	1.21	0.11
43.00	6.90	0.00	1.26	1.44	0.77	1.81	0.00	0.00	0.91	0.81	1.40	3.63	1.67	0.67	0.00	0.52	1.08	2.50	0.62	2.31	0.32	0.40	1.07	0.01
44.00	6.90	0.00	2.50	0.08	1.70	1.85	0.07	0.00	0.84	1.15	0.80	4.50	0.49	0.00	0.00	2.59	1.93	0.46	0.51	2.54	1.75	0.92	0.94	0.74
45.00	6.90	0.00	2.77	3.38	0.60	2.93	0.00	0.00	0.95	1.50	1.19	2.40	0.00	0.00	0.00	3.10	0.88	0.60	1.24	2.34	1.12	0.28	1.47	0.67
46.00	6.90	0.09	2.00	1.79	0.84	0.49	0.00	0.80	0.06	0.94	1.27	2.32	0.94	0.52	0.00	1.73	0.80	2.05	1.20	2.90	2.92	2.44	0.74	0.02
47.00	6.90	0.00	3.09	0.94	2.53	1.58	0.24	0.09	0.58	2.44	0.57	4.51	0.81	0.00	0.00	2.83	2.23	3.29	0.72	2.60	2.45	2.40	0.87	0.48
48.00	6.90	0.97	1.46	0.25	0.40	0.49	0.00	0.08	0.68	1.63	4.90	1.85	1.52	1.64	0.00	2.63	1.30	2.64	0.27	3.00	1.24	2.40	0.00	0.47
49.00	6.90	0.44	2.80	0.00	0.77	0.58	0.00	3.82	0.98	0.64	1.98	2.65	0.65	0.12	0.00	2.41	0.69	0.85	0.08	1.93	1.42	1.31	1.12	0.00
50.00	6.89	0.00	2.04	0.04	0.91	2.98	1.02	0.75	1.25	0.49	0.69	2.92	1.97	0.00	0.00	2.27	1.38	2.03	0.00	2.80	2.12	1.88	1.73	0.20
51.00	6.90	0.00	1.57	0.47	1.38	1.67	0.00	0.99	3.18	0.32	1.05	2.32	1.15	0.12	0.00	1.18	1.01	0.74	2.18	0.94	1.34	0.09	0.99	0.12
52.00	6.90	0.00	1.74	1.61	1.83	3.13	0.68	0.34	2.20	1.21	3.94	4.50	1.74	0.00	0.00	2.13	0.18	0.77	0.29	3.01	2.48	1.46	0.46	0.51
53.00	6.90	0.99	0.92	1.32	2.92	1.08	0.51	0.02	0.39	1.12	0.01	4.50	1.00	0.00	0.00	2.44	1.88	0.00	0.08	2.81	1.08	0.27	1.72	0.78
54.00	6.90	0.00	4.76	0.68	2.99	0.44	0.05	0.42	3.97	2.38	0.73	4.50	1.80	0.19	0.00	1.66	2.14	0.42	0.69	2.90	0.84	2.18	1.50	0.31
55.00	6.90	0.29	4.04	3.38	1.94	1.17	0.01	0.14	1.38	1.32	1.06	3.27	0.51	0.84	0.00	0.67	0.02	1.15	0.00	2.56	2.41	0.11	0.91	0.47
56.00	6.90	0.86	2.76	0.48	0.15	1.64	0.00	0.14	2.34	1.92	0.00	4.12	1.83	0.05	0.00	2.46	1.70	1.19	0.47	1.83	1.68	1.38	1.21	0.14
57.00	6.90	0.00	4.23	1.88	0.20	3.00	0.02	0.00	3.20	2.53	2.61	3.30	1.44	0.00	0.00	0.08	2.07	2.71	0.67	2.66	1.74	1.55	0.75	0.68
58.00	6.90	0.32	5.45	1.46	1.92	2.50	0.26	0.25	2.63	1.52	0.06	3.25	1.14	1.48	0.00	2.68	1.39	3.72	0.05	2.30	0.06	0.84	1.55	0.34
59.00	6.90	0.04	2.14	1.11	2.25	1.64	0.00	0.54	2.46	0.12	1.41	3.59	0.48	0.31	0.00	3.29	3.38	1.63	0.20	2.56	2.47	1.59	0.33	0.00
60.00	6.90	0.00	0.86	4.86	1.42	1.90	1.10	0.40	3.05	2.90	1.33	4.31	2.54	0.24	0.00	2.40	2.77	2.80	0.00	1.47	1.67	2.00	1.72	0.07
61.00	6.90	0.99	0.06	1.37	1.51	0.45	0.00	2.23	1.90	3.04	0.81	3.47	1.13	0.49	0.00	0.85	0.72	2.74	1.66	2.91	0.79	1.21	1.65	0.00
62.00	6.90	0.98	4.82	2.48	2.28	2.52	0.00	0.65	2.64	1.91	1.55	4.17	1.06	0.00	0.00	3.10	1.64	2.00	0.73	1.52	0.94	1.13	1.63	0.47
63.00	6.90	0.00	1.44	2.21	1.63	3.50	0.75	1.47	0.38	0.66	1.87	3.96	0.12	1.71	0.00	0.18	0.64	0.12	0.57	2.25	0.66	0.53	1.58	0.00
64.00	6.90	2.97	3.90	2.03	2.44	1.65	0.60	2.25	0.65	1.08	1.46	4.10	2.87	1.18	0.00	0.35	0.86	2.03	0.32	2.74	1.64	0.91	1.60	0.00
65.00	6.90	0.00	3.13	2.08	0.07	0.61	0.48	0.01	1.71	1.66	2.46	3.49	0.81	0.00	0.00	1.65	0.92	0.08	0.00	2.59	0.41	1.28	1.19	0.22
66.00	6.89	0.00	1.84	3.72	0.49	1.70	1.07	0.51	1.63	1.90	1.45	3.71	2.34	0.37	0.00	1.50	3.30	2.07	1.37	3.06	2.07	2.10	1.79	0.67
67.00	6.90	0.00	2.05	0.26	0.29	0.35	0.49	0.00	2.17	2.46	0.14	2.37	1.44	0.00	0.00	0.38	1.15	1.28	0.86	1.81	0.86	1.58	0.42	0.25
68.00	6.90	0.00	4.99	1.95	2.47	0.72	0.99	0.60	3.52	2.11	3.12	2.90	1.58	0.20	0.00	1.04	1.25	2.12	0.60	2.98	2.19	1.94	0.82	0.12
69.00	6.90	0.00	0.65	0.98	4.78	1.19	0.09	0.33	3.29	0.80	2.50	1.98	0.87	0.11	0.00	3.05	0.66	0.94	0.00	2.59	0.57	0.73	1.39	0.59
70.00	6.90	0.15	2.74	0.99	3.40	0.49	0.00	0.00	2.63	0.65	3.05	5.43	0.26	0.37	0.00	2.04	1.40	3.50	0.29	2.96	3.05	1.65	0.98	0.49
71.00	6.90	0.00	1.25	2.77	0.65	3.54	0.34	0.00	1.38	0.85	2.45	3.47	0.40	0.13	0.00	2.51	0.44	1.79	0.00	1.52	1.18	2.57	1.79	0.41
72.00	6.90	0.04	2.10	1.00	1.28	1.25	0.00	0.34	1.19	1.04	0.65	3.90	0.52	0.51	0.00	1.07	1.04	1.04	0.82	2.32	3.00	1.57	1.52	0.92
73.00	6.90	0.00	2.45	0.01	2.57	1.19	0.49	0.00	1.21	0.00	0.80	4.26	0.44	0.68	0.00	1.32	3.25	2.60	1.02	2.76	2.24	0.48	1.59	0.11
74.00	6.90	0.00	5.29	0.94	0.49	0.14	0.00	1.32	2.26	0.25	0.75	1.66	3.06	0.69	0.00	1.91	1.44	0.60	0.00	1.74	1.12	0.46	0.91	0.55
75.00	6.90	0.52	2.31	1.19	0.00	2.06	0.99	0.06	1.13	1.35	2.00	4.50	1.83	0.01	0.00	4.25	0.84	1.35	0.00	2.18	1.51	1.68	0.18	0.01
76.00	6.90	0.00	0.98	0.00	3.05	0.00	0.54	0.01	1.71	0.53	3.74	4.50	0.34	0.49	0.00	0.18	0.80	0.00	0.07	2.61	2.31	1.11	1.06	0.04
77.00	6.90	0.35	4.00	0.77	0.59	2.66	0.38	0.00	1.35	1.80	0.51	3.05	2.18	0.22	0.00	0.89	0.01	2.06	0.09	2.14	1.45	0.40	1.75	0.00
78.00	6.90	0.00	6.23	2.26	1.40	1.31	1.51	0.69	0.00	2.33	4.27	3.18	0.58	0.84	0.00	0.00	2.48	1.66	1.19	2.97	2.66	2.37	1.80	0.91
79.00	6.90	0.00	1.64	1.92	0.32	1.81	0.66	0.02	0.40	1.55	1.06	1.27	3.16	0.00	0.00	1.12	1.01	0.19	0.22	1.17	0.78	2.17	1.22	0.12
10.2.1.2	7.03	8.34
10.1.1.2	0.31	222957.51
10.1.1.3	2.86	46999.57
10.1.1.9	1.85	52891.61
10.1.1.10	1.45	80179.24
10.1.1.11	1.70	62319.05
10.1.1.12	3.45	29994.26
10.1.1.13	1.35	62618.51
10.1.1.5	1.56	83440.01
10.1.1.4	1.43	191828.66
10.1.1.23	1.13	72520.84
10.1.1.18	1.68	80183.83
10.1.1.6	1.67	126888.53
10.1.1.14	0.46	157258.08
10.1.1.15	0	0
10.1.1.16	1.95	49236.24
10.1.1.19	0.45	245504.26
10.1.1.7	0.43	155777.15
10.1.1.8	0.51	224307.65
10.1.1.22	1.35	65174.27
10.1.1.17	1.48	74524.87
10.1.1.24	0.35	245243.03
10.1.1.20	2.28	31794.96
10.1.1.21	1.64	45878.22
