Waf: Entering directory `/home/synrg-sc1/Desktop/Jiaming/ns-3.29-mesh/build'
Waf: Leaving directory `/home/synrg-sc1/Desktop/Jiaming/ns-3.29-mesh/build'
Build commands will be stored in build/compile_commands.json
'build' finished successfully (4.786s)
CreateVariables () DONE !!!
Creating 16 APs 50.00 m apart.
CreateApNodes () DONE !!!
Creating 0 CLs 20.00 m away from each AP.
CreateClNodes () DONE !!!
CreateNodes () DONE !!!
CreateMeshDevices () DONE !!!
CreateWifiDevices () DONE !!!
CreateCsmaDevices () DONE !!!
CreateDevices () DONE !!!
InstallInternetStack () DONE !!!
Gateway is connect to AP 0
InstallApplications () DONE !!!
Starting simulation for 80.00 s ...
-------------------------------------------------
Time[s]	ap-0	ap-1	ap-2	ap-3	ap-4	ap-5	ap-6	ap-7	ap-8	ap-9	ap-10	ap-11	ap-12	ap-13	ap-14	ap-15
2.00	0.00	0.00	0.00	0.00	0.00	0.00	0.00	0.00	0.00	0.00	0.00	0.00	0.00	0.00	0.00	0.00
3.00	4.44	4.25	3.91	0.00	0.00	0.00	0.00	0.00	0.00	0.00	0.00	0.00	0.00	0.00	0.00	0.00
4.00	7.21	6.90	6.30	0.00	0.00	0.00	0.00	0.00	0.00	0.00	0.00	0.00	0.00	0.00	0.00	0.00
5.00	7.20	6.90	6.30	2.43	1.20	1.59	2.70	0.04	2.97	2.87	0.58	2.07	1.63	0.04	1.34	0.07
6.00	7.21	6.90	6.30	1.97	2.39	1.10	3.82	2.52	3.21	1.93	0.16	2.46	0.99	0.74	2.84	0.07
7.00	7.20	6.90	6.30	5.39	0.11	0.21	5.06	5.04	5.42	4.38	1.31	3.87	1.02	2.48	2.84	1.27
8.00	7.20	6.90	6.30	3.42	2.98	1.35	4.47	4.02	5.13	1.75	2.93	4.42	0.53	1.15	1.05	0.86
9.00	7.21	6.90	6.30	4.83	0.46	1.48	4.37	3.20	4.86	2.26	0.37	3.98	2.91	3.98	0.58	0.89
10.00	7.20	6.90	6.30	5.94	0.52	0.54	5.31	2.36	5.10	5.41	0.04	4.80	0.58	3.91	0.49	0.89
11.00	7.21	6.90	6.30	5.79	0.00	1.90	4.62	4.89	5.62	4.22	1.19	4.80	1.05	3.65	0.91	0.91
12.00	7.20	6.90	6.30	4.80	2.26	2.07	5.71	3.59	5.41	4.71	0.05	4.79	0.93	3.90	3.10	0.89
13.00	7.20	6.90	6.30	0.75	3.10	4.65	5.50	6.12	5.37	2.48	0.00	4.80	0.66	2.26	2.66	0.88
14.00	7.21	6.90	6.30	1.77	1.35	2.36	5.57	4.36	4.78	3.40	2.53	4.68	2.33	0.89	0.88	0.85
15.00	7.20	6.90	6.30	5.96	0.00	0.98	5.69	2.03	5.39	4.56	0.00	4.80	1.22	1.73	3.50	0.89
16.00	7.21	6.90	6.30	3.10	0.00	3.18	5.71	4.68	4.93	4.73	1.31	2.92	0.29	2.86	2.18	0.87
17.00	7.20	6.89	6.30	0.67	2.17	1.83	2.36	3.50	3.39	0.62	1.22	4.06	2.90	0.54	2.16	0.78
18.00	7.21	6.90	6.30	1.84	4.11	2.56	4.91	5.68	5.41	2.27	0.09	3.27	0.19	1.74	2.11	0.72
19.00	7.20	6.90	6.30	1.73	0.18	1.27	5.70	5.42	5.39	2.31	1.30	3.39	0.49	1.26	0.09	0.89
20.00	7.20	6.90	6.30	3.13	0.82	2.81	5.70	5.06	5.41	2.08	3.19	1.41	2.68	1.21	1.38	0.91
21.00	7.21	6.90	6.30	2.94	0.32	3.38	5.70	3.49	5.19	0.00	0.41	3.11	0.88	0.00	1.10	0.88
22.00	7.20	6.90	6.30	2.25	0.57	0.21	5.70	2.16	3.37	2.13	0.22	4.00	0.66	1.51	1.33	0.81
23.00	7.21	6.90	6.30	0.89	1.17	0.99	5.70	1.61	5.32	4.17	0.75	4.72	0.92	3.17	2.37	0.88
24.00	7.20	6.90	6.30	2.68	1.20	0.05	4.66	5.50	4.66	3.46	0.00	3.82	3.13	2.56	2.71	0.89
25.00	7.20	6.90	6.30	2.70	1.45	1.01	2.90	5.49	5.24	3.30	0.00	5.03	0.02	1.85	1.80	0.89
26.00	7.21	6.90	6.30	3.54	0.39	1.54	5.63	5.53	5.39	3.34	0.91	4.80	0.91	2.56	1.27	0.82
27.00	7.20	6.90	6.30	1.95	2.71	0.82	4.17	4.73	1.86	3.00	1.06	3.17	1.07	0.49	3.21	0.80
28.00	7.21	6.90	6.30	3.78	0.24	0.00	5.53	4.72	4.50	2.53	0.86	4.80	0.00	1.35	3.05	0.89
29.00	7.20	6.90	6.30	3.03	0.47	0.73	2.91	2.99	4.82	3.00	1.95	4.57	0.00	1.86	3.27	0.89
30.00	7.20	6.90	6.30	5.64	2.26	0.78	4.82	0.73	5.05	4.90	2.73	4.56	1.32	1.66	2.17	0.88
31.00	7.21	6.90	6.30	2.96	0.66	2.28	3.62	1.81	3.43	3.18	1.94	2.74	0.12	2.13	3.44	0.37
32.00	7.20	6.90	6.30	4.99	0.00	5.57	5.70	5.61	5.43	2.89	0.12	4.77	1.34	3.92	3.31	1.27
33.00	7.21	6.90	6.30	3.53	0.00	4.02	4.09	4.04	3.60	1.64	1.27	2.92	0.52	1.72	2.08	0.62
34.00	7.20	6.89	6.30	2.19	0.64	1.07	5.23	4.11	4.04	2.60	1.48	5.10	1.26	1.34	3.30	0.91
35.00	7.21	6.90	6.30	0.00	0.12	1.73	3.69	4.55	5.12	1.78	2.17	4.23	0.81	2.77	3.30	0.89
36.00	7.20	6.90	6.30	0.94	0.45	0.12	5.70	3.38	4.16	0.00	1.72	4.70	0.94	3.27	2.83	0.89
37.00	7.20	6.90	6.30	1.47	0.28	3.37	4.37	3.33	5.18	2.60	1.64	4.77	0.21	3.25	2.03	0.91
38.00	7.21	6.90	6.30	2.65	0.00	0.00	4.64	1.37	5.11	2.46	1.94	4.80	3.93	3.86	1.51	0.89
39.00	7.20	6.90	6.30	3.05	0.05	2.26	2.64	4.13	3.80	0.33	1.72	3.26	4.10	2.59	1.12	0.91
40.00	7.21	6.90	6.30	2.38	1.99	2.59	4.46	3.86	4.03	4.11	0.74	4.80	0.98	2.04	3.30	0.89
41.00	7.20	6.90	6.30	1.67	0.39	0.00	5.65	5.79	4.00	2.00	3.53	1.84	0.49	1.93	3.30	0.91
42.00	7.20	6.90	6.30	5.82	0.00	3.18	5.45	2.92	5.66	5.39	1.05	4.80	1.93	1.31	2.46	0.88
43.00	7.21	6.90	6.30	5.99	0.00	2.47	3.71	0.82	4.80	4.03	0.00	3.89	1.25	2.93	1.74	0.79
44.00	7.20	6.90	6.30	6.01	0.01	1.52	3.29	3.66	5.41	5.42	2.17	4.70	0.21	0.00	3.34	0.89
45.00	7.21	6.90	6.30	5.59	1.28	0.49	5.59	5.62	5.41	4.98	2.68	4.79	1.73	0.99	3.19	0.88
46.00	7.20	6.90	6.30	1.86	0.26	1.17	5.18	3.52	3.06	1.71	0.49	3.92	1.65	1.25	2.94	0.88
47.00	7.21	6.90	6.30	4.11	0.08	2.96	2.68	4.15	5.41	1.31	0.69	3.93	1.13	0.49	3.25	0.15
48.00	7.20	6.90	6.30	3.29	3.17	5.16	5.52	5.70	5.41	2.05	0.42	4.38	0.00	2.18	3.31	0.91
49.00	7.20	6.90	6.30	3.31	0.98	2.53	4.39	5.36	4.06	2.36	1.17	3.91	0.25	0.49	3.06	0.69
50.00	7.21	6.89	6.30	5.37	1.40	0.00	5.70	5.58	5.41	5.41	0.11	4.79	1.00	2.63	3.30	0.89
51.00	7.20	6.90	6.30	4.92	1.65	0.55	4.27	2.61	2.28	3.54	0.75	2.59	0.11	0.84	2.17	0.48
52.00	7.21	6.90	6.30	5.16	0.09	0.99	5.59	2.23	5.12	0.00	3.91	5.82	0.00	0.89	3.10	0.73
53.00	7.20	6.90	6.30	4.66	0.84	0.00	5.25	3.34	5.19	3.94	0.00	4.51	1.13	0.91	2.41	0.91
54.00	7.20	6.90	6.30	3.80	0.00	1.54	4.50	2.77	5.41	3.17	0.60	4.43	3.58	3.11	2.89	0.84
55.00	7.21	6.90	6.30	3.04	0.28	4.18	1.70	3.26	5.41	4.51	1.10	4.19	1.66	3.82	1.47	0.79
56.00	7.20	6.90	6.30	1.42	1.59	0.81	4.76	5.38	5.39	5.19	0.00	4.77	1.32	3.56	1.24	0.91
57.00	7.21	6.90	6.30	4.75	0.00	0.00	2.14	5.43	5.04	0.94	0.42	3.60	0.48	3.79	0.00	0.22
58.00	7.20	6.90	6.30	2.53	2.36	0.04	4.60	4.03	5.39	2.93	2.07	4.79	0.48	3.87	3.71	0.21
59.00	7.20	6.90	6.30	0.09	0.28	1.85	5.70	3.31	5.41	3.34	2.30	4.80	0.47	3.87	3.30	0.87
60.00	7.21	6.90	6.30	4.17	0.04	1.05	5.35	3.20	5.35	4.07	1.48	4.79	0.48	3.36	1.14	0.91
61.00	7.20	6.90	6.30	1.10	0.49	0.87	4.85	2.64	3.84	2.36	0.06	3.84	0.85	1.15	0.53	0.84
62.00	7.21	6.90	6.30	4.22	0.01	3.54	4.76	5.13	5.16	4.49	0.02	4.73	0.98	0.93	3.30	0.88
63.00	7.20	6.90	6.30	1.04	0.00	1.37	4.62	4.33	5.31	5.03	0.00	4.63	3.96	0.49	3.31	0.91
64.00	7.21	6.90	6.30	4.76	1.67	0.55	5.69	5.59	4.99	4.95	0.05	4.80	1.78	0.00	3.30	0.89
65.00	7.20	6.90	6.30	1.61	0.00	0.01	5.46	5.59	4.62	4.65	0.47	4.63	0.82	1.27	3.10	0.91
66.00	7.20	6.89	6.30	4.22	0.79	0.84	5.15	5.38	5.39	5.30	0.00	4.64	0.97	0.26	3.30	0.86
67.00	7.21	6.90	6.30	1.86	0.16	0.00	4.35	4.32	2.73	3.53	1.58	4.68	0.09	1.58	2.36	0.89
68.00	7.20	6.90	6.30	0.99	0.07	2.96	5.71	3.69	5.02	5.35	0.79	4.82	0.59	3.82	1.10	0.91
69.00	7.21	6.90	6.30	2.01	1.27	0.19	5.24	5.63	5.41	2.85	0.00	4.58	0.07	0.15	2.77	0.84
70.00	7.20	6.90	6.30	4.88	0.00	1.02	4.84	4.35	4.73	4.12	1.34	4.68	0.14	3.18	1.37	0.91
71.00	7.20	6.90	6.30	4.47	1.38	2.30	3.09	2.44	3.79	4.03	0.34	3.85	2.03	3.12	3.30	0.89
72.00	7.21	6.90	6.30	5.10	0.00	3.17	5.70	4.13	5.41	4.20	0.20	4.43	1.52	3.66	3.26	0.91
73.00	7.20	6.90	6.30	0.89	1.45	1.42	5.18	2.57	2.00	4.07	0.00	3.38	1.81	2.48	2.78	0.81
74.00	7.21	6.90	6.30	3.50	1.51	0.97	5.70	5.91	3.87	3.90	0.49	4.80	0.00	0.93	3.30	0.91
75.00	7.20	6.90	6.29	2.68	0.29	2.19	5.23	2.12	4.92	3.83	1.78	3.58	0.60	2.86	2.64	0.78
76.00	7.20	6.90	6.30	5.68	0.12	2.04	5.70	4.29	3.11	4.43	0.52	4.80	0.87	3.10	2.68	0.84
77.00	7.21	6.90	6.30	5.84	0.54	1.65	4.51	5.44	5.28	2.57	2.27	3.99	0.49	0.80	0.91	0.91
78.00	7.20	6.90	6.30	3.73	0.64	1.06	5.58	4.43	5.41	1.38	4.93	4.78	0.25	0.20	4.29	0.89
79.00	7.21	6.90	6.30	4.60	0.53	0.71	5.64	2.85	5.25	2.68	2.94	4.80	0.00	3.26	3.13	0.89
10.2.1.2	7.34	9.58
10.2.1.3	7.03	8.45
10.2.1.4	6.42	9.01
10.1.1.11	1.12	199200.92
10.1.1.14	2.07	132800.95
10.1.1.9	4.82	13849.66
10.1.1.10	3.28	51633.06
10.1.1.6	1.66	173426.67
10.1.1.7	4.89	21433.98
10.1.1.8	4.05	27860.02
10.1.1.4	3.40	36946.95
10.1.1.5	0.88	179298.89
10.1.1.13	1.11	128670.69
10.1.1.12	4.29	15640.54
10.1.1.15	2.45	50043.44
10.1.1.16	0.84	15917.01
