Waf: Entering directory `/home/synrg-sc1/Desktop/Jiaming/ns-3.29-mesh/build'
Waf: Leaving directory `/home/synrg-sc1/Desktop/Jiaming/ns-3.29-mesh/build'
Build commands will be stored in build/compile_commands.json
'build' finished successfully (4.766s)
CreateVariables () DONE !!!
Creating 15 APs 50.00 m apart.
CreateApNodes () DONE !!!
Creating 0 CLs 20.00 m away from each AP.
CreateClNodes () DONE !!!
CreateNodes () DONE !!!
CreateMeshDevices () DONE !!!
CreateWifiDevices () DONE !!!
CreateCsmaDevices () DONE !!!
CreateDevices () DONE !!!
InstallInternetStack () DONE !!!
Gateway is connect to AP 0
InstallApplications () DONE !!!
Starting simulation for 80.00 s ...
-------------------------------------------------
Time[s]	ap-0	ap-1	ap-2	ap-3	ap-4	ap-5	ap-6	ap-7	ap-8	ap-9	ap-10	ap-11	ap-12	ap-13	ap-14
2.00	0.00	0.00	0.00	0.00	0.00	0.00	0.00	0.00	0.00	0.00	0.00	0.00	0.00	0.00	0.00
3.00	5.72	5.22	4.85	0.00	0.00	0.00	0.00	0.00	0.00	0.00	0.00	0.00	0.00	0.00	0.00
4.00	9.60	8.70	8.10	0.00	0.00	0.00	0.00	0.00	0.00	0.00	0.00	0.00	0.00	0.00	0.00
5.00	9.60	8.70	8.10	0.89	0.44	4.66	0.74	0.69	4.10	3.11	2.25	2.47	3.50	3.43	1.57
6.00	9.61	8.69	8.10	0.00	2.07	3.45	1.60	1.94	3.31	0.65	0.89	1.47	3.45	1.68	1.41
7.00	9.60	8.70	8.10	2.63	0.99	1.75	1.31	2.06	5.19	0.27	2.71	0.18	2.89	2.58	1.34
8.00	9.60	8.70	8.09	3.87	2.17	5.41	0.13	0.00	4.55	0.54	2.38	0.53	3.33	1.47	1.00
9.00	9.60	8.70	8.10	1.04	3.49	3.84	4.38	2.41	3.46	1.41	1.74	3.09	3.73	1.74	0.49
10.00	9.60	8.70	8.10	2.77	5.15	5.99	2.91	3.83	5.29	1.48	4.19	0.77	4.09	3.87	1.37
11.00	9.61	8.69	8.10	1.99	2.93	5.64	0.19	4.50	3.91	0.00	1.58	0.72	3.96	1.07	1.81
12.00	9.60	8.70	8.10	1.53	1.00	5.92	3.27	3.79	4.72	0.49	2.59	1.91	2.11	3.34	3.60
13.00	9.60	8.70	8.10	2.03	1.18	5.13	3.86	2.03	5.12	0.21	0.01	1.37	3.62	2.53	2.64
14.00	9.60	8.70	8.09	1.37	0.80	0.98	0.00	2.96	5.41	0.00	1.40	0.42	4.20	2.05	1.95
15.00	9.61	8.70	8.10	1.63	0.93	4.05	1.10	4.36	5.39	1.05	1.66	0.00	3.96	1.05	0.06
16.00	9.60	8.69	8.10	2.07	0.00	5.97	0.48	5.23	4.90	0.99	2.70	2.43	4.10	0.18	0.00
17.00	9.60	8.70	8.10	0.00	0.00	4.05	0.05	4.95	3.36	1.11	1.51	2.06	2.79	0.20	2.39
18.00	9.60	8.70	8.10	3.38	0.00	5.09	4.22	1.67	4.65	2.00	2.72	1.57	4.06	3.10	1.33
19.00	9.60	8.70	8.10	0.00	1.22	5.02	1.19	3.03	4.30	3.72	1.15	0.54	4.12	3.09	1.47
20.00	9.61	8.70	8.09	2.34	0.69	5.94	1.97	5.31	5.29	0.00	1.67	2.40	2.19	1.75	1.20
21.00	9.60	8.69	8.10	1.24	0.00	5.45	4.38	2.13	5.22	0.02	0.40	1.34	2.63	4.39	3.53
22.00	9.60	8.70	8.10	0.37	1.21	5.91	1.52	2.63	4.73	0.00	0.00	0.45	4.19	3.20	3.44
23.00	9.60	8.70	8.10	1.54	1.52	5.11	2.00	4.39	5.41	2.19	1.27	1.06	3.44	2.37	1.93
24.00	9.61	8.70	8.10	1.33	0.89	3.98	2.58	3.74	4.70	3.60	3.01	0.00	3.90	3.58	1.99
25.00	9.60	8.69	8.10	0.21	0.54	5.58	2.18	1.10	5.41	0.48	2.84	0.57	3.17	2.37	3.30
26.00	9.60	8.70	8.09	1.65	0.49	3.86	0.78	4.65	5.39	0.48	1.74	3.23	1.04	3.27	2.93
27.00	9.60	8.70	8.10	3.36	2.41	0.33	3.53	2.38	4.88	0.00	2.52	1.48	2.31	2.31	1.18
28.00	9.60	8.70	8.10	0.53	1.18	1.72	1.92	5.41	5.11	0.51	2.18	0.02	4.45	0.67	2.94
29.00	9.61	8.70	8.10	0.94	1.28	4.09	0.28	4.76	4.95	1.08	1.92	0.87	3.70	1.15	0.58
30.00	9.60	8.69	8.10	2.50	0.04	5.44	1.63	4.44	5.16	1.46	0.34	0.54	1.77	2.31	1.17
31.00	9.60	8.70	8.10	2.56	0.15	5.92	0.00	5.16	5.19	0.58	1.12	3.62	2.65	3.82	1.05
32.00	9.60	8.70	8.10	1.57	0.00	5.78	0.00	5.04	5.41	2.00	2.03	1.91	4.20	3.87	2.40
33.00	9.60	8.70	8.09	1.77	0.04	5.56	4.30	4.36	3.78	1.15	2.19	0.35	2.26	2.63	1.68
34.00	9.61	8.70	8.10	5.33	1.40	5.94	5.98	5.36	5.39	0.00	1.22	2.36	4.19	1.88	0.64
35.00	9.60	8.69	8.10	2.85	1.08	5.17	1.19	2.16	2.40	1.37	2.83	0.00	2.65	1.91	0.99
36.00	9.60	8.70	8.10	2.63	0.58	5.84	3.00	0.99	3.79	1.00	2.19	1.07	3.72	1.40	0.60
37.00	9.60	8.70	8.10	2.79	1.04	6.01	1.44	4.93	4.07	0.54	0.00	1.17	3.91	4.58	1.70
38.00	9.61	8.70	8.10	1.84	0.99	5.83	1.17	4.18	5.23	2.44	2.20	1.44	4.20	3.58	2.76
39.00	9.60	8.70	8.09	5.48	0.00	5.79	0.69	3.89	5.02	0.34	0.05	1.63	3.30	3.90	2.10
40.00	9.60	8.69	8.10	2.68	0.62	5.32	2.53	5.28	4.98	0.05	0.01	0.72	3.87	3.91	3.50
41.00	9.60	8.70	8.10	1.48	1.34	4.03	2.70	2.48	3.51	0.19	1.74	0.44	2.59	0.89	1.40
42.00	9.60	8.70	8.10	0.49	0.02	5.95	3.06	3.27	3.14	0.51	1.63	1.08	1.70	2.16	3.32
43.00	9.61	8.70	8.10	0.61	0.00	1.88	0.49	1.77	2.07	1.31	3.66	0.00	2.27	1.44	0.48
44.00	9.60	8.70	8.10	2.72	0.58	6.03	5.32	2.28	5.41	0.00	1.14	0.01	2.81	2.16	2.97
45.00	9.60	8.69	8.09	0.15	0.78	6.01	0.22	5.18	4.20	0.99	0.68	1.37	3.24	3.24	0.51
46.00	9.60	8.70	8.10	1.58	1.70	5.99	4.32	4.76	5.39	0.02	2.68	0.00	4.20	3.86	1.18
47.00	9.61	8.70	8.10	0.92	2.41	2.61	3.44	5.11	4.19	0.52	1.30	0.97	3.69	2.26	0.08
48.00	9.60	8.70	8.10	2.46	1.04	2.54	1.01	2.44	5.33	1.26	3.54	1.71	3.29	3.85	1.60
49.00	9.60	8.69	8.10	1.93	0.72	4.13	3.83	5.19	3.45	1.79	3.59	1.72	3.89	3.90	2.66
50.00	9.60	8.70	8.10	2.34	0.21	5.63	4.72	5.32	5.36	0.85	1.13	1.24	4.07	3.39	2.21
51.00	9.60	8.70	8.09	0.53	0.99	2.44	1.74	4.70	1.88	0.85	1.78	0.00	3.11	1.44	3.49
52.00	9.61	8.70	8.10	0.01	0.79	0.69	3.00	4.88	5.98	0.20	1.39	0.06	3.03	1.90	3.27
53.00	9.60	8.70	8.10	0.64	0.38	2.14	4.10	1.97	5.42	1.51	3.77	0.04	2.67	3.21	3.40
54.00	9.60	8.69	8.10	4.78	0.01	5.63	3.50	3.50	4.22	1.52	2.54	0.46	3.87	3.91	1.79
55.00	9.60	8.70	8.10	0.82	0.61	5.00	1.19	1.86	5.13	1.22	2.84	1.94	3.52	1.40	1.81
56.00	9.60	8.70	8.10	1.75	0.00	5.95	1.06	1.63	5.41	0.24	0.95	0.35	3.01	3.37	1.07
57.00	9.61	8.70	8.10	0.71	0.73	5.09	2.38	1.95	5.41	0.00	1.58	0.67	1.02	3.76	2.18
58.00	9.60	8.70	8.09	6.32	3.31	5.97	1.60	0.00	5.39	0.24	4.50	1.97	1.75	3.72	0.00
59.00	9.60	8.69	8.10	3.45	0.05	5.91	2.08	4.16	5.41	0.00	4.17	1.13	2.44	3.20	2.51
60.00	9.60	8.70	8.10	6.49	0.00	5.81	0.45	5.02	5.36	0.66	2.25	0.12	4.05	3.23	2.74
61.00	9.61	8.70	8.10	5.16	0.91	5.28	0.67	2.23	4.63	0.49	2.27	3.58	3.14	1.20	0.00
62.00	9.60	8.70	8.10	2.51	1.25	5.55	1.00	1.08	3.23	1.02	1.28	1.14	4.15	2.10	1.77
63.00	9.60	8.70	8.10	1.83	0.79	5.48	0.07	2.43	4.68	3.45	0.69	1.22	3.25	3.84	0.61
64.00	9.60	8.69	8.09	4.45	0.57	5.88	0.75	2.53	5.00	0.91	2.58	1.20	4.19	1.06	0.00
65.00	9.60	8.70	8.10	0.45	0.09	5.81	1.91	4.09	4.92	0.32	0.14	1.77	2.32	3.90	0.79
66.00	9.61	8.70	8.10	3.79	0.16	5.70	5.28	4.15	3.01	0.40	1.45	1.06	4.17	3.65	3.11
67.00	9.60	8.70	8.10	5.44	2.50	5.22	1.39	3.57	2.97	0.97	0.55	1.26	3.97	2.64	2.52
68.00	9.60	8.69	8.10	4.09	3.46	5.09	3.49	3.44	5.33	0.14	0.42	1.40	3.27	3.06	0.89
69.00	9.60	8.70	8.10	4.78	0.06	6.01	1.91	1.21	5.28	0.05	0.99	0.57	4.07	3.49	0.24
70.00	9.61	8.70	8.09	0.18	0.00	5.64	2.31	5.28	5.42	2.84	0.42	0.00	3.77	3.17	0.15
71.00	9.60	8.70	8.10	0.99	1.24	3.92	2.16	0.49	4.93	0.00	3.56	1.00	1.10	1.91	1.35
72.00	9.60	8.70	8.10	0.49	1.83	5.79	0.67	1.52	4.97	0.01	0.20	0.49	1.47	3.85	1.98
73.00	9.60	8.69	8.10	0.77	0.07	5.86	0.06	1.37	5.41	0.00	1.38	0.42	3.27	2.72	3.36
74.00	9.60	8.70	8.10	1.24	1.77	6.01	2.77	4.05	5.39	0.22	1.95	1.86	3.16	2.32	3.57
75.00	9.61	8.70	8.10	3.65	0.72	5.26	3.11	2.66	5.41	1.10	0.08	0.18	1.75	2.57	2.97
76.00	9.60	8.70	8.09	0.00	1.21	5.86	5.33	5.24	5.39	2.00	0.00	0.78	2.99	3.90	2.40
77.00	9.60	8.70	8.10	3.50	1.37	5.99	2.26	5.41	4.56	0.16	2.41	1.84	2.65	3.26	1.12
78.00	9.60	8.69	8.10	1.39	0.00	6.01	2.84	5.25	5.10	0.00	4.50	4.50	3.63	0.00	0.49
79.00	9.60	8.70	8.10	2.04	0.60	4.66	2.53	3.00	4.76	0.07	2.30	1.44	3.53	0.68	0.08
10.2.1.3	8.87	8.70
10.2.1.2	9.78	8.34
10.2.1.4	8.25	8.50
10.1.1.8	3.43	54598.96
10.1.1.9	4.79	11772.29
10.1.1.4	2.18	108066.52
10.1.1.11	1.85	62003.86
10.1.1.12	1.20	199170.48
10.1.1.5	0.99	317993.75
10.1.1.6	4.98	14140.69
10.1.1.7	2.17	78517.13
10.1.1.15	1.78	96870.03
10.1.1.10	0.92	146954.66
10.1.1.14	2.66	36934.96
10.1.1.13	3.29	36451.25
