Waf: Entering directory `/home/synrg-sc1/Desktop/Jiaming/ns-3.29-mesh/build'
Waf: Leaving directory `/home/synrg-sc1/Desktop/Jiaming/ns-3.29-mesh/build'
Build commands will be stored in build/compile_commands.json
'build' finished successfully (4.904s)
CreateVariables () DONE !!!
Creating 16 APs 50.00 m apart.
CreateApNodes () DONE !!!
Creating 0 CLs 20.00 m away from each AP.
CreateClNodes () DONE !!!
CreateNodes () DONE !!!
CreateMeshDevices () DONE !!!
CreateWifiDevices () DONE !!!
CreateCsmaDevices () DONE !!!
CreateDevices () DONE !!!
InstallInternetStack () DONE !!!
Gateway is connect to AP 0
InstallApplications () DONE !!!
Starting simulation for 80.00 s ...
-------------------------------------------------
Time[s]	ap-0	ap-1	ap-2	ap-3	ap-4	ap-5	ap-6	ap-7	ap-8	ap-9	ap-10	ap-11	ap-12	ap-13	ap-14	ap-15
2.00	0.00	0.00	0.00	0.00	0.00	0.00	0.00	0.00	0.00	0.00	0.00	0.00	0.00	0.00	0.00	0.00
3.00	5.56	4.38	4.02	0.00	0.00	0.00	0.00	0.00	0.00	0.00	0.00	0.00	0.00	0.00	0.00	0.00
4.00	9.90	7.81	7.21	0.00	0.00	0.00	0.00	0.00	0.00	0.00	0.00	0.00	0.00	0.00	0.00	0.00
5.00	9.89	7.80	7.20	4.60	3.96	0.37	0.73	0.39	0.39	3.38	0.72	3.10	3.40	1.85	0.04	2.20
6.00	9.90	7.80	7.21	5.50	3.13	1.90	1.13	2.50	1.47	4.79	3.42	1.78	4.29	0.78	1.79	1.88
7.00	9.90	7.81	7.20	5.51	5.45	0.60	0.48	0.98	2.34	4.58	1.24	3.29	3.17	0.00	0.99	1.00
8.00	9.89	7.80	7.20	0.00	2.41	4.10	0.00	2.20	1.97	4.80	2.20	1.61	0.00	0.44	1.70	0.37
9.00	9.90	7.80	7.21	0.00	0.00	1.47	0.00	4.47	2.85	4.79	4.66	0.00	0.00	0.00	3.60	0.00
10.00	9.90	7.81	7.20	0.00	0.00	0.89	0.00	0.81	0.77	4.80	4.58	0.00	0.00	0.00	3.59	0.00
11.00	9.89	7.80	7.21	3.57	1.80	1.38	0.00	2.67	0.87	3.60	2.37	3.78	3.70	3.76	2.12	0.59
12.00	9.90	7.81	7.20	6.74	6.39	2.48	0.49	2.65	1.85	2.52	3.82	2.12	0.29	3.58	1.55	1.68
13.00	9.90	7.80	7.20	4.59	3.83	1.60	0.02	3.74	2.19	1.38	1.74	2.84	3.60	3.29	1.81	0.49
14.00	9.90	7.80	7.21	0.95	5.10	0.00	0.00	5.32	1.94	1.11	0.49	3.39	3.77	2.96	0.04	0.07
15.00	9.89	7.81	7.20	3.57	3.64	1.70	0.00	0.87	0.81	3.10	0.00	3.60	2.10	3.73	0.49	1.42
16.00	9.90	7.80	7.21	2.85	5.51	0.39	1.66	4.11	2.44	3.91	0.82	3.52	4.91	1.02	1.08	2.71
17.00	9.90	7.80	7.20	3.37	6.90	2.00	1.79	2.13	1.67	3.79	0.97	4.47	4.29	0.92	0.09	2.58
18.00	9.89	7.81	7.21	4.79	6.38	1.06	0.00	0.00	2.67	4.76	0.74	0.93	3.03	4.51	0.00	1.52
19.00	9.90	7.80	7.20	6.50	6.78	0.67	0.00	0.65	1.57	2.58	0.53	1.42	4.49	3.04	0.77	0.67
20.00	9.90	7.80	7.20	6.72	6.89	1.73	0.07	5.28	4.88	4.79	0.49	4.11	4.46	3.93	0.98	1.70
21.00	9.89	7.81	7.21	6.71	5.71	0.91	1.40	4.77	1.15	1.73	0.61	3.83	3.40	3.99	0.07	2.04
22.00	9.90	7.80	7.20	3.53	4.88	1.42	0.58	2.84	1.86	0.06	0.26	2.61	1.61	4.07	1.51	2.13
23.00	9.90	7.81	7.21	3.52	4.55	0.04	2.83	6.04	2.89	0.00	0.95	4.35	0.57	4.50	1.41	0.00
24.00	9.89	7.80	7.20	5.05	6.89	0.99	2.63	5.22	5.38	1.59	2.19	1.22	5.49	4.49	0.00	1.48
25.00	9.90	7.80	7.20	6.32	2.50	0.85	0.00	3.96	1.85	4.58	1.42	3.40	2.90	4.35	1.32	2.18
26.00	9.90	7.81	7.21	1.48	7.02	0.00	0.85	2.72	1.79	4.62	3.27	3.67	2.89	4.47	0.00	0.25
27.00	9.90	7.80	7.20	3.96	5.85	1.30	0.49	4.91	0.98	4.23	1.94	3.43	3.23	3.92	1.15	0.32
28.00	9.89	7.80	7.21	1.88	6.41	1.72	1.54	2.89	2.33	4.38	3.40	3.78	3.63	1.86	0.45	0.95
29.00	9.90	7.81	7.20	2.38	5.69	1.61	0.00	0.51	2.71	0.62	0.55	3.79	1.81	3.29	0.42	0.67
30.00	9.90	7.80	7.20	5.45	6.88	0.48	0.38	3.47	0.68	4.78	0.14	3.43	3.12	4.19	0.00	1.07
31.00	9.89	7.80	7.21	4.55	6.92	0.27	0.00	2.86	0.88	2.73	2.52	2.80	4.52	3.96	1.40	0.54
32.00	9.90	7.81	7.20	1.18	6.84	1.33	2.26	5.70	0.47	4.75	2.23	4.44	4.31	2.13	1.73	1.38
33.00	9.90	7.80	7.21	6.61	3.59	0.49	0.21	5.70	1.50	2.26	1.85	4.12	1.59	1.25	0.37	2.05
34.00	9.89	7.81	7.20	4.68	6.88	0.72	0.06	3.78	1.51	1.87	0.42	4.33	2.51	4.04	1.46	2.14
35.00	9.90	7.80	7.21	3.12	6.69	2.19	0.00	1.14	0.02	3.89	1.57	2.47	2.47	3.24	1.47	1.67
36.00	9.90	7.80	7.20	6.81	6.90	0.69	1.54	6.14	1.75	4.82	1.84	4.45	4.49	4.50	0.00	2.66
37.00	9.89	7.81	7.20	1.79	1.66	1.93	1.19	4.00	0.20	2.47	1.28	1.41	2.06	2.90	0.26	2.38
38.00	9.90	7.80	7.21	6.15	6.29	0.67	0.38	3.19	1.72	0.05	0.09	3.36	1.84	4.22	1.53	2.71
39.00	9.90	7.80	7.20	5.36	6.65	0.87	1.60	3.40	1.18	3.11	1.12	4.49	3.96	4.44	0.34	2.52
40.00	9.90	7.81	7.21	6.87	6.90	0.01	0.00	2.66	4.91	4.79	1.57	4.51	3.74	4.38	0.00	2.67
41.00	9.89	7.80	7.20	6.25	6.55	1.10	0.00	2.24	1.84	2.76	1.50	3.24	2.58	0.62	0.97	1.78
42.00	9.90	7.80	7.20	5.15	6.91	0.00	0.00	0.26	2.23	1.48	0.88	4.50	4.53	4.49	0.00	0.05
43.00	9.90	7.81	7.21	3.42	2.27	0.07	0.58	0.28	0.15	2.51	1.25	3.90	4.38	3.21	1.27	0.62
44.00	9.89	7.80	7.20	4.76	6.94	1.34	0.18	1.20	2.91	0.98	1.60	4.45	4.16	4.37	1.01	2.06
45.00	9.90	7.81	7.21	2.44	4.46	0.05	1.53	3.29	0.54	2.48	1.41	4.11	2.25	3.40	1.50	0.00
46.00	9.90	7.80	7.20	2.73	6.54	0.75	1.13	3.39	1.51	2.01	1.55	2.76	2.19	1.73	0.00	0.00
47.00	9.89	7.80	7.21	2.06	6.64	0.00	1.53	1.18	0.75	2.46	0.52	1.65	4.59	1.78	1.46	2.56
48.00	9.90	7.81	7.20	5.89	6.89	0.72	0.00	3.58	1.02	2.74	3.59	2.73	4.65	2.91	0.79	2.12
49.00	9.90	7.80	7.20	5.28	6.10	1.66	0.49	4.90	1.88	3.42	1.72	4.46	4.37	2.85	1.46	1.67
50.00	9.89	7.80	7.21	6.63	6.91	1.18	0.00	3.11	3.79	3.43	3.87	4.49	1.42	4.38	0.86	2.07
51.00	9.90	7.81	7.20	1.30	6.91	0.86	0.31	5.36	2.05	4.82	1.88	3.96	3.56	4.22	0.46	1.11
52.00	9.90	7.80	7.21	3.50	5.77	0.21	0.31	3.07	1.41	3.60	2.23	2.03	1.32	4.16	0.85	1.73
53.00	9.90	7.80	7.20	3.14	6.44	1.12	0.74	2.80	1.40	4.05	3.03	3.96	2.32	4.50	1.97	2.03
54.00	9.89	7.81	7.20	2.00	5.77	0.97	0.08	2.20	1.57	3.73	1.12	2.31	4.03	3.74	1.40	1.04
55.00	9.90	7.80	7.21	5.92	5.22	0.01	2.25	4.32	0.34	4.80	0.16	2.70	3.70	4.25	0.01	0.93
56.00	9.90	7.81	7.20	5.91	5.56	2.37	1.22	5.29	0.72	4.19	0.88	4.50	2.74	3.46	1.18	1.54
57.00	9.89	7.80	7.21	6.12	6.89	0.65	2.70	0.93	1.71	3.45	2.72	4.36	3.21	2.98	1.38	1.00
58.00	9.90	7.80	7.20	5.39	6.90	0.05	1.32	3.11	1.40	3.73	0.64	3.42	2.26	4.46	0.00	0.00
59.00	9.90	7.81	7.20	4.97	6.65	1.33	3.34	1.98	2.78	4.39	3.17	3.00	1.74	3.13	1.93	0.93
60.00	9.89	7.80	7.21	6.89	6.39	2.10	0.09	4.03	1.22	4.80	3.58	3.60	1.99	4.05	0.14	0.53
61.00	9.90	7.80	7.20	6.21	3.16	1.81	0.87	1.19	1.34	4.69	1.06	1.13	3.13	3.71	0.81	2.43
62.00	9.90	7.81	7.21	2.12	6.91	0.05	1.39	0.49	0.51	3.69	0.68	4.47	3.96	1.88	0.07	1.75
63.00	9.89	7.80	7.20	4.95	6.90	0.41	0.84	5.57	1.34	4.64	1.45	2.13	1.65	4.11	0.09	1.55
64.00	9.90	7.80	7.21	2.59	6.90	2.59	1.51	3.72	1.52	4.57	0.01	2.85	2.41	4.29	0.14	2.41
65.00	9.90	7.81	7.20	1.48	6.12	5.04	0.42	1.67	3.86	4.31	3.11	0.54	3.66	4.47	0.00	1.57
66.00	9.90	7.80	7.20	6.90	6.59	0.92	2.77	2.14	0.74	4.80	0.60	0.69	4.50	4.46	2.39	0.02
67.00	9.89	7.81	7.21	2.24	6.34	1.39	3.96	3.69	0.24	2.61	1.61	3.40	2.08	4.16	0.99	0.00
68.00	9.90	7.80	7.20	5.55	6.39	2.92	2.47	3.77	2.77	3.14	2.16	3.13	3.99	4.65	0.06	1.67
69.00	9.90	7.80	7.21	2.11	6.90	0.68	0.89	5.69	0.99	0.94	0.97	3.54	3.03	4.50	0.21	0.02
70.00	9.89	7.81	7.20	4.49	6.65	0.54	0.00	3.69	0.00	4.00	0.71	4.17	2.57	4.51	1.58	0.60
71.00	9.90	7.80	7.20	5.08	5.55	1.26	0.39	4.80	0.06	2.11	3.00	4.04	0.92	1.19	0.49	1.97
72.00	9.90	7.80	7.21	6.04	5.86	0.48	0.57	4.79	2.08	3.54	3.73	4.42	2.61	3.33	1.01	2.44
73.00	9.89	7.81	7.20	5.49	4.32	0.78	1.21	3.64	2.40	4.75	1.24	1.13	0.52	4.40	0.58	2.45
74.00	9.90	7.80	7.21	6.14	4.73	2.27	0.04	6.11	1.65	4.79	4.42	4.36	4.57	3.94	0.00	0.20
75.00	9.90	7.80	7.20	4.59	5.48	0.82	1.67	3.13	0.72	2.65	1.61	2.36	3.17	2.80	0.64	0.64
76.00	9.90	7.81	7.20	6.69	6.88	0.59	1.54	1.30	0.29	4.91	0.00	4.50	4.47	3.56	0.00	0.11
77.00	9.89	7.80	7.21	4.20	5.30	1.19	0.49	1.91	3.14	4.76	1.63	3.69	3.16	1.14	0.00	0.00
78.00	9.90	7.81	7.20	5.43	6.21	0.99	3.11	1.24	4.03	4.26	1.85	2.92	4.18	0.14	1.21	1.27
79.00	9.90	7.80	7.21	0.92	3.89	2.19	0.00	4.00	2.03	2.67	2.10	3.73	3.76	3.03	1.98	0.80
10.2.1.3	7.95	8.31
10.2.1.2	10.09	8.42
10.2.1.4	7.34	8.95
10.1.1.12	3.23	40907.80
10.1.1.13	3.06	69443.91
10.1.1.14	3.29	69963.41
10.1.1.9	1.73	133236.34
10.1.1.6	1.15	271835.53
10.1.1.16	1.32	101384.78
10.1.1.15	0.92	250889.23
10.1.1.4	4.36	58254.55
10.1.1.5	5.66	26158.62
10.1.1.7	0.93	186585.95
10.1.1.8	3.17	66245.65
10.1.1.10	3.45	48166.06
10.1.1.11	1.74	95300.39
