Waf: Entering directory `/home/synrg-sc1/Desktop/Jiaming/ns-3.29-mesh/build'
Waf: Leaving directory `/home/synrg-sc1/Desktop/Jiaming/ns-3.29-mesh/build'
Build commands will be stored in build/compile_commands.json
'build' finished successfully (4.872s)
CreateVariables () DONE !!!
Creating 20 APs 50.00 m apart.
CreateApNodes () DONE !!!
Creating 0 CLs 20.00 m away from each AP.
CreateClNodes () DONE !!!
CreateNodes () DONE !!!
CreateMeshDevices () DONE !!!
CreateWifiDevices () DONE !!!
CreateCsmaDevices () DONE !!!
CreateDevices () DONE !!!
InstallInternetStack () DONE !!!
Gateway is connect to AP 0
InstallApplications () DONE !!!
Starting simulation for 80.00 s ...
-------------------------------------------------
Time[s]	ap-0	ap-1	ap-2	ap-3	ap-4	ap-5	ap-6	ap-7	ap-8	ap-9	ap-10	ap-11	ap-12	ap-13	ap-14	ap-15	ap-16	ap-17	ap-18	ap-19
2.00	0.00	0.00	0.00	0.00	0.00	0.00	0.00	0.00	0.00	0.00	0.00	0.00	0.00	0.00	0.00	0.00	0.00	0.00	0.00	0.00
3.00	5.08	4.31	4.11	0.00	0.00	0.00	0.00	0.00	0.00	0.00	0.00	0.00	0.00	0.00	0.00	0.00	0.00	0.00	0.00	0.00
4.00	8.10	6.90	6.61	0.00	0.00	0.00	0.00	0.00	0.00	0.00	0.00	0.00	0.00	0.00	0.00	0.00	0.00	0.00	0.00	0.00
5.00	8.10	6.90	6.59	1.38	1.54	0.04	3.05	1.91	0.99	2.66	0.07	0.00	0.47	1.48	1.05	0.07	0.04	0.04	0.66	0.07
6.00	8.10	6.90	6.61	2.94	1.05	0.01	5.31	5.58	1.28	1.72	0.00	0.97	0.15	3.39	1.38	0.97	0.51	0.04	0.84	0.00
7.00	8.10	6.90	6.59	0.40	2.41	3.12	4.84	2.57	3.63	5.08	0.75	0.04	1.08	0.25	3.49	1.41	1.75	0.00	1.52	0.00
8.00	8.09	6.90	6.61	4.15	4.76	0.58	4.05	4.83	4.09	3.45	1.94	1.46	2.68	1.44	2.23	0.77	1.66	0.00	1.57	0.91
9.00	8.10	6.90	6.59	0.86	2.48	1.52	5.51	1.50	1.35	2.97	3.62	0.00	1.87	2.66	0.42	1.93	0.95	0.00	2.10	0.67
10.00	8.10	6.90	6.61	3.66	5.72	2.70	6.10	3.60	1.64	3.26	2.12	0.47	3.76	3.59	0.26	1.52	3.43	0.00	1.61	1.24
11.00	8.10	6.90	6.59	1.01	4.02	0.99	3.04	1.51	2.80	2.68	1.80	1.33	1.01	1.72	2.77	2.25	1.78	0.00	1.04	1.55
12.00	8.10	6.90	6.61	1.77	5.02	0.11	2.40	0.00	1.24	2.81	1.00	0.00	0.75	2.31	4.35	2.96	0.34	0.00	1.61	0.00
13.00	8.10	6.90	6.59	0.49	2.30	0.00	3.40	2.93	0.78	2.98	1.04	0.57	0.00	3.89	3.47	0.89	0.45	0.00	1.77	0.00
14.00	8.09	6.90	6.61	1.47	6.10	0.00	5.50	2.50	1.37	2.20	4.49	0.00	2.92	4.50	2.27	2.99	1.37	0.00	1.31	0.15
15.00	8.10	6.90	6.59	2.90	1.88	0.00	4.62	3.89	2.96	3.83	0.86	0.05	3.29	3.20	1.50	1.31	1.83	0.00	0.65	0.44
16.00	8.10	6.90	6.59	0.91	0.00	2.17	6.21	6.01	1.14	0.49	4.72	0.41	0.38	2.40	2.33	4.05	3.26	0.00	1.88	0.13
17.00	8.10	6.89	6.61	1.06	0.47	1.17	5.39	5.53	0.95	0.99	0.99	0.45	3.37	4.44	2.97	2.52	3.72	0.00	2.04	0.00
18.00	8.10	6.90	6.59	3.33	3.89	0.49	6.31	4.84	2.24	0.00	1.33	0.02	2.08	1.66	3.25	4.16	3.49	0.00	2.07	1.48
19.00	8.10	6.90	6.61	2.47	1.94	0.00	6.30	5.82	2.12	0.34	0.49	1.05	0.00	0.61	1.61	4.10	2.21	0.00	2.05	0.75
20.00	8.09	6.90	6.59	6.26	1.06	0.00	6.29	5.98	0.00	2.38	4.17	1.81	3.94	4.25	4.49	4.17	0.98	0.00	2.10	1.87
21.00	8.10	6.90	6.61	0.79	0.87	0.00	5.23	4.52	3.72	1.99	1.25	1.04	1.75	2.51	1.84	2.50	2.61	0.00	1.17	1.15
22.00	8.10	6.90	6.59	3.69	4.04	0.00	4.03	5.84	5.88	0.00	0.49	2.89	1.60	3.33	2.80	1.83	2.43	0.00	2.00	0.06
23.00	8.10	6.90	6.61	0.07	2.94	1.46	4.23	2.96	1.19	0.54	1.97	2.59	1.66	2.00	1.46	4.02	1.92	0.00	0.28	0.00
24.00	8.10	6.90	6.59	0.13	5.88	1.41	6.30	4.59	2.38	0.00	2.18	1.38	0.48	4.51	2.13	4.20	2.01	0.00	0.88	0.88
25.00	8.10	6.90	6.61	1.37	0.39	1.97	6.03	1.47	0.24	0.33	0.31	0.37	0.49	3.52	0.29	2.83	1.20	0.00	1.83	0.00
26.00	8.09	6.90	6.59	0.00	2.79	0.18	5.89	6.48	0.00	1.33	0.47	1.54	4.37	2.65	3.29	4.00	4.38	0.00	1.19	0.00
27.00	8.10	6.90	6.61	1.25	2.92	2.47	3.58	4.07	0.99	2.89	3.29	1.17	2.30	2.28	1.84	1.67	2.26	0.00	1.95	0.80
28.00	8.10	6.90	6.59	1.27	1.22	0.00	2.11	5.31	1.06	4.40	3.67	0.82	3.29	2.14	3.18	2.12	3.42	0.00	1.81	1.90
29.00	8.10	6.90	6.59	3.03	4.51	0.00	3.25	2.01	1.68	1.34	3.82	0.99	3.19	2.98	2.40	2.99	1.65	0.00	1.28	0.68
30.00	8.10	6.90	6.61	2.65	6.32	0.00	6.05	5.45	0.87	1.84	3.70	0.91	0.61	1.19	3.36	3.23	0.66	0.00	2.11	2.46
31.00	8.10	6.90	6.59	0.00	5.76	0.19	5.51	0.58	1.91	2.45	2.86	2.53	0.97	1.35	0.94	0.21	1.79	0.00	0.48	0.31
32.00	8.10	6.90	6.61	0.00	3.79	0.00	5.99	4.53	1.98	2.89	2.73	2.76	4.50	1.59	1.85	2.98	0.00	0.00	0.89	0.49
33.00	8.09	6.90	6.59	1.93	1.66	0.00	5.61	2.47	0.38	0.47	0.28	0.53	1.14	2.80	3.40	1.53	2.31	0.00	2.08	1.37
34.00	8.10	6.89	6.61	5.12	0.24	1.68	5.58	4.09	0.60	2.21	0.49	0.01	3.83	1.10	4.50	2.66	2.37	0.00	2.10	0.13
35.00	8.10	6.90	6.59	2.68	1.63	0.08	5.25	2.31	1.93	1.68	0.01	2.16	2.33	2.12	2.54	2.85	1.02	0.00	2.10	0.85
36.00	8.10	6.90	6.61	2.51	0.00	0.00	3.27	5.32	4.33	1.95	0.00	0.77	3.59	2.07	4.50	0.00	1.54	0.00	1.04	1.25
37.00	8.10	6.90	6.59	0.07	0.59	0.71	2.41	5.96	1.97	3.90	0.88	0.00	2.11	0.34	2.07	0.71	3.43	0.00	0.77	1.48
38.00	8.10	6.90	6.61	0.29	1.33	2.79	5.44	5.83	2.11	5.71	1.02	0.26	1.72	0.00	1.90	0.00	3.91	0.00	2.11	0.02
39.00	8.09	6.90	6.59	1.52	1.83	1.66	4.25	2.43	1.19	3.10	0.00	3.76	2.83	2.85	1.83	1.42	2.26	0.00	1.32	0.13
40.00	8.10	6.90	6.61	1.51	0.00	2.31	6.30	5.99	1.85	1.70	0.00	0.00	4.27	4.50	2.80	1.20	0.57	0.00	2.03	1.07
41.00	8.10	6.90	6.59	2.14	1.40	2.01	5.92	1.83	1.32	0.00	0.64	1.27	2.84	4.05	1.05	3.21	2.01	0.00	2.08	0.26
42.00	8.10	6.90	6.59	1.22	4.71	2.14	5.18	1.44	0.71	1.73	0.49	2.68	2.90	3.78	0.94	3.64	3.80	0.00	2.08	1.42
43.00	8.10	6.90	6.61	3.62	4.50	0.00	3.25	2.43	2.12	0.29	1.15	1.60	2.54	0.91	0.13	2.45	0.39	0.00	2.10	0.99
44.00	8.10	6.90	6.59	3.64	2.37	0.49	3.63	3.34	3.12	2.59	1.68	0.00	3.11	3.65	3.78	2.66	2.23	0.00	1.59	1.27
45.00	8.09	6.90	6.61	0.12	4.19	1.04	2.60	0.84	2.84	2.32	0.00	0.51	1.45	1.31	1.13	1.86	1.60	0.00	2.10	1.26
46.00	8.10	6.90	6.59	2.51	4.29	1.60	6.18	2.80	2.87	0.89	0.00	0.48	2.78	2.50	2.72	1.50	3.64	0.00	1.77	0.86
47.00	8.10	6.90	6.61	1.01	5.65	2.93	6.02	2.99	4.42	0.00	0.00	0.62	1.51	3.39	4.38	0.00	0.74	0.00	2.11	2.19
48.00	8.10	6.90	6.59	1.60	2.64	2.08	6.30	5.99	5.37	0.32	0.00	0.99	3.90	1.79	4.50	1.45	1.78	0.00	1.92	1.34
49.00	8.10	6.90	6.61	0.49	2.98	1.06	5.53	3.98	3.62	1.25	0.33	0.15	4.49	3.54	3.94	0.73	1.60	0.00	0.82	0.92
50.00	8.10	6.89	6.59	2.60	1.22	4.62	3.97	1.75	0.58	2.77	3.25	0.77	2.38	1.80	3.58	2.27	1.68	0.00	2.07	0.57
51.00	8.09	6.90	6.61	2.39	1.15	1.77	4.64	2.37	1.52	1.78	0.93	1.53	3.36	3.09	2.97	0.87	1.01	0.00	0.75	0.18
52.00	8.10	6.90	6.59	0.68	5.30	1.48	6.06	1.92	0.00	1.31	0.49	1.27	4.11	2.84	4.15	2.37	3.50	0.00	1.48	0.57
53.00	8.10	6.90	6.61	0.52	2.64	3.71	3.99	3.45	0.71	2.51	1.88	0.00	1.53	0.88	3.77	2.64	0.35	0.00	1.53	0.00
54.00	8.10	6.90	6.59	2.17	4.40	4.86	6.30	1.44	3.17	1.50	1.65	0.00	2.30	3.00	1.84	4.32	3.32	0.00	1.66	1.71
55.00	8.10	6.90	6.59	3.04	1.19	0.95	2.31	3.24	2.06	0.75	0.64	2.85	1.46	0.88	2.71	1.30	0.81	1.85	1.65	0.21
56.00	8.10	6.90	6.61	0.00	0.16	0.00	0.00	0.00	2.85	0.98	0.00	4.50	0.00	0.00	1.26	1.97	0.00	1.71	2.33	1.38
57.00	8.10	6.90	6.59	0.49	0.54	0.00	0.00	0.00	4.64	0.00	0.00	4.50	0.00	0.00	2.64	0.88	0.00	0.40	2.10	1.65
58.00	8.09	6.90	6.61	0.20	3.52	0.00	0.00	1.31	5.82	0.13	0.00	4.50	0.00	0.00	4.45	0.02	0.00	3.59	0.82	2.10
59.00	8.10	6.90	6.59	1.86	3.17	0.00	0.00	1.48	3.07	0.01	0.00	2.87	0.00	0.00	4.50	0.52	0.00	1.92	0.44	1.83
60.00	8.10	6.90	6.61	0.73	6.61	0.00	0.00	0.65	5.49	0.16	0.00	4.17	0.00	0.00	3.99	0.00	0.00	3.60	0.09	0.01
61.00	8.10	6.90	6.59	0.20	2.87	0.00	0.00	0.40	3.73	0.42	0.00	4.19	0.00	0.00	0.01	1.61	0.00	1.86	1.94	1.65
62.00	8.10	6.90	6.61	1.21	3.19	0.00	0.00	0.44	5.53	0.00	0.00	4.33	0.00	0.00	1.79	2.03	0.00	3.77	1.84	2.07
63.00	8.10	6.90	6.59	0.00	1.27	0.00	0.00	0.00	5.66	0.00	0.00	4.32	0.00	0.00	2.97	0.00	0.00	3.45	1.77	0.39
64.00	8.09	6.90	6.61	0.32	6.59	0.00	0.00	0.00	5.99	0.78	0.00	4.50	0.00	0.00	1.08	2.33	0.00	3.60	1.65	3.24
65.00	8.10	6.90	6.59	0.00	3.25	0.00	0.00	0.00	5.63	0.00	0.00	3.92	0.00	0.00	1.33	0.55	0.00	3.31	1.32	1.78
66.00	8.10	6.89	6.61	1.51	2.65	0.00	0.00	1.45	5.89	1.34	0.00	4.19	0.00	0.00	4.84	0.11	0.00	3.23	2.11	0.81
67.00	8.10	6.90	6.59	1.53	0.75	0.00	0.00	3.64	3.52	0.80	0.00	4.50	0.00	0.00	2.31	0.65	0.00	1.88	2.10	2.40
68.00	8.10	6.90	6.59	5.20	0.61	0.00	0.00	1.17	6.01	4.95	0.00	4.50	0.00	0.00	4.26	3.71	0.00	3.64	1.67	2.11
69.00	8.10	6.90	6.61	0.49	0.00	0.00	0.00	1.21	5.63	0.00	0.00	4.50	0.00	0.00	2.98	0.68	0.00	3.59	2.05	2.10
70.00	8.09	6.90	6.59	3.62	0.00	0.00	0.00	3.72	6.01	4.11	0.00	4.49	0.00	0.00	4.51	4.15	0.00	3.60	2.10	2.10
71.00	8.10	6.90	6.61	2.45	0.24	0.00	0.00	0.48	1.94	1.91	0.00	0.81	0.00	0.00	4.50	1.25	0.00	3.40	2.10	0.91
72.00	8.10	6.90	6.59	7.77	5.28	0.00	0.00	1.15	6.01	3.24	0.00	0.00	0.00	0.00	4.50	3.09	0.00	3.60	2.11	2.11
73.00	8.10	6.90	6.61	1.75	1.85	0.00	0.00	0.42	4.24	0.05	0.00	1.12	0.00	0.00	4.50	0.01	0.00	3.07	0.84	1.11
74.00	8.10	6.90	6.59	6.15	0.13	0.00	0.00	1.63	6.01	0.82	0.00	1.58	0.00	0.00	3.71	1.30	0.00	3.60	2.07	0.67
75.00	8.10	6.90	6.61	1.26	1.77	0.00	0.00	0.49	3.93	0.00	0.00	4.39	0.00	0.00	3.20	1.47	0.00	3.60	0.20	2.11
76.00	8.09	6.90	6.59	0.00	4.56	0.00	0.00	1.14	5.94	2.19	0.00	4.50	0.00	0.00	0.84	2.07	0.00	3.53	2.21	2.10
77.00	8.10	6.90	6.61	1.54	1.55	0.00	0.00	1.00	5.91	1.95	0.00	3.98	0.00	0.00	4.03	1.35	0.00	1.27	1.25	1.31
78.00	8.10	6.90	6.59	3.51	3.21	0.00	0.00	3.52	6.01	2.52	0.00	2.71	0.00	0.00	4.51	3.92	0.00	3.00	2.11	2.01
79.00	8.10	6.90	6.61	0.28	5.26	0.00	1.07	2.60	5.28	0.98	2.51	3.09	0.91	0.00	2.98	0.60	3.23	3.12	2.10	2.10
10.2.1.4	6.73	8.90
10.2.1.3	7.03	8.66
10.2.1.2	8.25	8.35
10.1.1.8	2.87	70582.85
10.1.1.9	3.04	38759.46
10.1.1.4	1.85	136468.07
10.1.1.5	2.77	43249.32
10.1.1.17	1.42	72434.48
10.1.1.12	1.89	53773.66
10.1.1.13	1.59	52390.83
10.1.1.14	1.72	47188.52
10.1.1.15	2.80	42988.98
10.1.1.10	1.74	123777.19
10.1.1.6	1.24	109184.59
10.1.1.7	3.39	27136.93
10.1.1.16	1.98	82064.14
10.1.1.11	1.07	111157.64
10.1.1.18	1.01	46083.00
10.1.1.19	1.63	14986.99
10.1.1.20	1.08	91081.90
