Waf: Entering directory `/home/synrg-sc1/Desktop/Jiaming/ns-3.29-mesh/build'
Waf: Leaving directory `/home/synrg-sc1/Desktop/Jiaming/ns-3.29-mesh/build'
Build commands will be stored in build/compile_commands.json
'build' finished successfully (4.849s)
CreateVariables () DONE !!!
Creating 23 APs 50.00 m apart.
CreateApNodes () DONE !!!
Creating 0 CLs 20.00 m away from each AP.
CreateClNodes () DONE !!!
CreateNodes () DONE !!!
CreateMeshDevices () DONE !!!
CreateWifiDevices () DONE !!!
CreateCsmaDevices () DONE !!!
CreateDevices () DONE !!!
InstallInternetStack () DONE !!!
Gateway is connect to AP 0
InstallApplications () DONE !!!
Starting simulation for 80.00 s ...
-------------------------------------------------
Time[s]	ap-0	ap-1	ap-2	ap-3	ap-4	ap-5	ap-6	ap-7	ap-8	ap-9	ap-10	ap-11	ap-12	ap-13	ap-14	ap-15	ap-16	ap-17	ap-18	ap-19	ap-20	ap-21	ap-22
2.00	0.00	0.00	0.00	0.00	0.00	0.00	0.00	0.00	0.00	0.00	0.00	0.00	0.00	0.00	0.00	0.00	0.00	0.00	0.00	0.00	0.00	0.00	0.00
3.00	6.83	6.26	0.00	0.00	0.00	0.00	0.00	0.00	0.00	0.00	0.00	0.00	0.00	0.00	0.00	0.00	0.00	0.00	0.00	0.00	0.00	0.00	0.00
4.00	7.21	6.61	0.00	0.00	0.00	0.00	0.00	0.00	0.00	0.00	0.00	0.00	0.00	0.00	0.00	0.00	0.00	0.00	0.00	0.00	0.00	0.00	0.00
5.00	7.20	6.59	0.71	0.00	3.91	0.99	0.00	2.03	2.24	1.01	0.00	2.83	0.00	0.04	1.07	0.68	0.04	0.68	1.46	0.04	0.97	0.00	0.04
6.00	7.21	6.61	0.00	0.18	3.91	2.14	0.00	2.30	0.65	1.10	0.04	2.87	0.00	0.40	0.78	0.27	0.28	2.06	1.19	0.24	0.35	0.00	0.00
7.00	7.20	6.59	1.12	2.41	3.12	0.99	0.00	0.28	0.85	1.94	0.80	2.17	0.94	1.10	0.33	0.59	0.89	1.17	2.64	0.81	0.26	0.40	0.20
8.00	7.20	6.61	0.40	0.00	2.39	2.13	0.04	3.92	1.17	2.11	1.45	3.78	0.49	1.59	0.59	1.12	0.00	0.59	1.57	0.27	0.20	0.29	0.24
9.00	7.21	6.59	0.59	1.27	1.98	1.99	0.00	0.00	1.84	2.24	2.58	2.04	0.45	0.62	0.27	0.66	0.49	3.43	1.83	1.79	0.00	1.00	0.38
10.00	7.20	6.61	0.00	2.19	4.38	3.50	0.00	2.13	2.46	1.21	0.26	0.32	0.71	0.47	1.72	1.21	1.34	1.33	0.81	2.63	2.11	1.17	0.37
11.00	7.21	6.59	0.00	0.97	1.92	2.99	0.00	2.61	1.22	1.14	0.68	3.34	0.02	2.40	1.14	0.74	0.74	1.48	2.33	0.29	0.13	1.12	0.02
12.00	7.20	6.61	0.99	4.03	3.47	2.97	0.00	4.77	1.42	1.27	0.77	1.46	0.42	0.42	0.22	1.73	0.80	0.86	2.11	1.99	0.34	0.72	0.25
13.00	7.20	6.59	0.61	3.86	0.78	1.70	0.00	5.57	4.35	1.34	0.61	2.78	2.33	2.03	1.53	1.99	0.00	0.65	3.01	0.88	0.00	0.04	0.98
14.00	7.21	6.61	0.02	1.19	1.68	1.64	0.00	5.70	2.46	0.72	0.57	3.80	0.04	3.47	0.02	0.05	0.07	0.79	1.98	0.66	0.00	0.00	0.81
15.00	7.20	6.59	1.54	0.93	2.16	5.55	0.00	3.07	1.55	0.99	0.81	1.54	0.05	0.66	0.07	0.99	0.02	1.05	3.59	2.36	0.02	0.49	0.09
16.00	7.21	6.59	0.58	2.70	3.60	4.59	0.00	0.99	2.34	1.06	1.05	4.40	0.00	2.33	0.38	1.06	0.60	2.04	2.66	1.77	0.99	0.09	0.00
17.00	7.20	6.61	0.08	0.00	3.04	5.45	0.00	1.66	2.18	0.00	2.97	4.22	0.00	0.02	1.26	0.54	0.57	1.98	3.32	1.95	0.01	1.48	0.00
18.00	7.21	6.59	1.64	1.60	2.64	4.70	0.00	3.62	2.93	2.04	1.84	5.10	0.44	0.87	0.00	0.06	0.11	0.79	3.59	0.58	1.41	0.07	0.31
19.00	7.20	6.61	0.00	2.01	3.49	1.05	0.00	0.16	2.21	1.01	0.14	3.37	1.88	1.57	0.58	1.52	0.13	0.69	1.17	1.11	0.54	0.00	0.32
20.00	7.20	6.59	0.01	2.33	2.74	1.39	0.00	2.05	0.75	1.40	0.39	4.46	0.00	1.63	0.01	0.89	0.00	3.57	3.14	0.41	0.00	0.57	0.00
21.00	7.21	6.61	0.99	0.99	1.52	2.67	0.00	1.84	2.85	1.53	2.01	0.98	0.33	0.99	0.57	0.26	1.93	0.64	1.14	0.57	0.00	0.14	0.00
22.00	7.20	6.59	0.00	3.07	2.52	1.15	0.00	4.06	1.53	3.40	2.16	3.36	0.84	2.44	1.18	2.46	0.68	1.35	1.92	0.24	0.31	0.20	0.00
23.00	7.21	6.61	0.00	0.45	0.00	0.66	0.00	0.71	0.24	2.93	2.14	4.15	0.42	0.49	0.01	0.29	0.49	0.16	1.65	1.72	0.64	0.00	0.04
24.00	7.20	6.59	1.93	0.95	3.16	2.47	0.00	1.52	2.19	1.18	0.82	2.70	1.55	1.58	1.38	0.28	1.88	3.33	2.78	1.63	1.13	0.64	0.75
25.00	7.20	6.61	0.00	0.00	2.19	2.34	0.00	2.86	1.32	0.00	3.64	3.33	0.00	2.13	0.24	0.00	0.06	1.13	1.45	0.00	0.37	1.00	0.49
26.00	7.21	6.59	1.71	3.59	1.68	2.68	0.00	5.69	0.75	1.33	2.96	2.68	1.46	2.11	0.49	0.71	1.86	1.42	0.52	1.68	0.74	0.98	0.00
27.00	7.20	6.61	0.49	3.74	0.99	0.68	0.00	2.14	0.00	1.22	1.24	2.21	0.00	3.11	0.00	0.52	1.04	0.55	2.34	0.47	0.00	1.01	0.00
28.00	7.21	6.59	1.53	5.22	0.49	4.45	0.00	5.37	0.49	0.12	0.49	3.45	0.48	3.72	1.66	1.46	0.85	0.99	3.04	1.57	0.00	0.79	0.38
29.00	7.20	6.59	0.00	3.69	1.45	3.24	0.00	3.00	2.19	0.92	1.78	4.11	0.00	2.23	0.00	0.65	1.54	0.49	1.87	0.87	0.44	0.91	0.00
30.00	7.20	6.61	0.13	1.86	4.91	5.41	0.00	2.43	3.99	0.51	0.52	3.97	0.00	2.65	0.86	1.35	1.41	2.23	2.05	2.71	0.04	0.11	0.28
31.00	7.21	6.59	1.26	3.01	1.24	3.51	0.00	3.43	3.24	1.18	0.81	3.96	0.00	3.18	0.82	0.00	0.87	0.80	2.25	2.71	0.00	2.04	0.49
32.00	7.20	6.61	0.00	2.30	0.00	0.78	0.00	5.70	2.14	3.20	0.88	5.23	2.96	1.87	0.92	0.04	0.06	2.12	2.19	2.50	0.34	0.00	0.45
33.00	7.21	6.59	0.00	0.48	1.81	1.54	0.00	0.46	3.18	1.22	1.64	2.90	1.05	3.26	2.20	1.59	0.31	1.90	2.19	0.98	0.37	0.31	0.25
34.00	7.20	6.61	2.56	1.93	1.19	3.66	0.00	3.45	2.90	1.92	2.57	3.91	1.65	2.72	1.51	0.58	1.92	1.75	2.26	3.49	0.24	0.18	0.33
35.00	7.21	6.59	0.57	0.00	0.00	2.46	0.00	3.26	0.49	1.59	1.75	4.17	1.08	2.06	0.19	0.14	0.06	2.54	2.20	2.81	0.46	0.00	0.00
36.00	7.20	6.61	1.13	0.49	5.52	1.19	0.00	4.40	1.12	2.72	0.00	5.05	1.87	3.14	0.01	0.29	0.47	0.14	2.64	2.40	0.00	0.08	0.00
37.00	7.20	6.59	0.48	1.98	0.77	4.95	0.00	2.98	2.08	2.56	1.13	3.67	0.65	2.12	0.89	1.22	0.06	3.23	2.97	3.21	0.00	2.33	0.00
38.00	7.21	6.61	0.04	2.38	1.87	3.31	0.00	4.22	1.02	2.34	2.89	5.15	0.07	0.07	0.89	0.18	0.00	2.72	2.58	1.78	0.62	1.39	0.12
39.00	7.20	6.59	0.01	1.14	3.30	5.31	0.00	2.58	0.49	1.68	0.44	3.69	0.13	0.00	1.19	0.45	0.40	2.60	2.58	2.16	0.00	1.17	0.27
40.00	7.21	6.61	1.30	0.00	2.45	4.86	0.00	1.93	1.66	3.80	0.04	4.25	0.00	0.18	2.08	2.27	0.00	0.79	1.77	1.33	0.48	0.66	0.00
41.00	7.20	6.59	2.00	2.14	0.80	0.84	0.00	1.51	0.72	3.29	1.59	1.63	0.00	2.14	0.26	0.07	0.00	0.49	0.92	0.24	0.06	0.19	0.39
42.00	7.20	6.59	0.32	0.49	2.53	5.65	0.00	1.92	2.39	1.80	0.60	2.25	0.00	1.85	0.52	0.05	0.97	0.73	1.18	2.67	0.26	0.25	0.06
43.00	7.21	6.61	0.00	0.67	2.45	3.39	0.00	1.85	0.12	1.50	0.48	5.10	0.00	2.84	0.00	2.25	0.04	0.01	0.00	2.26	0.00	0.58	0.00
44.00	7.20	6.59	1.00	6.08	2.26	4.04	0.00	5.36	0.49	3.32	1.01	5.10	0.00	0.12	0.84	1.11	1.30	0.79	2.54	0.85	0.01	1.78	0.01
45.00	7.21	6.61	0.58	0.89	0.48	3.45	0.00	0.69	1.98	2.08	0.18	1.30	0.00	2.71	0.25	1.11	0.79	1.73	2.04	0.69	0.00	0.24	0.67
46.00	7.20	6.59	0.26	1.91	2.74	2.48	0.00	0.94	0.99	1.74	1.64	5.10	0.00	3.34	0.26	0.98	2.05	0.00	1.55	1.13	0.57	0.91	1.81
47.00	7.21	6.61	1.19	0.11	3.29	2.89	0.00	0.00	0.64	3.03	1.47	4.63	0.08	0.93	0.38	0.35	0.35	1.91	1.27	1.66	0.67	0.61	1.05
48.00	7.20	6.59	0.06	2.39	6.09	1.94	0.00	0.51	0.38	2.48	2.79	1.21	0.00	3.36	0.62	1.33	0.65	0.99	3.34	1.10	0.06	0.18	0.33
49.00	7.20	6.61	0.99	0.01	2.70	3.31	0.00	1.31	1.41	2.37	1.72	5.11	0.00	0.20	0.41	0.00	0.49	1.51	1.65	0.26	0.02	0.49	0.46
50.00	7.21	6.59	1.06	0.97	5.05	3.90	0.00	3.40	3.60	1.50	2.81	3.37	0.00	0.51	0.19	1.06	0.52	1.37	2.83	1.85	0.42	0.16	0.00
51.00	7.20	6.61	1.60	0.69	1.64	2.20	0.00	3.96	3.21	1.85	1.31	2.13	0.00	1.44	0.22	0.33	0.37	0.34	2.31	0.62	0.00	1.47	0.01
52.00	7.21	6.59	2.73	0.60	4.75	5.09	0.00	3.87	3.38	0.11	2.47	3.87	0.00	0.44	0.69	0.25	0.24	0.98	2.64	1.68	0.45	0.05	0.24
53.00	7.20	6.61	0.07	0.52	3.01	1.41	0.00	0.37	0.22	0.86	0.82	3.74	0.00	2.58	1.14	0.00	1.45	0.51	2.72	0.61	0.00	0.49	0.45
54.00	7.20	6.59	1.90	0.99	3.43	2.78	0.00	1.60	3.58	3.39	1.32	4.96	0.00	2.36	2.70	0.48	0.35	0.42	3.45	1.20	0.00	0.81	0.02
55.00	7.21	6.59	1.85	2.01	1.26	4.40	0.00	2.63	2.13	2.10	1.66	3.98	0.00	3.64	0.09	1.30	1.04	1.02	1.78	1.14	0.00	0.65	0.54
56.00	7.20	6.61	0.00	2.98	0.16	4.71	0.00	4.86	2.92	0.97	3.79	5.00	0.00	0.99	0.02	0.00	2.61	3.06	3.54	1.26	1.07	0.00	0.00
57.00	7.21	6.59	0.61	1.27	1.17	2.74	0.00	5.68	1.52	0.79	1.37	4.47	0.00	0.60	0.00	0.68	1.27	1.85	1.57	0.98	0.28	1.83	0.35
58.00	7.20	6.61	1.24	0.00	3.14	2.71	0.00	3.65	2.58	2.19	1.42	2.73	0.00	3.65	0.75	1.12	1.80	2.53	3.43	0.25	0.14	1.12	0.86
59.00	7.20	6.59	2.90	1.48	1.67	3.82	0.00	3.25	1.42	1.50	0.71	3.74	0.00	2.23	0.77	1.57	1.32	0.31	2.18	0.15	1.18	0.24	0.41
60.00	7.21	6.61	1.63	0.49	2.80	1.92	0.00	4.86	2.13	2.76	1.50	4.55	0.00	0.57	0.07	0.42	1.01	1.74	2.87	3.20	0.28	0.59	0.80
61.00	7.20	6.59	0.69	0.98	0.81	4.45	0.00	0.00	1.77	0.95	0.13	5.52	0.00	3.03	1.41	1.18	1.04	1.67	1.53	1.97	0.00	0.34	0.12
62.00	7.21	6.61	2.19	1.95	5.17	5.49	0.00	1.37	2.11	0.45	1.40	5.10	0.00	1.88	1.13	3.40	0.16	0.00	0.45	1.24	0.00	3.30	0.00
63.00	7.20	6.59	1.78	0.99	1.25	1.68	0.00	0.31	2.19	0.53	0.37	2.05	0.00	2.58	0.74	2.04	0.11	2.46	2.04	1.59	0.40	0.88	0.00
64.00	7.21	6.61	0.00	2.70	5.82	1.87	0.00	3.69	1.77	1.04	1.86	3.47	0.00	4.00	0.57	2.60	0.00	1.88	2.74	2.79	0.52	2.06	0.35
65.00	7.20	6.59	0.57	2.39	1.75	2.39	0.00	1.59	3.80	1.13	0.89	4.38	1.48	2.67	0.85	0.99	0.19	0.32	0.46	2.19	0.00	0.62	0.26
66.00	7.20	6.61	0.00	6.58	1.68	2.17	0.00	4.44	0.44	1.26	1.72	2.90	0.01	0.00	0.07	0.38	0.48	1.26	1.92	3.58	0.00	0.45	0.24
67.00	7.21	6.59	1.73	2.10	2.18	1.11	0.00	1.05	2.53	2.10	0.14	3.82	0.04	1.25	0.13	1.10	0.25	0.79	2.56	2.08	0.48	0.69	0.87
68.00	7.20	6.59	1.24	0.99	1.24	1.22	0.00	0.00	1.73	3.53	0.00	4.98	0.00	5.18	1.70	0.87	2.04	2.05	2.43	0.00	0.00	0.85	1.45
69.00	7.21	6.61	0.00	2.97	2.76	5.08	0.00	0.82	1.87	1.45	0.32	2.27	0.39	3.25	1.44	0.00	0.77	1.72	1.87	1.20	0.02	0.72	0.16
70.00	7.20	6.59	2.05	2.87	2.99	1.40	0.00	0.00	3.30	1.12	0.95	0.68	0.09	2.67	1.15	0.84	1.50	2.54	1.13	0.68	1.14	2.18	0.22
71.00	7.20	6.61	1.32	0.65	2.30	4.90	0.00	1.04	2.92	1.63	1.46	5.17	0.45	0.54	1.88	1.00	0.02	0.29	2.18	1.55	0.28	0.14	0.02
72.00	7.21	6.59	2.18	3.62	2.59	5.71	0.00	1.38	0.05	1.37	0.40	3.64	0.59	2.39	2.06	0.00	1.06	0.49	2.27	1.06	0.54	0.85	1.51
73.00	7.20	6.61	0.66	1.85	0.55	2.38	0.00	3.76	0.89	2.99	0.72	2.25	0.02	1.99	0.00	0.01	0.00	0.82	3.83	1.91	0.27	0.71	0.33
74.00	7.21	6.59	0.00	2.80	1.39	2.61	0.00	5.69	3.91	0.15	0.00	3.70	1.13	2.16	1.31	0.02	0.49	0.88	1.80	2.44	0.00	0.09	0.40
75.00	7.20	6.61	0.28	1.48	1.42	2.05	0.00	1.97	0.07	1.93	1.12	4.51	0.49	3.37	0.60	0.00	0.09	0.49	2.70	1.91	0.00	0.00	0.12
76.00	7.20	6.59	2.28	0.00	2.52	5.04	0.00	0.00	0.00	3.84	3.65	5.10	0.19	3.36	0.00	1.21	0.46	1.28	0.47	3.11	0.00	0.00	0.00
77.00	7.21	6.61	0.09	0.74	0.82	0.31	0.00	0.84	0.52	1.53	1.15	1.94	0.04	1.93	1.18	1.38	1.42	2.97	1.55	2.34	1.32	0.18	0.00
78.00	7.20	6.59	1.77	0.44	0.00	2.07	0.00	0.00	3.42	1.84	1.86	4.46	0.54	2.63	1.86	0.92	0.60	2.26	1.02	1.53	0.54	1.64	0.01
79.00	7.21	6.61	0.46	0.00	3.69	0.93	0.00	3.82	2.77	3.00	2.03	3.65	0.22	1.11	1.61	2.66	0.19	0.65	2.90	2.60	0.99	1.64	0.19
10.2.1.2	7.34	8.20
10.2.1.3	6.73	9.41
10.1.1.5	2.37	117932.25
10.1.1.9	1.87	130413.46
10.1.1.14	1.94	59996.12
10.1.1.15	0.77	144165.47
10.1.1.3	0.86	215200.09
10.1.1.4	1.77	196363.60
10.1.1.23	0.31	105239.70
10.1.1.19	2.17	43360.36
10.1.1.20	1.53	96568.75
10.1.1.6	2.98	44874.88
10.1.1.7	817.88	3043952.00
10.1.1.8	2.57	69720.66
10.1.1.13	0.40	150981.78
10.1.1.17	0.71	171701.08
10.1.1.18	1.40	102567.67
10.1.1.10	1.75	78405.04
10.1.1.11	1.36	78630.82
10.1.1.12	3.61	29196.29
10.1.1.16	0.88	117262.42
10.1.1.21	0.36	228780.37
10.1.1.22	0.72	189322.52
