Waf: Entering directory `/home/synrg-sc1/Desktop/Jiaming/ns-3.29-mesh/build'
Waf: Leaving directory `/home/synrg-sc1/Desktop/Jiaming/ns-3.29-mesh/build'
Build commands will be stored in build/compile_commands.json
'build' finished successfully (4.805s)
CreateVariables () DONE !!!
Creating 22 APs 50.00 m apart.
CreateApNodes () DONE !!!
Creating 0 CLs 20.00 m away from each AP.
CreateClNodes () DONE !!!
CreateNodes () DONE !!!
CreateMeshDevices () DONE !!!
CreateWifiDevices () DONE !!!
CreateCsmaDevices () DONE !!!
CreateDevices () DONE !!!
InstallInternetStack () DONE !!!
Gateway is connect to AP 0
InstallApplications () DONE !!!
Starting simulation for 80.00 s ...
-------------------------------------------------
Time[s]	ap-0	ap-1	ap-2	ap-3	ap-4	ap-5	ap-6	ap-7	ap-8	ap-9	ap-10	ap-11	ap-12	ap-13	ap-14	ap-15	ap-16	ap-17	ap-18	ap-19	ap-20	ap-21
2.00	0.00	0.00	0.00	0.00	0.00	0.00	0.00	0.00	0.00	0.00	0.00	0.00	0.00	0.00	0.00	0.00	0.00	0.00	0.00	0.00	0.00	0.00
3.00	7.07	0.00	0.00	0.00	0.00	0.00	0.00	0.00	0.00	0.00	0.00	0.00	0.00	0.00	0.00	0.00	0.00	0.00	0.00	0.00	0.00	0.00
4.00	7.81	0.00	0.00	0.00	0.00	0.00	0.00	0.00	0.00	0.00	0.00	0.00	0.00	0.00	0.00	0.00	0.00	0.00	0.00	0.00	0.00	0.00
5.00	7.80	5.04	1.59	0.00	0.00	3.82	0.00	0.00	2.99	0.00	0.00	0.41	3.87	2.89	0.87	0.00	0.00	0.00	0.00	0.00	0.00	0.88
6.00	7.80	2.44	1.61	3.40	1.97	2.26	0.74	0.00	2.40	1.65	0.00	0.93	1.61	3.34	2.39	0.00	0.07	0.00	0.00	0.75	0.00	0.72
7.00	7.81	2.85	1.05	1.35	1.63	3.37	0.99	0.15	2.71	1.15	0.71	1.38	0.93	1.07	2.10	1.31	0.19	0.20	0.00	0.22	0.08	0.54
8.00	7.80	0.92	4.65	1.81	2.18	2.26	3.51	2.04	1.81	0.95	0.29	0.00	2.53	3.82	0.52	2.11	1.17	0.64	0.00	0.55	0.11	0.18
9.00	7.80	5.25	2.79	3.91	1.81	2.63	1.19	1.24	2.92	1.54	2.01	1.38	1.12	2.54	2.03	0.18	0.06	0.00	0.00	0.78	0.19	0.00
10.00	7.81	2.57	1.54	0.19	2.10	2.87	1.87	1.77	1.42	0.00	0.15	1.99	2.08	3.11	2.77	2.94	1.27	0.07	0.40	1.05	0.00	0.34
11.00	7.80	3.96	4.05	2.67	2.61	4.92	0.00	0.98	2.57	0.00	0.12	1.12	1.94	0.34	3.11	1.34	1.95	0.51	1.67	1.74	0.08	0.87
12.00	7.81	2.43	2.32	2.14	2.26	1.66	1.98	1.71	3.46	2.81	0.06	0.49	1.98	1.60	1.99	2.70	0.13	0.00	1.30	0.19	0.00	1.15
13.00	7.80	0.00	1.52	1.35	0.18	1.39	0.00	1.53	4.66	1.50	1.00	0.00	2.93	2.59	0.74	1.00	1.02	0.00	0.72	1.18	0.00	0.01
14.00	7.80	1.05	3.46	4.24	2.40	2.47	1.57	2.27	2.23	1.84	1.25	0.28	1.10	2.41	2.34	0.58	1.14	0.00	1.46	0.75	0.00	1.41
15.00	7.81	2.56	2.23	1.84	0.68	3.46	1.42	1.86	3.72	1.84	2.05	1.52	1.81	2.25	0.58	0.80	0.16	0.00	0.53	0.57	1.07	0.47
16.00	7.80	1.31	0.40	2.65	2.26	4.16	2.52	3.13	4.52	2.85	0.49	0.80	0.25	4.16	3.46	2.61	0.72	0.68	2.25	0.00	0.79	2.07
17.00	7.80	0.49	1.81	3.36	1.20	4.40	2.14	1.60	4.03	0.37	0.49	1.41	1.88	4.51	4.02	3.60	1.01	0.02	0.28	0.73	1.40	0.88
18.00	7.81	3.30	2.34	4.46	3.40	2.05	2.01	1.18	1.33	2.83	0.00	1.27	1.35	3.51	2.76	2.84	0.39	1.00	0.01	1.71	0.31	0.77
19.00	7.80	1.72	1.11	5.24	1.17	3.44	1.53	1.81	3.50	1.35	0.74	2.01	1.98	3.59	2.97	2.73	0.13	0.19	0.15	1.95	0.49	1.60
20.00	7.80	0.16	5.79	1.34	4.32	5.59	3.00	0.00	3.93	1.45	2.12	0.72	2.05	4.50	1.37	4.22	0.48	0.00	1.85	0.89	1.42	0.73
21.00	7.81	1.07	0.95	0.42	0.40	3.04	1.59	4.60	3.13	1.22	1.93	0.44	1.26	4.19	3.16	1.93	0.00	0.00	0.29	0.49	0.00	0.00
22.00	7.80	2.98	5.06	3.96	2.57	4.45	3.64	1.74	2.20	3.92	0.00	0.78	1.24	4.23	2.01	0.28	1.25	0.07	1.18	0.00	0.05	0.51
23.00	7.81	0.99	2.73	1.35	2.20	3.11	2.04	2.48	3.38	2.98	0.24	0.29	1.84	2.91	3.03	3.70	0.71	0.00	0.69	0.67	0.06	0.62
24.00	7.80	0.32	4.93	2.84	1.91	4.58	3.34	1.84	2.39	0.22	0.08	0.89	2.45	3.52	1.84	2.33	0.21	0.49	0.27	0.00	0.54	0.08
25.00	7.80	1.04	0.72	1.18	2.31	3.60	0.19	1.04	1.90	0.49	0.09	0.01	2.00	1.25	0.94	1.50	1.47	0.71	0.66	0.02	0.01	0.95
26.00	7.81	1.57	0.00	3.10	1.32	4.97	1.48	0.05	4.85	2.18	0.00	2.41	1.20	4.31	1.98	0.48	0.49	0.60	0.49	1.26	0.98	0.58
27.00	7.80	1.84	3.36	3.21	2.18	4.17	1.63	1.04	2.52	0.81	1.14	0.86	2.20	3.26	2.81	3.00	1.20	0.00	0.05	1.25	0.99	0.09
28.00	7.80	2.08	1.84	4.51	1.63	5.11	1.45	1.48	2.20	2.40	0.20	0.00	2.83	3.32	3.45	1.90	0.00	0.18	0.00	0.18	0.26	0.11
29.00	7.81	5.09	3.45	0.68	3.85	3.85	0.82	2.01	2.56	0.73	0.48	1.55	1.30	3.65	1.86	2.60	0.19	0.00	1.91	0.34	0.05	0.22
30.00	7.80	1.10	2.63	2.43	2.85	3.93	0.98	4.70	5.06	1.00	0.00	0.97	0.15	4.51	0.49	0.38	0.88	0.00	0.27	1.00	0.08	0.00
31.00	7.80	1.75	0.12	0.87	2.72	3.66	1.74	1.14	4.40	0.49	0.94	0.95	0.52	1.95	0.05	0.91	0.00	0.00	0.00	0.20	0.61	0.60
32.00	7.81	0.09	5.97	4.55	2.11	3.54	1.33	3.94	3.05	0.44	0.67	2.47	4.99	1.60	0.72	4.09	0.01	0.00	2.48	0.04	0.61	0.99
33.00	7.80	1.52	3.65	2.65	2.01	3.24	1.75	3.83	3.23	0.41	0.00	0.61	1.17	2.05	2.17	3.85	1.22	0.00	0.52	0.75	0.31	0.00
34.00	7.81	1.30	0.78	3.45	1.11	4.79	1.31	1.74	1.85	2.13	0.00	1.87	1.83	3.66	1.10	3.31	0.95	0.55	0.00	0.00	0.38	0.09
35.00	7.80	4.64	2.96	3.91	3.13	4.32	1.27	1.63	1.64	2.53	0.49	0.35	1.98	1.66	1.90	0.81	0.00	0.11	0.59	1.39	0.04	1.18
36.00	7.80	2.65	2.57	1.31	0.21	1.94	0.94	2.87	3.78	1.79	0.00	0.00	2.70	2.70	1.02	2.97	0.01	0.00	0.27	0.89	0.61	0.35
37.00	7.81	4.18	0.20	0.06	3.77	4.31	0.00	0.41	3.84	1.22	0.00	0.00	1.15	2.65	2.85	3.58	0.18	0.94	0.00	0.00	0.00	0.75
38.00	7.80	4.49	4.27	1.81	3.44	3.11	1.17	0.13	3.30	2.86	0.58	3.70	0.49	4.29	1.24	0.84	0.15	0.49	1.48	0.22	0.02	1.80
39.00	7.80	1.59	3.34	1.80	0.69	4.19	0.49	1.38	2.81	2.47	0.57	1.63	1.30	3.21	1.81	2.81	0.12	0.00	0.61	1.19	0.51	0.78
40.00	7.81	0.00	2.03	1.83	2.50	3.57	1.08	3.19	2.19	0.77	1.38	1.91	3.32	1.45	2.66	0.47	2.05	0.00	0.53	0.32	0.00	1.15
41.00	7.80	2.07	1.04	4.00	2.54	3.53	2.06	4.43	1.83	1.26	0.99	0.13	1.61	1.86	2.04	1.34	2.34	1.51	0.68	0.53	0.04	0.21
42.00	7.80	3.05	2.47	5.24	0.00	4.03	2.27	3.32	2.54	0.45	0.48	1.58	1.20	2.03	1.18	2.77	0.07	0.01	1.33	0.84	0.05	1.38
43.00	7.81	2.93	0.00	1.58	0.00	2.39	1.90	1.04	3.42	2.36	1.00	0.37	0.46	3.77	1.68	1.41	0.00	0.89	0.25	0.00	0.33	1.54
44.00	7.80	3.40	1.73	3.70	1.71	4.30	2.06	1.94	4.70	2.74	0.12	0.93	1.25	4.46	0.39	3.53	0.00	0.00	0.16	1.15	1.98	1.04
45.00	7.81	0.00	4.36	0.51	1.39	4.59	0.97	0.00	2.90	0.49	2.32	2.68	0.44	2.36	2.52	2.23	0.55	0.48	0.02	0.31	0.57	0.22
46.00	7.80	1.31	0.77	4.49	3.52	2.23	1.95	1.25	2.07	1.57	1.00	0.85	0.98	2.48	3.07	2.26	0.84	1.98	0.89	0.97	0.13	0.93
47.00	7.80	1.80	0.52	2.46	3.98	0.71	3.87	3.27	2.07	0.98	1.18	0.00	3.85	1.21	1.91	2.84	0.12	1.21	0.29	1.38	0.45	0.92
48.00	7.81	2.30	2.87	1.75	0.77	5.56	0.77	1.91	3.03	2.07	0.78	0.67	1.80	2.94	2.18	0.00	1.13	0.47	0.22	0.95	0.09	1.18
49.00	7.80	3.67	1.41	1.00	2.87	2.46	0.98	1.48	4.25	2.84	0.00	0.00	2.56	4.50	2.63	0.06	0.32	0.86	0.12	0.51	0.01	0.04
50.00	7.80	2.77	2.64	2.97	0.69	2.72	1.20	0.49	3.90	2.12	2.10	0.09	2.27	2.44	2.57	4.07	0.29	1.35	1.38	0.00	0.39	0.48
51.00	7.81	1.66	1.32	3.00	2.83	4.47	2.25	1.48	2.98	2.80	0.28	0.09	2.06	1.00	1.35	1.01	1.50	0.82	0.62	0.24	0.71	1.33
52.00	7.80	0.72	6.54	2.79	0.61	3.92	1.07	3.43	4.40	1.80	1.64	0.41	0.93	5.36	0.91	2.89	0.08	0.64	1.46	0.06	0.86	0.87
53.00	7.80	0.00	2.81	2.70	0.95	2.03	2.10	1.08	2.43	0.77	0.00	2.38	1.75	3.16	1.72	2.50	0.31	0.00	1.68	0.01	0.01	0.67
54.00	7.81	1.60	1.28	2.07	1.81	4.07	0.46	3.63	4.36	2.33	2.84	0.13	2.66	4.15	0.98	3.18	0.61	0.22	1.80	0.95	0.07	0.47
55.00	7.80	3.14	1.88	0.57	2.91	4.35	0.42	2.14	3.30	2.30	0.11	1.01	1.95	1.81	0.79	2.78	0.16	0.02	0.75	1.01	0.01	0.04
56.00	7.81	2.43	2.43	2.92	2.51	4.66	1.86	0.00	4.31	0.95	0.27	1.77	1.53	1.70	1.33	1.87	1.44	0.01	0.59	1.58	0.00	0.00
57.00	7.80	0.19	2.73	4.66	0.54	1.65	3.59	2.93	2.80	1.22	0.06	0.54	0.37	2.97	2.30	0.38	0.58	1.22	0.95	0.11	0.00	0.58
58.00	7.80	0.91	0.07	3.93	2.57	3.42	1.10	2.51	1.39	1.59	0.08	2.31	1.85	1.98	2.16	1.97	0.55	0.00	1.20	0.60	0.00	0.80
59.00	7.81	3.12	2.61	2.32	1.35	2.83	3.18	1.26	0.99	2.13	0.51	0.05	1.70	2.59	0.95	0.91	0.00	0.11	1.80	0.72	0.02	0.57
60.00	7.80	3.26	1.00	4.12	2.89	4.03	1.61	1.88	2.20	2.51	0.74	1.47	1.61	3.52	2.63	0.51	0.00	0.46	0.55	1.78	0.01	0.47
61.00	7.80	0.00	1.80	4.99	0.00	0.37	0.81	0.77	3.40	1.63	0.11	1.17	2.71	0.77	2.61	1.13	1.57	0.00	1.10	0.16	0.00	0.28
62.00	7.81	2.73	0.19	1.25	1.01	4.49	2.68	4.37	4.64	2.26	1.21	0.51	3.73	5.10	1.93	2.91	0.91	1.32	0.48	2.07	0.38	0.22
63.00	7.80	1.80	2.63	2.48	2.99	4.96	1.38	2.86	4.80	0.00	0.48	0.48	1.17	1.84	1.72	0.16	0.62	0.00	1.81	0.57	0.00	0.95
64.00	7.80	5.77	3.44	3.58	0.00	3.70	2.86	2.94	3.39	1.83	0.62	1.46	0.72	2.16	1.38	1.72	1.20	0.00	0.16	0.53	0.11	1.83
65.00	7.81	0.12	3.89	0.51	1.86	4.26	0.99	3.36	4.31	0.98	0.52	0.71	1.81	3.70	0.85	2.72	1.93	0.20	0.48	0.94	0.08	0.67
66.00	7.80	0.21	0.78	0.74	0.65	2.70	0.72	0.00	2.24	0.64	1.30	0.46	2.24	0.69	0.25	1.88	0.18	0.04	0.59	0.40	0.42	0.29
67.00	7.81	2.72	2.16	2.01	1.15	1.97	0.84	0.64	2.66	1.99	0.00	0.39	2.50	1.87	2.16	2.65	0.09	0.00	0.00	0.98	0.57	1.27
68.00	7.80	2.46	5.16	5.11	3.17	5.10	2.24	3.36	3.05	2.53	0.49	0.97	1.42	2.81	1.38	1.34	0.80	0.29	1.06	0.00	1.64	0.28
69.00	7.80	4.09	1.27	1.59	0.54	2.90	1.59	2.08	2.87	2.45	0.00	0.00	1.71	0.32	1.60	0.27	0.00	0.00	0.01	0.15	0.11	0.01
70.00	7.81	2.71	2.97	2.56	1.81	3.12	1.37	1.58	4.76	0.55	0.04	0.07	2.06	2.70	2.48	2.51	1.05	0.00	0.07	0.00	0.02	0.00
71.00	7.80	5.00	1.75	2.76	1.42	4.18	0.59	4.27	4.39	0.53	0.49	0.59	1.20	3.64	1.18	3.37	0.00	0.00	0.89	0.01	0.00	0.00
72.00	7.80	2.48	6.36	1.22	2.07	4.80	1.15	4.32	3.05	3.11	0.44	0.28	1.15	1.84	1.14	2.74	1.19	0.48	2.56	0.29	2.63	0.77
73.00	7.81	4.53	1.40	2.74	2.17	3.50	1.15	0.16	4.06	1.93	0.24	1.07	1.53	2.76	1.90	1.64	0.15	0.02	0.08	0.00	1.01	0.19
74.00	7.80	1.90	0.84	3.66	3.66	5.02	2.27	3.79	2.04	2.71	0.26	0.33	1.07	3.98	3.44	1.79	1.91	0.00	0.00	0.61	1.28	1.12
75.00	7.80	0.67	3.09	1.53	0.48	3.24	2.10	2.46	2.28	1.79	0.79	0.73	1.05	4.52	0.97	2.92	1.24	0.66	0.40	0.18	0.09	0.68
76.00	7.81	1.75	0.84	1.83	0.85	2.72	1.95	2.85	2.20	0.88	2.18	0.02	1.32	3.39	0.59	2.38	1.01	0.00	0.80	0.00	0.02	0.05
77.00	7.80	1.59	3.11	4.23	0.00	3.42	0.58	1.26	3.21	2.12	0.00	1.14	1.07	2.19	0.26	1.06	0.77	0.04	0.06	0.00	0.32	0.49
78.00	7.81	2.03	3.01	1.93	1.86	2.66	1.40	3.80	3.37	1.50	0.82	0.11	3.10	3.14	2.03	1.81	1.12	0.21	0.39	0.14	0.35	0.13
79.00	7.80	4.11	1.74	0.13	0.16	3.65	2.26	2.48	2.85	1.99	0.00	1.58	2.72	0.94	1.08	2.45	0.16	0.05	2.34	0.00	0.25	0.14
10.2.1.2	7.95	9.25
10.1.1.5	1.87	111773.03
10.1.1.8	2.12	165179.63
10.1.1.9	3.17	43576.52
10.1.1.10	1.68	80680.35
10.1.1.4	2.61	71793.68
10.1.1.2	2.27	143085.88
10.1.1.16	2.07	47793.09
10.1.1.17	0.66	174744.34
10.1.1.6	3.59	26408.91
10.1.1.7	1.63	120079.26
10.1.1.3	2.40	112334.29
10.1.1.11	0.67	247367.67
10.1.1.12	0.92	127402.96
10.1.1.13	1.80	123204.74
10.1.1.14	2.90	56272.97
10.1.1.15	1.85	71842.79
10.1.1.21	0.38	187822.23
10.1.1.22	0.64	151725.95
10.1.1.18	0.32	309493.44
10.1.1.19	0.77	122248.38
10.1.1.20	0.62	149495.65
