Waf: Entering directory `/home/synrg-sc1/Desktop/Jiaming/ns-3.29-mesh/build'
Waf: Leaving directory `/home/synrg-sc1/Desktop/Jiaming/ns-3.29-mesh/build'
Build commands will be stored in build/compile_commands.json
'build' finished successfully (4.732s)
CreateVariables () DONE !!!
Creating 13 APs 50.00 m apart.
CreateApNodes () DONE !!!
Creating 0 CLs 20.00 m away from each AP.
CreateClNodes () DONE !!!
CreateNodes () DONE !!!
CreateMeshDevices () DONE !!!
CreateWifiDevices () DONE !!!
CreateCsmaDevices () DONE !!!
CreateDevices () DONE !!!
InstallMeshInternetStack () DONE !!!
InstallWifiInternetStack () DONE !!!
InstallCsmaInternetStack () DONE !!!
InstallInternetStack () DONE !!!
Gateway is connect to AP 0
InstallApplications () DONE !!!
Starting simulation for 40.00 s ...
-------------------------------------------------
Time[s]	ap-0	ap-1	ap-2	ap-3	ap-4	ap-5	ap-6	ap-7	ap-8	ap-9	ap-10	ap-11	ap-12
2.00	0.00	0.00	0.00	0.00	0.00	0.00	0.00	0.00	0.00	0.00	0.00	0.00	0.00
3.00	4.56	0.00	0.00	0.00	0.00	0.00	0.00	0.00	0.00	0.00	0.00	0.00	0.00
4.00	9.15	0.00	0.00	0.00	0.00	0.00	0.00	0.00	0.00	0.00	0.00	0.00	0.00
5.00	9.15	0.00	0.00	3.64	2.92	3.19	0.00	0.00	2.72	2.71	0.00	0.00	0.00
6.00	9.16	0.00	0.00	6.58	5.04	5.73	0.00	0.00	4.86	4.86	0.00	0.00	0.00
7.00	9.15	0.00	0.00	6.58	2.62	5.72	0.00	0.00	4.85	4.86	0.00	0.00	0.00
8.00	9.15	0.00	0.00	6.48	1.06	5.73	0.00	0.00	4.87	4.86	0.00	0.00	0.00
9.00	9.15	0.00	0.00	6.68	6.85	5.72	0.00	0.00	4.86	4.86	0.00	0.00	0.00
10.00	9.15	0.00	0.00	6.55	5.93	5.72	0.00	4.66	4.50	4.86	0.00	0.00	0.00
11.00	9.16	0.00	0.00	6.59	6.65	5.73	0.00	1.02	4.90	4.85	0.00	0.00	0.00
12.00	9.15	0.00	0.00	6.50	6.36	5.73	0.00	0.39	4.71	4.86	0.00	0.00	0.00
13.00	9.15	0.00	0.00	6.61	5.95	5.72	0.00	5.54	4.48	4.86	0.00	0.00	0.00
14.00	9.15	0.00	0.00	6.37	1.82	5.12	0.00	1.54	4.33	4.69	0.00	0.00	0.00
15.00	9.16	0.00	0.00	5.14	3.58	5.78	0.24	3.02	3.87	3.75	0.00	0.00	0.00
16.00	9.15	0.00	0.00	3.30	3.07	5.74	2.15	3.00	3.92	4.09	0.00	0.00	0.00
17.00	9.15	0.00	0.00	3.65	3.89	5.72	0.74	3.36	4.09	5.40	0.00	0.00	0.00
18.00	9.15	0.00	0.00	7.29	5.15	5.68	0.00	4.20	4.11	5.12	0.00	0.00	0.00
19.00	9.15	0.00	0.00	6.77	5.22	2.93	0.00	2.36	4.72	4.86	0.00	0.00	0.00
20.00	9.16	0.00	0.00	6.58	5.03	5.72	0.00	0.00	4.86	4.86	0.00	0.00	0.00
21.00	9.15	0.00	0.00	6.58	1.25	5.73	0.00	0.00	4.86	4.83	0.00	0.00	0.00
22.00	9.15	0.00	0.00	6.10	2.04	5.71	0.00	1.68	4.86	4.86	0.00	0.00	0.00
23.00	9.15	0.00	0.00	6.58	2.63	5.73	0.00	2.00	4.86	4.87	0.00	0.00	0.00
24.00	9.16	0.00	0.00	6.58	3.07	5.73	0.00	2.49	4.86	4.86	0.00	0.00	0.00
25.00	9.15	0.00	0.00	6.58	2.95	5.73	0.00	2.13	4.86	4.84	0.00	0.00	0.00
26.00	9.15	0.00	0.00	6.30	2.12	5.72	0.00	1.80	4.87	4.63	0.00	0.00	0.00
27.00	9.15	0.00	0.00	6.86	1.20	5.73	1.26	0.62	4.85	5.06	0.00	0.00	0.00
28.00	9.15	0.00	0.00	6.57	0.00	5.72	0.71	2.67	4.87	4.86	0.00	0.00	0.00
29.00	9.16	0.00	0.00	6.59	0.03	5.73	1.36	1.52	4.85	4.86	0.00	0.00	0.00
30.00	9.15	0.00	0.00	6.56	0.00	5.72	1.99	2.00	4.87	4.86	0.00	0.00	0.00
31.00	9.15	0.00	0.00	6.59	0.00	5.71	0.92	1.22	4.86	4.33	0.00	0.00	0.00
32.00	9.15	0.00	0.00	6.58	0.00	5.72	1.83	1.49	4.86	5.36	0.00	0.00	0.00
33.00	9.15	0.00	0.00	6.58	0.00	5.73	1.15	0.00	4.86	4.86	0.00	0.00	0.00
34.00	9.16	0.00	0.00	6.58	0.00	5.72	0.00	0.00	4.86	4.86	0.00	0.00	0.00
35.00	9.15	0.00	0.00	6.57	0.21	5.73	1.04	4.14	4.86	4.86	0.00	0.00	0.00
36.00	9.15	0.00	0.00	6.58	1.31	5.72	0.69	5.44	4.86	4.86	0.00	0.00	0.00
37.00	9.15	0.00	0.00	6.58	2.16	5.73	1.59	0.25	4.86	2.94	0.00	0.00	0.00
38.00	9.16	0.00	0.00	6.58	1.72	5.72	0.98	1.36	4.86	4.84	0.00	0.00	0.00
39.00	9.15	0.00	0.00	6.58	1.27	5.73	0.00	3.49	4.85	4.91	0.00	0.00	0.00
10.2.1.2	9554.55	8.36
10.1.1.2	0	0
10.1.1.3	0	0
10.1.1.4	6647.02	17790.60
10.1.1.5	2847.31	133105.54
10.1.1.7	755.14	330329.63
10.1.1.8	2329.81	166861.10
10.1.1.6	5873.78	4820.34
10.1.1.9	4929.62	13841.40
10.1.1.10	4979.38	20261.63
10.1.1.11	0	0
10.1.1.12	0	0
10.1.1.13	0	0
