Waf: Entering directory `/home/synrg-sc1/Desktop/Jiaming/ns-3.29-mesh/build'
Waf: Leaving directory `/home/synrg-sc1/Desktop/Jiaming/ns-3.29-mesh/build'
Build commands will be stored in build/compile_commands.json
'build' finished successfully (4.774s)
CreateVariables () DONE !!!
Creating 17 APs 50.00 m apart.
CreateApNodes () DONE !!!
Creating 0 CLs 20.00 m away from each AP.
CreateClNodes () DONE !!!
CreateNodes () DONE !!!
CreateMeshDevices () DONE !!!
CreateWifiDevices () DONE !!!
CreateCsmaDevices () DONE !!!
CreateDevices () DONE !!!
InstallInternetStack () DONE !!!
Gateway is connect to AP 0
InstallApplications () DONE !!!
Starting simulation for 80.00 s ...
-------------------------------------------------
Time[s]	ap-0	ap-1	ap-2	ap-3	ap-4	ap-5	ap-6	ap-7	ap-8	ap-9	ap-10	ap-11	ap-12	ap-13	ap-14	ap-15	ap-16
2.00	0.00	0.00	0.00	0.00	0.00	0.00	0.00	0.00	0.00	0.00	0.00	0.00	0.00	0.00	0.00	0.00	0.00
3.00	4.42	4.22	0.00	0.00	0.00	0.00	0.00	0.00	0.00	0.00	0.00	0.00	0.00	0.00	0.00	0.00	0.00
4.00	6.90	6.61	0.00	0.00	0.00	0.00	0.00	0.00	0.00	0.00	0.00	0.00	0.00	0.00	0.00	0.00	0.00
5.00	6.90	6.59	0.00	0.00	3.99	0.00	0.54	0.00	0.00	2.92	2.33	0.00	0.00	0.00	2.17	0.00	0.00
6.00	6.90	6.61	2.48	0.00	3.50	0.00	2.25	4.04	1.66	2.40	0.45	0.00	1.26	1.22	1.65	0.00	0.04
7.00	6.90	6.59	0.42	1.73	0.67	0.64	1.35	1.13	0.49	1.77	0.27	0.04	2.08	0.00	1.06	0.04	0.14
8.00	6.90	6.61	0.00	5.57	0.89	5.17	2.31	5.73	4.84	4.05	0.67	2.73	2.50	0.00	0.31	0.64	2.61
9.00	6.90	6.59	0.49	5.75	3.47	3.18	1.72	1.22	2.34	1.64	2.51	4.57	3.39	0.07	0.00	0.08	0.53
10.00	6.90	6.61	0.00	6.23	1.93	1.54	3.74	4.77	1.95	4.13	1.75	3.78	1.71	1.17	0.72	1.18	0.72
11.00	6.90	6.59	1.39	4.43	4.42	3.11	3.09	1.55	1.99	3.70	2.13	2.59	1.72	0.68	1.65	0.00	1.91
12.00	6.90	6.61	1.41	3.16	5.95	4.24	2.26	0.31	3.93	3.57	1.02	5.11	1.07	1.53	1.47	0.49	1.26
13.00	6.90	6.59	0.00	3.57	3.92	1.40	2.23	3.93	3.23	4.46	0.78	0.85	2.89	1.45	0.94	0.00	0.22
14.00	6.90	6.61	1.22	4.07	2.51	2.68	5.49	5.38	1.67	2.30	0.00	4.30	1.78	0.68	1.26	0.82	0.38
15.00	6.90	6.59	0.00	4.05	4.43	0.04	2.97	4.05	4.23	4.46	0.00	1.58	0.47	0.00	2.25	1.20	0.84
16.00	6.90	6.59	0.07	3.71	4.11	1.79	3.38	3.03	1.98	0.81	1.13	1.04	0.44	0.00	0.19	2.18	0.82
17.00	6.89	6.61	0.00	5.88	4.11	4.90	3.17	4.29	2.77	1.39	0.44	0.54	0.20	1.28	1.19	0.53	0.37
18.00	6.90	6.59	0.85	6.29	6.32	2.77	5.70	4.24	5.41	3.74	0.53	0.49	1.63	2.08	0.99	0.00	0.19
19.00	6.90	6.61	0.79	1.80	5.29	1.32	4.44	1.04	1.47	0.32	0.01	3.58	1.01	0.35	0.09	1.06	1.13
20.00	6.90	6.59	0.00	5.15	5.77	2.18	5.64	6.78	3.37	1.57	0.00	4.59	0.37	0.00	0.49	0.32	2.41
21.00	6.90	6.61	0.93	2.53	2.97	0.95	2.30	4.26	1.55	2.38	0.04	1.05	0.47	0.00	0.05	1.78	2.37
22.00	6.90	6.59	1.19	4.93	4.20	0.00	1.58	5.44	1.79	3.96	1.21	2.47	0.45	0.00	0.45	1.61	0.06
23.00	6.90	6.61	1.77	3.10	6.29	3.39	0.00	4.39	2.96	1.59	0.00	4.66	1.86	0.52	0.13	0.00	0.06
24.00	6.90	6.59	0.00	3.90	5.03	0.00	6.55	5.50	2.38	4.39	0.02	1.60	0.29	0.52	3.96	0.51	1.21
25.00	6.90	6.61	0.00	2.21	6.10	0.00	5.70	5.70	0.49	1.30	0.01	3.40	3.19	0.00	2.04	0.06	0.34
26.00	6.90	6.59	0.40	2.89	5.75	2.74	5.48	4.25	2.85	2.78	0.00	3.34	2.39	0.00	2.40	0.94	1.28
27.00	6.90	6.61	0.59	4.42	3.30	2.34	5.57	4.99	1.72	2.07	2.44	1.85	0.05	0.00	1.45	0.02	0.09
28.00	6.90	6.59	1.38	3.24	5.48	0.49	4.32	2.79	1.28	1.33	0.16	5.11	0.22	0.87	0.24	0.86	0.82
29.00	6.90	6.59	0.07	1.79	4.92	0.66	4.36	4.42	0.00	2.45	0.99	3.62	0.48	0.47	1.85	1.01	0.04
30.00	6.90	6.61	0.79	7.02	4.79	5.58	5.16	3.85	2.47	2.31	1.66	4.33	1.64	0.49	2.13	0.09	2.99
31.00	6.90	6.59	0.67	1.72	4.36	0.00	2.21	2.33	0.27	1.46	1.21	2.56	0.62	0.46	0.09	0.05	0.46
32.00	6.90	6.61	1.22	6.30	4.20	2.72	1.18	2.64	3.96	0.00	0.48	1.18	2.59	0.99	0.60	0.49	1.24
33.00	6.90	6.59	0.39	4.55	6.23	1.61	3.34	4.18	1.12	1.75	0.00	1.07	0.07	0.54	0.06	0.00	0.12
34.00	6.89	6.61	0.00	4.06	4.70	3.82	5.70	2.54	2.11	3.83	0.01	2.66	0.32	0.00	0.69	0.51	0.68
35.00	6.90	6.59	0.02	5.48	3.33	1.08	5.41	4.76	2.04	3.33	2.12	1.13	0.45	0.27	3.32	0.49	0.46
36.00	6.90	6.61	0.00	3.69	1.31	1.12	1.91	2.90	0.77	2.65	1.71	0.73	0.95	1.27	0.00	0.01	0.79
37.00	6.90	6.59	0.02	2.44	5.75	0.00	4.20	1.25	5.97	2.38	0.53	3.66	3.92	1.53	1.31	1.68	0.78
38.00	6.90	6.61	1.87	4.46	6.03	2.70	5.45	5.33	4.20	4.35	0.08	4.02	0.54	0.00	1.14	0.29	1.28
39.00	6.90	6.59	0.98	0.32	3.36	0.32	1.85	2.71	4.63	1.86	0.00	1.73	0.01	0.00	0.08	0.09	1.31
40.00	6.90	6.61	2.79	3.85	1.77	0.99	3.10	5.33	2.45	3.57	1.84	3.49	0.66	1.79	2.66	0.72	0.40
41.00	6.90	6.59	0.53	2.98	4.76	1.97	4.45	2.61	2.93	1.79	0.07	0.72	0.21	0.72	0.35	0.49	0.53
42.00	6.90	6.59	1.75	5.70	3.57	4.57	2.28	3.91	3.36	1.21	0.13	0.94	1.50	0.71	0.49	1.07	1.73
43.00	6.90	6.61	2.40	3.09	4.68	3.17	3.07	3.82	2.19	1.40	0.72	1.35	1.13	0.53	2.68	1.60	1.21
44.00	6.90	6.59	6.30	6.29	4.78	2.83	2.21	2.60	4.18	4.80	2.17	2.61	3.69	0.06	0.00	0.08	0.91
45.00	6.90	6.61	1.66	1.63	3.04	3.00	2.52	2.32	3.73	1.18	0.00	0.44	0.54	0.00	0.06	0.39	2.23
46.00	6.90	6.59	0.49	5.43	4.29	2.39	3.29	0.21	1.68	1.86	0.44	0.42	1.48	0.88	1.02	1.17	0.61
47.00	6.90	6.61	1.48	2.46	2.56	4.11	3.53	4.07	2.53	5.06	0.85	1.70	0.06	1.94	0.93	0.40	0.46
48.00	6.90	6.59	0.91	6.26	6.03	5.26	3.31	5.55	1.44	2.18	1.37	1.34	1.97	1.98	0.49	3.90	0.00
49.00	6.90	6.61	0.00	0.31	3.58	1.75	1.05	0.59	1.06	3.99	0.20	0.00	0.77	0.00	1.10	0.37	2.06
50.00	6.89	6.59	0.74	3.93	6.30	5.51	0.00	4.04	2.28	3.83	0.00	1.27	1.10	1.54	3.10	2.97	2.52
51.00	6.90	6.61	0.46	3.26	2.74	1.27	5.05	1.74	3.94	3.13	0.00	1.84	0.69	0.00	0.57	0.46	1.11
52.00	6.90	6.59	2.25	5.72	4.09	2.51	4.70	4.99	2.84	2.20	0.00	4.36	0.00	2.97	3.71	0.87	1.44
53.00	6.90	6.61	2.13	3.26	7.16	2.19	1.72	2.93	2.05	0.00	0.00	1.27	1.25	0.00	0.05	0.55	2.36
54.00	6.90	6.59	1.06	6.30	3.85	2.00	3.24	1.94	5.64	0.89	1.53	5.13	3.82	0.77	1.98	0.00	1.81
55.00	6.90	6.59	1.08	6.05	6.24	2.25	4.88	2.18	2.34	1.72	0.86	1.30	0.01	0.41	2.19	2.43	0.52
56.00	6.90	6.61	0.00	6.30	6.31	1.30	1.60	2.27	4.98	5.36	1.51	0.06	0.85	1.99	3.04	0.73	0.00
57.00	6.90	6.59	0.00	4.98	5.86	1.85	5.32	5.39	4.17	2.43	0.00	2.03	1.05	0.82	0.00	0.21	0.00
58.00	6.90	6.61	0.00	6.30	6.29	0.95	2.79	3.60	0.47	4.05	0.06	4.32	1.26	1.11	3.53	2.17	1.86
59.00	6.90	6.59	1.68	2.06	2.74	1.38	2.33	1.72	0.89	4.19	0.34	1.45	0.89	0.49	1.84	0.25	1.26
60.00	6.90	6.61	0.00	5.99	6.14	3.56	5.70	0.45	1.42	3.65	2.31	0.00	3.17	0.00	1.00	0.59	0.00
61.00	6.90	6.59	0.00	2.74	5.76	0.00	5.71	3.04	1.45	1.67	0.00	2.68	0.00	0.09	0.08	1.13	0.12
62.00	6.90	6.61	0.00	5.25	5.79	4.72	4.78	2.94	2.86	1.17	1.31	1.90	1.34	1.67	0.27	0.34	1.13
63.00	6.90	6.59	0.00	5.48	2.27	5.56	5.65	0.99	2.76	2.34	0.15	3.33	0.33	1.15	1.25	3.12	3.03
64.00	6.90	6.61	0.00	1.95	0.60	3.14	3.23	2.80	2.73	0.52	0.31	0.53	0.04	0.64	0.29	1.74	2.11
65.00	6.90	6.59	0.00	4.45	5.91	3.66	1.63	5.24	1.15	1.14	1.50	5.61	0.65	0.99	0.05	0.51	1.85
66.00	6.89	6.61	1.90	3.06	2.44	2.94	4.85	2.19	2.94	2.14	1.68	2.54	2.19	0.00	0.26	0.00	1.41
67.00	6.90	6.59	0.00	5.51	4.89	0.49	1.65	2.96	4.26	1.59	0.00	0.07	0.85	0.49	0.00	0.49	0.99
68.00	6.90	6.59	0.00	6.05	6.79	0.00	2.65	5.56	2.65	0.75	1.93	5.63	0.02	0.00	3.14	1.40	0.31
69.00	6.90	6.61	0.00	4.90	4.93	0.00	4.49	1.42	3.47	4.84	1.01	4.35	0.09	0.15	0.49	2.63	1.41
70.00	6.90	6.59	1.41	3.29	4.64	2.14	5.49	2.11	1.97	2.52	0.86	2.54	0.57	1.46	1.47	1.70	1.24
71.00	6.90	6.61	0.49	2.00	3.20	0.99	5.28	1.35	2.66	0.05	0.48	2.20	0.02	0.00	3.25	0.95	0.66
72.00	6.90	6.59	0.00	1.35	6.15	0.00	5.71	4.79	5.39	4.39	3.89	1.26	0.93	0.00	3.69	0.37	0.69
73.00	6.90	6.61	0.00	2.50	4.92	2.61	3.59	3.72	1.85	4.83	0.00	0.49	0.93	1.28	1.18	1.53	0.54
74.00	6.90	6.59	0.00	5.70	5.23	4.39	3.44	3.84	4.88	1.37	0.35	1.44	0.41	0.00	0.00	0.08	1.33
75.00	6.90	6.61	0.00	5.66	6.30	3.97	5.39	2.81	4.91	1.22	0.39	1.44	0.57	1.13	1.38	0.00	0.57
76.00	6.90	6.59	0.00	6.23	6.04	6.11	2.51	1.30	5.38	0.04	2.99	4.05	0.45	1.19	0.24	0.86	2.31
77.00	6.90	6.61	0.00	6.30	5.55	5.52	4.46	2.40	1.19	1.19	0.05	4.96	0.81	0.02	0.02	0.09	0.00
78.00	6.90	6.59	0.00	5.90	4.83	2.52	3.91	1.68	3.64	0.62	0.14	4.19	1.35	0.84	0.46	0.49	3.06
79.00	6.90	6.61	0.00	1.75	4.96	2.77	3.37	2.96	1.61	4.78	0.05	2.03	0.35	0.06	0.49	2.06	1.24
10.2.1.2	7.03	8.80
10.2.1.3	6.73	8.38
10.1.1.17	1.07	136657.45
10.1.1.3	0.82	134134.90
10.1.1.4	4.30	41144.04
10.1.1.5	4.60	31600.58
10.1.1.6	2.38	114184.00
10.1.1.7	3.65	63741.17
10.1.1.8	3.34	46876.95
10.1.1.9	2.74	62045.10
10.1.1.10	2.56	96144.85
10.1.1.11	0.80	196893.11
10.1.1.12	2.46	85320.72
10.1.1.13	1.13	80158.77
10.1.1.14	0.69	253493.86
10.1.1.15	1.20	99806.21
10.1.1.16	0.84	235211.46
