Waf: Entering directory `/home/synrg-sc1/Desktop/Jiaming/ns-3.29-mesh/build'
Waf: Leaving directory `/home/synrg-sc1/Desktop/Jiaming/ns-3.29-mesh/build'
Build commands will be stored in build/compile_commands.json
'build' finished successfully (4.805s)
CreateVariables () DONE !!!
Creating 21 APs 50.00 m apart.
CreateApNodes () DONE !!!
Creating 0 CLs 20.00 m away from each AP.
CreateClNodes () DONE !!!
CreateNodes () DONE !!!
CreateMeshDevices () DONE !!!
CreateWifiDevices () DONE !!!
CreateCsmaDevices () DONE !!!
CreateDevices () DONE !!!
InstallInternetStack () DONE !!!
Gateway is connect to AP 0
InstallApplications () DONE !!!
Starting simulation for 80.00 s ...
-------------------------------------------------
Time[s]	ap-0	ap-1	ap-2	ap-3	ap-4	ap-5	ap-6	ap-7	ap-8	ap-9	ap-10	ap-11	ap-12	ap-13	ap-14	ap-15	ap-16	ap-17	ap-18	ap-19	ap-20
2.00	0.00	0.00	0.00	0.00	0.00	0.00	0.00	0.00	0.00	0.00	0.00	0.00	0.00	0.00	0.00	0.00	0.00	0.00	0.00	0.00	0.00
3.00	6.30	0.00	0.00	0.00	0.00	0.00	0.00	0.00	0.00	0.00	0.00	0.00	0.00	0.00	0.00	0.00	0.00	0.00	0.00	0.00	0.00
4.00	8.70	0.00	0.00	0.00	0.00	0.00	0.00	0.00	0.00	0.00	0.00	0.00	0.00	0.00	0.00	0.00	0.00	0.00	0.00	0.00	0.00
5.00	8.70	4.23	0.00	0.95	0.00	0.00	1.59	1.40	0.52	1.66	1.39	0.45	0.33	1.50	0.69	1.05	0.00	2.13	0.00	0.00	0.00
6.00	8.69	1.87	0.00	1.90	1.86	0.58	0.31	2.13	2.03	1.95	1.98	0.00	2.86	1.40	2.59	1.42	0.59	1.88	0.00	0.00	0.00
7.00	8.70	3.76	0.00	1.01	2.61	2.19	4.25	3.07	2.25	1.92	2.85	1.61	1.74	2.03	1.66	1.64	0.21	1.60	0.00	0.00	0.00
8.00	8.70	4.64	0.00	2.14	1.98	1.50	0.06	0.20	1.99	0.00	3.29	0.04	1.72	2.14	1.45	2.67	0.88	1.60	0.48	0.57	0.00
9.00	8.70	3.64	0.25	2.27	0.61	0.04	0.99	0.86	0.55	2.43	0.11	0.00	1.54	0.82	1.41	1.39	0.78	1.73	0.15	0.31	0.07
10.00	8.70	5.83	1.55	0.68	1.84	4.36	1.94	2.00	0.00	4.69	3.89	0.78	1.30	1.79	0.00	0.65	0.34	2.57	0.40	0.06	0.18
11.00	8.69	4.88	1.22	2.92	2.20	1.44	0.49	1.91	1.48	1.77	0.89	0.15	1.32	1.19	1.39	0.95	0.99	2.71	0.33	0.98	0.05
12.00	8.70	5.58	0.58	3.69	0.77	4.03	2.06	5.55	0.69	4.40	2.21	0.84	1.70	4.66	0.00	2.96	0.24	3.18	1.28	0.94	0.99
13.00	8.70	1.44	1.22	6.16	1.54	0.00	2.51	1.92	0.08	4.06	2.90	0.67	1.75	1.59	0.71	1.54	0.33	1.75	0.21	0.00	1.00
14.00	8.70	6.82	0.82	4.65	5.96	1.84	3.27	0.29	1.48	0.62	0.49	0.00	0.97	2.16	3.59	3.62	0.38	2.78	0.48	2.10	0.00
15.00	8.70	3.43	1.68	1.38	0.47	0.25	2.00	2.87	1.41	4.47	0.00	0.88	1.37	1.51	1.91	2.32	2.10	2.58	0.02	0.00	0.19
16.00	8.69	7.50	1.79	2.25	1.84	0.00	1.41	2.36	1.73	2.01	1.59	1.06	0.34	4.38	2.30	2.41	0.73	2.73	1.66	0.26	1.00
17.00	8.70	5.43	0.00	2.77	2.16	0.00	1.95	2.26	0.20	2.19	1.20	0.00	1.10	2.74	1.33	0.01	0.00	3.21	0.74	0.98	0.00
18.00	8.70	5.12	0.49	4.32	3.90	1.20	3.69	0.00	0.35	2.86	3.83	0.99	1.71	4.10	1.04	1.55	0.74	3.29	0.05	0.45	0.19
19.00	8.70	0.53	0.44	3.51	1.84	0.00	1.37	1.86	0.04	2.99	1.65	0.00	2.53	2.70	0.66	2.41	0.73	1.93	0.15	0.53	0.35
20.00	8.70	4.05	0.98	3.71	2.24	3.03	1.34	1.88	0.11	3.93	2.12	4.22	3.04	3.05	1.31	3.12	0.00	2.50	0.66	0.32	1.14
21.00	8.69	3.40	0.55	2.08	1.30	0.58	1.28	1.25	1.68	2.19	0.00	0.87	1.30	2.24	2.36	1.28	0.00	1.99	0.44	0.01	0.00
22.00	8.70	6.19	1.64	6.15	1.86	4.53	2.93	3.11	1.20	3.50	3.43	1.41	2.21	2.79	2.50	3.01	0.00	2.37	0.59	0.39	0.00
23.00	8.70	1.26	0.28	1.07	2.77	2.28	1.86	3.84	1.18	1.02	5.10	1.39	0.39	1.68	2.34	0.15	0.00	2.44	0.05	0.31	0.97
24.00	8.70	2.03	0.31	2.14	2.10	0.37	1.08	0.27	0.00	3.17	3.05	0.24	0.79	2.24	2.10	0.57	0.98	2.39	0.29	0.12	0.99
25.00	8.69	2.18	0.16	3.80	0.75	1.17	3.32	1.17	0.92	1.85	2.97	1.19	1.95	2.51	0.00	1.92	0.00	2.74	0.62	1.26	0.77
26.00	8.70	3.89	0.93	4.58	2.12	1.31	5.61	2.10	0.00	2.53	2.41	0.99	0.69	5.57	0.00	2.37	0.00	3.09	1.06	0.42	0.07
27.00	8.70	4.49	0.00	0.42	2.78	1.42	1.13	1.26	0.73	1.00	0.75	1.54	0.22	2.17	0.31	2.50	0.00	1.48	0.15	0.07	0.00
28.00	8.70	6.85	1.07	3.51	0.38	0.35	1.71	0.54	0.00	4.29	2.07	0.15	0.40	4.45	1.42	2.71	0.00	2.18	0.00	0.00	0.18
29.00	8.70	3.62	0.00	0.49	0.49	1.00	0.82	2.89	0.61	1.37	1.73	0.09	1.97	0.85	1.68	1.46	0.54	1.95	0.15	0.13	1.22
30.00	8.69	5.13	1.66	4.31	1.04	0.92	0.74	0.84	0.48	4.53	1.28	0.15	1.02	3.16	0.95	0.21	1.47	3.01	0.00	0.45	0.93
31.00	8.70	7.28	1.54	5.06	1.66	0.99	1.28	0.81	0.00	1.46	2.53	0.00	0.04	2.24	4.03	0.00	0.05	1.05	2.66	0.00	0.87
32.00	8.70	6.22	0.26	4.49	2.12	2.97	1.73	3.77	0.66	1.93	2.07	0.00	2.13	0.60	2.07	3.05	0.54	2.07	1.31	1.41	0.75
33.00	8.70	3.59	1.42	2.01	2.16	1.66	0.98	3.10	2.53	1.60	1.83	0.00	0.13	5.16	1.72	1.31	0.00	2.10	0.68	0.53	0.51
34.00	8.70	3.03	0.78	2.93	1.60	1.93	1.11	1.17	1.37	0.93	1.21	1.75	1.12	4.78	1.19	1.38	0.00	2.07	0.89	2.10	0.97
35.00	8.69	4.13	0.00	1.75	2.38	1.17	2.11	2.39	0.28	0.00	2.56	1.32	2.33	1.75	0.95	2.20	0.02	0.12	0.99	0.34	1.18
36.00	8.70	0.27	1.01	3.90	3.07	2.63	0.74	1.73	0.54	2.28	1.85	0.07	2.56	3.20	0.00	1.10	0.00	3.74	0.75	1.47	0.00
37.00	8.70	2.08	0.98	2.12	0.00	1.78	2.50	0.75	0.00	2.51	1.17	0.00	0.71	2.80	0.27	0.48	0.00	1.02	0.00	0.00	1.18
38.00	8.70	5.90	1.12	1.37	5.86	6.28	0.99	1.78	2.63	3.66	1.07	1.02	0.29	2.79	1.72	1.34	0.00	2.72	1.19	0.40	0.01
39.00	8.70	1.77	0.00	1.11	2.40	2.37	0.00	1.37	0.80	0.74	2.44	0.02	0.13	1.01	2.11	1.53	0.00	1.38	0.00	0.00	0.39
40.00	8.69	3.53	0.48	2.32	0.81	0.89	0.21	1.78	0.00	2.89	0.08	0.94	2.52	4.95	0.26	2.21	0.00	1.97	0.20	0.06	1.12
41.00	8.70	3.17	0.00	1.99	0.99	0.00	0.68	2.51	0.00	3.62	0.87	1.19	0.25	4.79	0.49	0.00	0.00	1.07	0.91	0.00	0.89
42.00	8.70	4.22	0.84	6.12	4.76	2.71	1.32	4.88	0.48	3.60	3.14	1.34	1.50	4.73	0.00	2.43	0.00	2.39	1.10	0.00	0.53
43.00	8.70	5.02	0.00	1.57	4.64	0.87	1.41	2.32	1.55	1.24	2.37	0.04	1.84	1.46	3.00	0.81	0.15	0.02	0.11	0.00	0.01
44.00	8.70	4.26	3.23	1.30	2.60	3.06	0.24	3.16	1.55	1.45	2.37	0.49	1.33	2.84	1.97	1.93	0.52	1.99	0.15	0.00	0.00
45.00	8.69	4.44	0.72	1.10	4.13	0.49	0.00	1.59	1.93	0.00	2.84	0.00	1.28	4.44	1.48	0.60	0.00	2.83	0.40	0.26	0.33
46.00	8.70	1.98	1.52	1.72	0.92	0.49	3.98	2.19	1.00	0.77	2.24	1.52	0.46	3.33	1.01	0.66	1.18	1.38	0.00	1.41	0.05
47.00	8.70	4.59	0.00	2.94	2.06	3.47	0.91	3.62	0.54	1.70	3.01	0.00	0.91	0.73	0.58	2.08	0.78	3.17	0.21	0.05	1.50
48.00	8.70	7.50	2.23	5.86	0.01	5.99	1.50	0.45	0.11	4.26	1.54	0.49	0.49	5.68	0.40	1.94	0.05	2.57	0.00	0.86	0.07
49.00	8.69	3.01	0.32	5.19	2.85	2.03	0.07	2.11	0.00	1.50	2.54	1.71	1.45	1.85	0.00	2.78	0.00	3.19	0.67	0.77	0.93
50.00	8.70	4.20	0.91	5.64	0.26	0.97	1.06	0.92	0.48	4.25	4.24	0.00	3.13	4.60	1.25	2.73	0.05	2.34	0.05	0.89	1.75
51.00	8.70	6.11	1.75	1.80	1.51	0.00	0.00	1.67	1.15	0.79	2.83	0.13	1.32	4.29	0.24	1.84	0.16	3.31	1.22	0.71	0.15
52.00	8.70	5.64	0.64	2.16	0.15	0.55	1.91	0.00	0.54	3.38	0.98	0.51	0.64	2.81	0.75	2.37	0.33	2.87	0.35	0.29	1.55
53.00	8.70	5.53	0.19	1.59	3.94	0.49	2.08	0.97	2.26	1.63	1.35	0.97	0.99	1.18	1.59	0.24	0.00	2.59	0.08	0.00	0.73
54.00	8.69	5.28	1.72	4.02	3.18	2.37	1.35	2.08	0.71	3.52	1.14	0.88	2.51	3.82	1.57	0.32	0.11	2.67	0.00	2.13	0.78
55.00	8.70	1.78	0.00	2.86	0.19	0.99	3.10	1.73	0.06	3.57	2.79	0.00	1.95	3.79	0.80	0.41	0.79	2.50	0.51	1.05	0.79
56.00	8.70	7.61	1.10	0.28	0.97	2.38	2.30	1.93	0.40	4.96	0.00	0.55	1.84	3.69	0.99	1.67	0.49	2.70	0.62	0.42	0.57
57.00	8.70	4.59	2.12	0.49	0.75	2.43	2.21	0.57	0.99	2.48	1.37	1.59	2.01	4.38	1.20	0.00	1.70	1.83	0.08	1.08	0.15
58.00	8.70	3.60	1.35	4.30	3.20	0.00	2.25	1.87	0.49	1.07	1.19	0.99	0.26	3.49	0.84	2.26	0.65	1.51	0.53	1.22	0.49
59.00	8.69	5.71	0.04	1.44	1.93	2.16	0.77	3.27	0.80	3.49	1.10	3.13	1.15	2.74	1.78	2.23	0.57	2.18	1.50	1.19	0.11
60.00	8.70	5.77	0.00	3.26	2.91	2.52	0.46	2.48	1.20	2.51	3.01	0.77	0.98	2.38	0.25	0.86	0.22	1.52	0.81	0.54	0.62
61.00	8.70	7.05	0.47	1.68	2.20	1.32	3.91	2.53	0.00	3.65	1.79	2.63	0.66	1.21	2.03	0.54	0.00	2.46	0.41	0.00	0.24
62.00	8.70	7.47	2.66	1.65	4.75	2.16	2.73	5.00	1.45	3.42	3.99	0.12	1.68	1.93	0.59	0.73	0.41	2.83	1.68	0.01	0.84
63.00	8.70	4.43	1.81	3.19	1.81	2.84	1.25	2.20	1.21	3.06	2.00	1.04	0.69	2.26	2.06	1.91	0.24	1.59	0.08	0.49	1.51
64.00	8.69	7.01	3.47	4.95	1.61	0.99	0.00	5.11	0.02	2.86	0.97	0.12	1.81	2.06	2.04	1.02	0.15	2.27	0.11	1.45	1.17
65.00	8.70	7.10	1.58	4.29	3.51	2.11	0.88	2.78	0.00	1.91	4.23	1.31	2.21	0.29	1.42	2.86	1.22	2.30	0.34	0.05	1.31
66.00	8.70	2.21	0.49	3.20	0.55	3.54	0.99	1.39	0.25	5.15	2.80	0.29	1.27	1.64	1.45	3.44	0.93	3.11	1.18	0.13	0.79
67.00	8.70	0.99	0.54	1.21	2.76	4.93	4.45	0.80	2.32	2.90	2.16	0.42	1.21	0.40	0.99	1.84	0.00	1.86	1.05	1.22	1.32
68.00	8.69	6.61	0.00	4.89	0.72	4.22	2.96	3.36	0.85	1.14	4.09	1.57	1.42	3.14	2.86	3.06	1.39	2.79	0.92	0.32	0.13
69.00	8.70	3.57	0.98	2.97	1.18	0.99	2.36	2.23	0.07	0.88	0.72	0.18	0.89	2.57	2.26	0.87	0.49	2.13	0.00	0.41	0.00
70.00	8.70	3.45	0.18	2.38	1.10	1.95	3.90	1.17	0.85	5.09	5.06	0.61	0.38	1.92	0.66	0.00	0.12	2.28	0.00	1.74	0.00
71.00	8.70	5.78	0.49	1.41	4.69	2.23	1.72	2.39	0.00	1.59	4.00	0.02	1.26	2.65	1.08	1.93	0.99	2.26	1.01	0.00	2.01
72.00	8.70	3.80	1.24	0.89	3.84	2.33	4.13	2.93	0.00	2.90	0.00	1.64	2.40	4.05	3.42	1.42	0.00	3.11	0.02	0.77	0.42
73.00	8.69	1.78	1.87	0.25	2.10	1.24	2.37	1.31	0.00	2.36	3.79	0.51	0.19	1.70	0.99	1.86	0.02	3.06	0.44	0.59	1.20
74.00	8.70	6.38	2.01	3.58	4.59	3.80	0.74	1.48	2.39	0.97	3.76	1.59	0.48	3.77	1.55	2.01	1.67	2.05	0.66	0.88	0.39
75.00	8.70	1.35	3.37	3.33	0.07	1.37	0.00	2.64	1.21	3.23	2.57	0.00	0.26	3.03	2.20	1.59	1.07	2.21	1.42	0.04	0.00
76.00	8.70	6.12	0.94	5.09	0.00	2.05	2.46	1.42	0.12	4.23	1.44	0.84	3.66	1.45	1.51	3.24	0.00	3.44	0.14	0.11	1.15
77.00	8.70	5.18	0.02	1.81	3.54	1.94	1.11	4.09	0.32	2.94	1.31	0.93	1.15	2.40	2.65	0.84	1.20	2.39	0.04	0.15	0.22
78.00	8.69	6.47	0.00	1.80	5.63	4.56	1.02	1.21	0.00	3.14	2.90	0.07	0.87	4.11	1.63	1.10	0.40	3.16	0.06	0.00	0.05
79.00	8.70	4.56	0.12	0.97	1.59	1.80	3.47	2.50	1.30	2.90	2.93	0.07	0.79	2.08	0.99	3.29	2.40	2.85	1.38	0.74	0.52
10.2.1.2	8.87	9.04
10.1.1.9	0.80	116440.67
10.1.1.10	2.62	83013.00
10.1.1.11	2.22	97716.73
10.1.1.18	2.37	37515.87
10.1.1.12	0.76	258057.02
10.1.1.13	1.35	102422.24
10.1.1.14	2.82	49869.45
10.1.1.4	2.80	71675.24
10.1.1.5	2.19	135519.59
10.1.1.6	1.91	188805.06
10.1.1.7	1.81	118760.09
10.1.1.15	1.42	173612.38
10.1.1.2	4.57	42460.03
10.1.1.19	0.55	146682.22
10.1.1.3	0.97	230806.11
10.1.1.8	2.10	119797.65
10.1.1.16	1.68	61189.05
10.1.1.17	0.46	304953.43
10.1.1.20	0.56	221554.48
10.1.1.21	0.61	172884.59
