Waf: Entering directory `/home/synrg-sc1/Desktop/Jiaming/ns-3.29-mesh/build'
Waf: Leaving directory `/home/synrg-sc1/Desktop/Jiaming/ns-3.29-mesh/build'
Build commands will be stored in build/compile_commands.json
'build' finished successfully (4.754s)
CreateVariables () DONE !!!
Creating 24 APs 50.00 m apart.
CreateApNodes () DONE !!!
Creating 0 CLs 20.00 m away from each AP.
CreateClNodes () DONE !!!
CreateNodes () DONE !!!
CreateMeshDevices () DONE !!!
CreateWifiDevices () DONE !!!
CreateCsmaDevices () DONE !!!
CreateDevices () DONE !!!
InstallInternetStack () DONE !!!
Gateway is connect to AP 0
InstallApplications () DONE !!!
Starting simulation for 80.00 s ...
-------------------------------------------------
Time[s]	ap-0	ap-1	ap-2	ap-3	ap-4	ap-5	ap-6	ap-7	ap-8	ap-9	ap-10	ap-11	ap-12	ap-13	ap-14	ap-15	ap-16	ap-17	ap-18	ap-19	ap-20	ap-21	ap-22	ap-23
2.00	0.00	0.00	0.00	0.00	0.00	0.00	0.00	0.00	0.00	0.00	0.00	0.00	0.00	0.00	0.00	0.00	0.00	0.00	0.00	0.00	0.00	0.00	0.00	0.00
3.00	5.29	5.04	5.08	0.00	0.00	0.00	0.00	0.00	0.00	0.00	0.00	0.00	0.00	0.00	0.00	0.00	0.00	0.00	0.00	0.00	0.00	0.00	0.00	0.00
4.00	6.90	6.61	6.61	0.00	0.00	0.00	0.00	0.00	0.00	0.00	0.00	0.00	0.00	0.00	0.00	0.00	0.00	0.00	0.00	0.00	0.00	0.00	0.00	0.00
5.00	6.90	6.59	6.59	2.45	0.04	0.68	0.07	0.00	0.07	0.95	0.77	0.04	0.39	0.61	0.00	1.10	0.57	0.04	1.01	0.04	0.09	0.04	0.51	0.04
6.00	6.90	6.61	6.61	3.73	0.20	3.04	0.00	0.48	0.59	1.20	1.46	1.42	0.19	1.52	0.00	0.73	0.61	0.00	1.73	0.00	0.00	0.14	1.04	0.00
7.00	6.90	6.59	6.59	3.73	0.00	2.72	0.00	0.92	3.37	0.87	1.02	1.07	0.16	0.91	0.00	0.78	0.38	2.04	2.47	0.00	1.51	1.14	0.55	0.04
8.00	6.90	6.61	6.61	3.26	0.22	4.58	1.81	3.03	0.88	0.72	0.40	2.90	0.38	1.85	0.00	2.26	1.05	3.06	2.40	0.04	1.91	1.21	1.11	0.09
9.00	6.90	6.59	6.59	2.21	0.00	1.93	1.04	0.00	2.63	0.68	1.31	0.94	0.38	0.84	0.00	2.07	0.28	2.45	2.05	0.00	2.81	1.20	0.00	0.24
10.00	6.90	6.61	6.61	3.12	0.49	0.91	4.04	1.02	1.86	1.74	3.67	2.47	0.25	2.28	0.00	1.41	0.15	1.08	0.64	0.00	2.70	0.65	0.31	1.27
11.00	6.90	6.59	6.59	0.00	0.40	1.78	0.18	0.00	0.09	1.08	0.00	2.34	0.54	0.07	0.00	2.13	0.04	2.39	2.91	0.00	2.70	1.25	1.13	0.08
12.00	6.90	6.61	6.61	3.64	0.04	5.70	4.53	4.13	3.53	1.20	0.73	2.46	0.54	0.58	0.00	0.57	0.51	3.30	3.00	0.00	1.95	2.71	1.13	0.29
13.00	6.90	6.59	6.59	3.39	0.00	3.27	1.66	0.93	2.72	1.55	0.00	0.00	0.01	0.48	0.00	2.51	0.97	1.71	2.18	0.00	0.00	0.32	0.42	0.09
14.00	6.90	6.61	6.59	6.11	1.74	0.57	2.58	2.30	1.94	1.92	1.24	1.81	1.18	1.67	0.00	4.18	0.33	0.00	1.28	0.00	0.22	0.75	0.78	0.08
15.00	6.90	6.59	6.61	2.10	0.34	3.30	2.72	1.53	1.88	0.00	0.44	1.22	0.01	1.65	0.00	2.83	0.00	1.54	1.75	0.00	1.21	1.86	0.13	1.13
16.00	6.90	6.59	6.59	5.97	0.09	2.46	0.47	0.99	2.00	1.21	3.46	3.36	0.33	1.73	0.00	0.51	0.35	3.04	3.01	0.00	2.59	0.28	1.39	0.77
17.00	6.89	6.61	6.61	2.78	0.00	1.21	1.55	1.08	1.11	1.98	1.32	2.64	0.00	2.57	0.00	0.61	1.17	2.63	2.31	0.00	1.74	1.46	1.00	1.06
18.00	6.90	6.59	6.59	3.86	2.71	1.55	1.75	1.22	4.20	2.28	2.26	3.99	0.08	1.65	0.00	0.73	0.84	1.74	3.00	0.00	2.70	1.25	0.99	0.00
19.00	6.90	6.61	6.61	4.26	0.49	0.89	0.15	0.16	0.75	0.00	0.00	1.28	0.00	3.66	0.00	2.94	0.25	2.72	1.77	0.00	2.64	1.24	0.47	0.64
20.00	6.90	6.59	6.59	0.00	0.00	4.33	1.48	2.33	2.56	0.00	1.79	1.74	0.05	2.48	0.00	2.00	0.15	1.17	2.13	0.00	2.27	0.16	1.31	0.00
21.00	6.90	6.61	6.61	2.85	0.00	0.59	1.88	0.99	1.45	1.92	1.40	0.46	0.00	2.26	0.00	2.77	0.00	2.65	1.25	0.00	1.71	0.37	0.08	0.21
22.00	6.90	6.59	6.59	6.18	0.48	1.10	1.81	2.19	4.44	0.00	1.20	1.59	0.33	1.00	0.00	0.54	0.07	1.66	3.39	0.00	2.67	0.28	1.51	0.00
23.00	6.90	6.61	6.61	3.45	0.00	0.77	1.38	1.12	2.79	0.00	1.37	0.80	1.07	0.00	0.00	1.01	0.00	1.72	2.90	0.00	1.78	0.59	0.41	0.32
24.00	6.90	6.59	6.59	6.25	0.00	5.32	2.07	2.16	1.33	0.91	1.42	3.21	0.00	2.24	0.00	0.52	0.11	0.44	2.36	0.00	1.37	0.28	0.87	0.41
25.00	6.90	6.61	6.61	1.74	0.21	3.63	0.93	1.52	1.57	1.59	1.06	1.67	0.64	0.78	0.00	0.28	0.81	3.29	1.92	0.00	1.63	1.88	0.59	0.41
26.00	6.90	6.59	6.59	4.84	1.27	4.16	1.78	0.49	5.11	1.34	4.05	2.45	0.00	0.74	0.00	0.95	0.00	2.06	1.70	0.00	2.14	0.99	0.78	0.73
27.00	6.90	6.61	6.59	4.89	0.42	1.66	0.67	1.48	0.37	0.00	0.71	3.40	0.00	0.25	0.00	1.92	1.28	1.65	1.88	0.00	0.61	0.89	0.21	0.69
28.00	6.90	6.59	6.61	6.61	2.84	1.85	1.80	0.87	1.44	1.41	1.73	3.73	0.78	1.33	0.00	3.34	0.07	3.21	2.56	0.00	1.20	0.82	0.24	0.22
29.00	6.90	6.59	6.59	4.43	0.00	2.72	3.14	0.37	3.16	1.72	0.94	1.58	0.00	0.54	0.00	2.37	0.77	1.42	2.59	0.00	2.25	0.87	0.81	0.02
30.00	6.90	6.61	6.61	3.98	0.00	2.66	5.32	0.37	2.25	1.55	0.45	2.46	0.00	3.74	0.00	1.24	0.01	2.84	2.79	0.00	2.70	1.19	1.60	0.60
31.00	6.90	6.59	6.59	1.11	1.22	1.68	2.87	3.64	0.27	2.41	1.71	0.58	1.01	2.30	0.00	1.83	0.60	1.86	2.07	0.00	0.73	0.94	1.00	0.46
32.00	6.90	6.61	6.61	4.68	0.00	4.17	1.50	2.30	1.44	0.95	0.71	2.48	0.13	3.71	0.00	1.33	0.02	2.27	1.57	0.00	2.43	2.40	2.06	0.31
33.00	6.90	6.59	6.59	1.59	0.69	2.63	4.63	1.00	1.11	0.69	0.57	0.81	0.00	2.14	0.00	1.20	0.65	0.64	2.83	0.00	0.53	1.24	0.75	0.51
34.00	6.89	6.61	6.61	5.20	1.21	4.88	0.00	2.50	0.00	1.15	0.00	2.27	0.46	1.24	0.00	1.48	0.01	0.94	1.10	0.00	0.78	2.60	0.32	0.01
35.00	6.90	6.59	6.59	2.25	0.87	2.12	1.27	2.07	1.86	1.34	0.81	0.00	0.00	2.06	0.00	1.71	0.19	2.99	2.60	0.00	1.44	0.21	0.00	0.00
36.00	6.90	6.61	6.61	2.54	0.00	2.40	1.27	0.93	3.03	0.99	1.30	0.54	0.85	2.44	0.00	4.02	1.78	3.14	3.00	0.00	1.06	2.50	0.05	0.00
37.00	6.90	6.59	6.59	1.93	0.00	2.40	0.60	1.87	1.84	1.00	0.81	0.91	1.31	1.05	0.00	3.23	0.00	2.91	1.73	0.00	2.19	1.30	0.06	0.62
38.00	6.90	6.61	6.61	5.51	1.06	4.07	0.26	0.12	1.00	0.49	0.11	3.62	0.01	0.80	0.00	3.12	0.01	3.26	2.99	0.00	2.13	1.24	1.18	0.00
39.00	6.90	6.59	6.59	5.51	0.00	2.46	0.85	0.28	0.00	0.00	1.28	0.74	0.49	0.00	0.00	0.45	1.11	1.21	2.71	0.00	1.54	2.26	1.41	0.02
40.00	6.90	6.61	6.61	2.65	0.08	4.12	0.59	0.00	3.40	0.66	0.04	1.22	2.52	2.51	0.00	1.83	0.49	2.52	3.00	0.00	2.10	0.49	0.34	0.02
41.00	6.90	6.59	6.59	2.30	0.55	1.64	1.32	2.94	1.79	1.12	1.14	3.90	0.00	0.59	0.00	0.51	0.16	2.51	2.16	0.00	2.05	1.26	0.05	0.51
42.00	6.90	6.59	6.59	1.27	0.00	4.57	2.26	3.38	0.95	0.07	3.03	1.46	0.22	0.16	0.00	3.79	0.08	3.30	0.00	0.00	2.70	2.50	0.75	0.00
43.00	6.90	6.61	6.61	2.67	0.00	3.74	4.39	4.50	2.63	0.66	2.84	2.64	0.00	0.67	0.00	2.81	0.34	2.98	0.79	0.00	0.64	2.08	0.67	0.98
44.00	6.90	6.59	6.59	6.94	0.00	2.81	2.50	1.32	4.47	2.20	1.02	2.70	0.75	5.03	0.00	1.45	1.37	2.93	0.04	0.00	2.57	0.98	1.40	0.68
45.00	6.90	6.61	6.61	2.91	0.00	2.60	1.97	3.58	0.52	2.14	1.38	3.46	0.04	1.73	0.00	1.84	0.12	1.15	2.26	0.00	1.18	1.99	0.81	0.00
46.00	6.90	6.59	6.59	5.45	0.00	1.39	2.73	5.17	2.25	1.88	0.22	1.12	1.48	2.56	0.00	2.12	0.29	3.64	0.68	0.00	1.44	1.33	1.06	0.00
47.00	6.90	6.61	6.61	0.65	0.53	0.75	3.93	0.84	0.00	4.52	0.00	2.87	0.67	2.44	0.00	2.28	0.48	1.91	3.57	0.00	0.99	1.67	1.22	0.00
48.00	6.90	6.59	6.59	6.78	0.33	3.54	3.72	0.00	0.49	2.05	1.90	4.47	0.93	2.87	0.00	4.15	2.56	3.10	2.47	0.00	1.06	1.07	1.35	0.49
49.00	6.90	6.61	6.61	2.63	0.52	2.70	2.70	0.00	0.77	0.65	0.49	2.20	0.00	1.45	0.00	2.51	0.33	2.38	1.93	0.00	0.80	0.52	0.09	0.13
50.00	6.89	6.59	6.59	3.07	0.00	3.31	2.07	0.99	3.80	0.74	0.14	0.49	0.00	0.99	0.00	2.36	1.35	2.05	3.00	0.00	2.23	1.05	0.52	0.01
51.00	6.90	6.61	6.61	6.59	0.26	1.65	1.20	0.00	0.93	0.22	1.63	1.53	0.33	2.14	0.00	0.97	0.88	2.51	3.00	0.00	2.52	2.11	0.77	0.00
52.00	6.90	6.59	6.59	6.45	0.84	4.43	1.91	2.20	1.71	3.59	0.99	2.89	0.58	2.24	0.00	0.59	1.26	3.24	2.98	0.00	2.32	0.97	0.18	0.31
53.00	6.90	6.61	6.61	4.39	0.00	2.28	0.00	3.24	1.21	1.42	1.24	1.68	0.04	0.29	0.00	1.48	1.63	2.67	2.44	0.00	1.21	1.79	0.00	0.51
54.00	6.90	6.59	6.59	6.61	0.00	3.87	2.45	0.00	2.12	3.03	1.11	4.05	0.27	0.39	0.00	1.73	1.67	3.92	3.46	0.00	2.70	0.06	1.63	1.28
55.00	6.90	6.59	6.59	4.11	0.08	2.67	0.25	2.70	2.51	1.83	2.66	2.87	0.38	0.81	0.00	0.97	0.00	3.31	3.00	0.00	2.48	1.94	0.00	0.02
56.00	6.90	6.61	6.61	3.24	1.20	4.84	2.32	0.99	0.00	0.00	1.26	1.18	0.54	2.46	0.00	1.21	0.07	2.52	2.71	0.00	1.77	2.56	0.27	0.00
57.00	6.90	6.59	6.59	2.03	0.08	2.12	2.52	3.72	0.85	2.17	1.15	1.18	1.20	2.87	0.00	1.13	0.00	2.07	0.84	0.00	0.71	1.66	0.20	0.34
58.00	6.90	6.61	6.61	4.09	0.00	0.89	4.38	1.30	1.30	3.74	0.01	4.09	0.54	0.45	0.00	2.46	0.07	3.29	0.00	0.00	1.60	0.34	0.81	0.52
59.00	6.90	6.59	6.59	2.89	0.00	1.68	0.89	0.00	2.83	0.49	0.00	0.95	0.00	2.53	0.00	1.59	0.67	3.18	2.26	0.00	1.65	1.92	0.34	0.00
60.00	6.90	6.61	6.61	5.08	0.99	5.11	4.42	0.13	0.75	1.30	0.00	0.87	1.11	2.04	0.00	1.28	0.00	3.29	2.98	0.00	2.70	1.42	0.08	0.00
61.00	6.90	6.59	6.59	4.75	1.40	1.21	2.99	4.84	2.08	1.92	0.80	1.67	0.00	1.67	0.00	3.13	0.14	3.04	0.91	0.00	1.65	1.42	0.46	0.00
62.00	6.90	6.61	6.61	3.30	0.16	2.40	1.00	5.73	1.21	0.88	1.90	1.99	1.00	2.23	0.00	3.21	0.14	2.87	1.53	0.00	2.61	2.72	1.41	0.00
63.00	6.90	6.59	6.59	2.61	0.55	2.87	1.93	0.22	2.23	0.57	0.12	1.13	0.34	1.67	0.00	1.01	0.00	2.03	1.78	0.00	1.57	2.08	0.00	0.66
64.00	6.90	6.61	6.61	6.21	0.81	4.29	3.32	1.25	4.04	0.06	0.12	3.32	0.82	0.65	0.00	1.35	0.40	0.28	2.27	0.00	2.27	2.24	0.89	0.29
65.00	6.90	6.59	6.59	4.68	1.32	2.53	3.63	4.51	1.47	0.00	0.00	0.94	2.26	0.97	0.00	0.35	0.00	0.99	0.53	0.00	0.40	2.21	0.64	0.11
66.00	6.89	6.61	6.61	5.06	0.00	1.74	3.32	1.86	1.31	1.01	1.91	1.73	0.77	3.39	0.00	2.24	0.69	3.19	3.50	0.00	2.05	2.20	1.67	0.24
67.00	6.90	6.59	6.59	4.71	0.05	3.51	2.17	0.00	2.68	1.27	0.07	1.32	0.02	1.31	0.00	1.20	0.01	2.76	0.44	0.00	2.58	1.25	0.72	0.52
68.00	6.90	6.59	6.59	6.48	0.07	5.71	3.31	0.00	4.00	0.49	1.63	0.00	0.49	4.96	0.00	0.07	1.05	3.24	2.77	0.00	2.70	2.16	2.10	0.57
69.00	6.90	6.61	6.61	6.02	0.49	2.76	1.20	0.48	1.83	0.00	1.13	0.97	0.41	2.11	0.00	1.40	0.02	2.92	2.78	0.00	1.80	2.56	0.02	0.19
70.00	6.90	6.59	6.59	5.62	0.29	4.70	0.40	1.37	0.40	2.91	2.25	3.45	0.52	1.67	0.00	0.00	1.94	3.30	2.99	0.00	2.57	1.65	0.00	0.22
71.00	6.90	6.61	6.61	0.82	0.00	3.43	1.14	0.51	1.88	2.91	3.36	1.30	0.32	1.10	0.00	0.84	0.35	2.84	2.05	0.00	1.93	0.68	0.02	0.02
72.00	6.90	6.59	6.59	2.30	1.84	4.97	1.19	0.00	1.87	1.06	3.40	2.26	1.15	3.25	0.00	1.30	0.00	3.10	3.00	0.00	2.46	1.31	0.37	0.08
73.00	6.90	6.61	6.61	2.85	0.00	4.06	0.59	3.51	2.72	3.23	1.01	1.67	1.46	1.14	0.00	2.10	0.09	1.33	1.42	0.00	1.78	0.21	0.64	0.00
74.00	6.90	6.59	6.59	5.95	1.42	5.42	2.73	1.60	2.40	2.86	0.71	1.04	0.47	0.57	0.00	1.53	1.18	3.59	0.00	0.00	2.91	2.12	2.41	0.01
75.00	6.90	6.61	6.61	5.63	1.04	2.86	3.67	1.47	1.07	1.20	0.54	1.91	0.59	2.07	0.00	0.99	0.71	3.24	0.00	0.00	2.68	0.39	0.59	0.16
76.00	6.90	6.59	6.59	6.61	1.05	1.52	1.35	4.20	4.42	0.75	2.08	0.49	1.21	1.91	0.00	2.16	0.00	2.36	2.54	0.00	2.26	0.40	0.09	0.01
77.00	6.90	6.61	6.61	5.38	0.02	3.57	0.94	1.22	2.72	0.49	1.48	2.18	1.92	0.00	0.00	2.89	1.54	2.61	2.47	0.00	1.97	0.07	1.04	0.00
78.00	6.90	6.59	6.59	5.81	1.85	3.59	2.20	1.70	2.50	0.00	1.06	1.32	0.49	3.06	0.00	3.03	0.00	3.31	2.26	0.00	1.17	0.52	0.44	0.00
79.00	6.90	6.61	6.61	2.47	0.00	2.36	0.49	0.99	0.27	0.80	0.00	1.15	1.48	2.85	0.00	2.98	0.75	3.30	2.48	0.00	1.27	2.27	0.00	0.00
10.2.1.2	7.03	8.29
10.2.1.3	6.73	9.36
10.2.1.4	6.73	21.73
10.1.1.12	1.93	107953.65
10.1.1.13	0.56	157540.84
10.1.1.6	2.91	52502.82
10.1.1.7	1.99	62758.62
10.1.1.8	1.66	156927.04
10.1.1.10	1.30	131460.03
10.1.1.11	1.19	104143.94
10.1.1.23	0.71	96542.06
10.1.1.17	0.52	209743.95
10.1.1.5	0.48	315780.37
10.1.1.9	1.96	121544.64
10.1.1.4	4.06	37206.82
10.1.1.21	1.84	31702.83
10.1.1.22	1.33	70984.86
10.1.1.14	1.76	65473.43
10.1.1.15	0	0
10.1.1.16	1.83	49225.92
10.1.1.19	2.14	40586.50
10.1.1.20	0.03	1452801.00
10.1.1.18	2.44	42814.42
10.1.1.24	0.28	184004.49
