Waf: Entering directory `/home/synrg-sc1/Desktop/Jiaming/ns-3.29-mesh/build'
Waf: Leaving directory `/home/synrg-sc1/Desktop/Jiaming/ns-3.29-mesh/build'
Build commands will be stored in build/compile_commands.json
'build' finished successfully (4.851s)
CreateVariables () DONE !!!
Creating 20 APs 50.00 m apart.
CreateApNodes () DONE !!!
Creating 0 CLs 20.00 m away from each AP.
CreateClNodes () DONE !!!
CreateNodes () DONE !!!
CreateMeshDevices () DONE !!!
CreateWifiDevices () DONE !!!
CreateCsmaDevices () DONE !!!
CreateDevices () DONE !!!
InstallInternetStack () DONE !!!
Gateway is connect to AP 0
InstallApplications () DONE !!!
Starting simulation for 80.00 s ...
-------------------------------------------------
Time[s]	ap-0	ap-1	ap-2	ap-3	ap-4	ap-5	ap-6	ap-7	ap-8	ap-9	ap-10	ap-11	ap-12	ap-13	ap-14	ap-15	ap-16	ap-17	ap-18	ap-19
2.00	0.00	0.00	0.00	0.00	0.00	0.00	0.00	0.00	0.00	0.00	0.00	0.00	0.00	0.00	0.00	0.00	0.00	0.00	0.00	0.00
3.00	5.09	0.00	0.00	0.00	0.00	0.00	0.00	0.00	0.00	0.00	0.00	0.00	0.00	0.00	0.00	0.00	0.00	0.00	0.00	0.00
4.00	7.81	0.00	0.00	0.00	0.00	0.00	0.00	0.00	0.00	0.00	0.00	0.00	0.00	0.00	0.00	0.00	0.00	0.00	0.00	0.00
5.00	7.80	5.05	0.00	0.00	1.32	0.00	0.00	4.79	0.00	0.74	2.52	0.00	3.38	0.00	3.11	0.00	0.25	1.67	0.71	0.00
6.00	7.80	3.23	3.25	0.00	1.39	0.00	1.02	0.75	1.06	0.42	1.44	0.00	2.64	1.04	1.42	0.32	0.11	1.78	0.33	0.88
7.00	7.81	6.42	1.15	0.00	2.56	0.00	1.14	1.14	2.36	0.41	2.39	0.05	1.87	2.57	2.04	0.25	0.05	0.14	0.35	0.74
8.00	7.80	2.31	1.84	0.00	0.94	0.00	2.40	1.84	3.01	1.18	2.57	1.83	1.51	2.26	1.32	0.31	1.22	1.24	1.15	0.29
9.00	7.80	4.60	1.46	0.00	0.13	0.00	2.46	0.68	2.83	0.80	2.58	1.86	0.99	3.24	2.08	1.07	0.18	2.03	0.62	0.34
10.00	7.81	3.98	0.62	0.00	1.58	0.00	2.16	3.65	0.99	0.82	0.75	1.41	1.13	0.41	2.91	0.57	0.72	0.93	0.33	0.55
11.00	7.80	2.74	1.10	0.00	2.18	0.00	2.06	0.88	2.63	0.55	0.46	0.00	1.24	2.03	0.80	0.00	0.00	0.52	0.52	0.19
12.00	7.81	4.47	1.26	0.00	4.68	0.00	4.90	4.02	4.38	0.00	0.64	0.98	0.84	2.65	1.99	0.00	1.41	0.94	0.01	0.39
13.00	7.80	2.78	0.05	0.00	0.08	0.00	3.93	3.58	3.31	0.18	1.68	2.76	2.20	1.28	2.34	0.24	0.57	1.41	0.42	0.12
14.00	7.80	6.74	1.93	0.00	0.00	0.00	2.90	2.38	1.19	0.21	0.99	0.00	3.67	3.36	3.91	3.50	0.15	0.28	1.14	1.14
15.00	7.81	1.83	5.09	0.00	2.50	0.00	2.01	4.57	2.81	2.37	2.63	0.00	1.42	2.92	2.94	0.00	0.68	0.00	0.49	0.97
16.00	7.80	4.04	1.85	0.00	2.64	0.00	0.00	2.81	3.27	0.04	2.63	1.81	0.66	3.07	2.97	0.00	0.91	1.63	0.25	1.11
17.00	7.80	5.04	2.56	0.00	2.25	0.00	3.45	4.06	1.97	0.74	2.34	0.00	3.84	0.06	1.98	0.01	1.94	1.20	0.66	1.10
18.00	7.81	6.79	6.22	0.00	1.47	0.00	2.06	2.66	2.45	1.52	5.06	0.00	4.10	0.42	0.12	1.00	0.49	2.74	0.92	0.45
19.00	7.80	7.21	3.46	0.00	1.73	0.00	0.59	2.98	2.37	0.01	1.44	0.42	1.95	2.81	3.69	0.00	0.53	2.05	0.20	0.73
20.00	7.80	7.15	2.43	0.00	1.25	0.00	5.19	5.69	5.03	0.00	5.41	0.21	3.23	2.25	1.48	0.80	0.02	3.00	2.54	1.26
21.00	7.81	5.73	4.51	0.00	2.30	0.00	1.52	3.17	4.85	0.07	2.05	0.29	0.28	1.64	1.72	0.00	1.30	0.26	0.11	0.95
22.00	7.80	7.40	6.28	0.00	3.94	0.00	6.15	3.03	0.04	0.00	0.04	0.00	0.00	0.06	3.13	0.49	1.86	0.00	0.51	1.32
23.00	7.81	0.80	2.03	0.00	0.93	0.00	1.71	1.20	1.50	1.57	0.49	1.18	1.83	0.79	0.44	0.00	0.00	1.98	0.00	0.07
24.00	7.80	5.81	1.38	0.00	1.06	0.00	4.22	3.04	2.03	0.00	2.83	0.47	3.00	3.36	1.97	1.92	2.47	2.26	0.44	1.48
25.00	7.80	0.97	2.46	0.00	3.03	0.00	1.58	0.00	3.92	0.49	1.22	0.02	3.80	1.44	1.81	1.54	0.54	2.65	0.54	1.00
26.00	7.81	2.48	1.22	0.00	1.53	0.00	2.40	2.56	4.64	0.98	1.15	0.75	2.11	1.34	0.49	0.98	0.00	1.50	0.09	1.55
27.00	7.80	6.39	0.69	0.00	1.34	0.00	5.03	3.43	4.53	0.51	4.19	0.00	0.00	3.53	3.72	0.00	0.00	0.47	0.40	1.07
28.00	7.80	5.63	5.49	0.00	0.99	0.00	0.12	0.25	4.92	0.73	4.30	0.00	2.89	0.71	3.52	0.01	2.90	0.47	0.02	1.20
29.00	7.81	5.53	1.02	0.00	3.79	0.00	3.82	2.12	0.29	0.12	3.37	2.46	1.63	1.27	0.18	0.00	1.28	2.24	0.81	0.77
30.00	7.80	1.72	3.01	0.00	2.71	0.00	3.45	5.48	4.16	0.35	0.00	0.74	3.26	2.93	3.21	0.00	2.48	2.44	2.00	0.93
31.00	7.80	5.28	4.32	0.00	2.26	0.00	2.80	1.72	0.49	0.00	4.96	0.00	2.61	0.25	0.49	0.00	1.08	2.00	0.11	0.84
32.00	7.81	3.46	2.27	0.00	1.79	0.00	3.44	2.60	4.25	0.49	3.67	0.32	2.30	0.74	1.99	0.51	0.19	1.34	1.99	0.55
33.00	7.80	5.97	3.03	0.00	0.00	0.00	1.85	0.53	0.74	0.00	0.87	1.81	4.18	1.18	3.04	0.49	0.53	2.18	0.27	1.12
34.00	7.81	3.40	2.92	0.00	3.31	0.00	0.67	1.14	1.54	1.17	3.72	0.00	3.53	0.64	1.98	0.16	0.86	2.99	0.40	1.19
35.00	7.80	6.35	2.00	0.00	1.74	0.00	1.34	2.07	2.13	0.00	0.75	1.48	3.09	0.69	2.10	0.37	0.00	3.00	0.00	1.13
36.00	7.80	5.90	0.00	0.00	0.81	0.00	1.14	1.31	1.37	0.49	4.62	1.50	1.00	1.90	3.60	0.00	0.74	0.93	0.47	0.87
37.00	7.81	3.90	3.46	0.00	4.07	0.00	3.96	1.68	2.68	1.41	0.00	1.73	4.20	0.48	1.50	0.00	0.24	0.81	0.81	1.24
38.00	7.80	5.25	4.49	0.00	0.27	0.00	3.14	5.23	2.04	0.61	3.01	1.65	2.01	3.18	1.54	0.00	1.80	1.79	0.61	1.20
39.00	7.80	0.45	4.03	0.00	0.46	0.00	0.00	3.04	0.82	0.00	5.11	0.00	0.00	0.02	4.20	0.99	1.22	0.00	2.28	1.20
40.00	7.81	4.25	3.49	0.00	3.09	0.00	0.91	2.84	3.65	0.53	2.36	0.79	2.41	0.00	3.36	0.00	0.07	1.92	0.72	0.58
41.00	7.80	2.46	1.77	0.00	1.60	0.00	0.64	4.02	0.99	0.81	1.27	1.72	0.89	2.26	0.91	0.05	0.08	1.24	0.82	0.00
42.00	7.80	7.30	2.26	0.00	2.84	0.00	2.66	3.13	2.74	0.75	5.28	2.83	1.86	2.79	1.18	1.47	0.60	2.99	0.26	0.72
43.00	7.81	6.01	0.99	0.00	0.75	0.00	1.22	2.45	3.72	0.27	1.92	2.14	1.38	0.57	3.05	1.66	2.17	3.00	1.25	0.98
44.00	7.80	6.21	1.11	0.00	1.85	0.00	2.47	1.13	2.47	1.30	1.25	2.76	1.70	0.49	3.29	1.08	1.21	2.97	1.17	0.54
45.00	7.81	3.30	0.00	0.00	0.09	0.00	1.39	0.00	3.36	2.57	2.76	0.05	3.84	0.11	0.74	1.20	0.00	3.01	0.20	0.81
46.00	7.80	5.68	2.38	0.00	3.51	0.00	0.13	3.11	1.86	0.37	0.49	0.00	1.93	2.06	2.04	2.21	0.31	2.83	0.34	1.15
47.00	7.80	5.46	4.42	0.00	2.72	0.00	0.91	2.37	3.47	0.00	1.19	0.68	1.07	1.71	1.90	0.19	0.97	2.24	1.52	0.46
48.00	7.81	6.23	4.45	0.00	2.64	0.00	2.59	3.10	0.98	2.37	2.44	1.07	4.00	0.61	1.13	1.99	1.51	2.36	0.85	0.05
49.00	7.80	6.44	2.76	0.00	0.59	0.00	5.06	3.70	2.68	1.80	0.40	0.00	0.45	2.97	2.91	0.51	2.05	0.72	0.45	0.04
50.00	7.80	7.21	0.49	0.00	1.72	0.00	5.28	5.70	5.10	0.00	0.00	0.00	0.14	4.24	2.06	0.99	2.99	2.39	0.51	0.77
51.00	7.81	1.42	0.59	0.00	1.13	0.00	3.30	2.89	4.36	0.11	0.54	0.47	1.66	1.93	1.28	1.05	0.25	1.48	0.81	0.18
52.00	7.80	5.26	0.34	0.00	0.05	0.00	5.22	4.45	2.99	0.86	2.76	0.99	4.16	1.61	1.54	0.00	0.64	2.17	2.14	1.15
53.00	7.80	3.20	0.01	0.00	1.25	0.00	3.70	0.88	5.13	1.46	0.93	0.01	4.00	3.33	0.37	0.51	0.35	2.72	0.99	1.07
54.00	7.81	4.91	0.00	0.00	0.00	0.00	2.45	0.00	4.97	0.24	3.29	0.82	4.07	0.71	0.00	2.96	0.01	1.01	2.10	0.47
55.00	7.80	1.17	0.00	0.00	2.14	0.00	0.93	2.81	4.00	0.00	3.00	0.00	3.09	1.10	2.86	0.71	0.16	2.91	1.72	1.10
56.00	7.81	5.33	3.20	0.00	1.74	0.00	0.00	2.46	1.38	0.72	5.57	1.07	0.26	0.00	3.90	0.84	0.75	2.36	0.42	0.49
57.00	7.80	6.67	4.09	0.00	3.03	0.00	1.55	2.61	1.66	0.99	3.52	1.14	1.71	0.00	0.95	0.33	1.28	0.44	0.18	0.60
58.00	7.80	7.18	0.00	0.00	5.99	0.00	0.46	3.64	2.13	0.57	0.75	0.37	4.20	1.04	3.07	0.44	2.63	0.66	1.08	0.99
59.00	7.81	4.57	2.58	0.00	1.63	0.00	1.34	3.21	3.14	0.00	0.34	1.57	1.95	0.31	0.26	0.80	0.02	1.66	0.97	0.00
60.00	7.80	5.62	4.29	0.00	3.72	0.00	1.48	4.85	4.35	1.71	2.17	1.33	1.27	0.49	2.84	0.06	0.15	1.20	0.04	0.06
61.00	7.80	3.34	3.34	0.00	0.00	0.00	3.18	3.36	3.29	0.81	0.00	0.35	4.75	1.19	3.62	0.86	0.00	0.78	0.69	0.98
62.00	7.81	4.45	4.53	0.00	1.65	0.00	3.52	3.09	3.82	0.52	0.60	0.29	2.78	1.46	2.03	0.28	0.49	0.49	1.08	0.87
63.00	7.80	5.85	4.26	0.00	4.32	0.00	1.77	3.10	5.11	0.01	1.19	0.01	2.23	0.00	1.93	0.49	1.00	3.00	0.00	1.05
64.00	7.80	7.74	4.83	0.00	1.28	0.00	2.53	2.48	3.56	1.58	0.00	1.10	2.44	3.45	3.80	0.00	0.75	3.00	0.31	0.54
65.00	7.81	6.18	1.75	0.00	2.04	0.00	1.84	2.87	2.96	1.20	3.11	0.00	0.59	2.53	3.51	0.32	0.84	1.22	0.47	0.74
66.00	7.80	4.52	0.71	0.00	1.38	0.00	2.47	2.18	3.05	1.70	2.45	0.07	3.16	3.84	3.26	0.00	0.77	1.26	1.79	1.20
67.00	7.81	2.51	0.86	0.00	0.78	0.00	1.80	3.66	4.92	0.54	1.39	0.81	0.99	2.74	3.64	0.00	0.07	2.03	1.38	0.93
68.00	7.80	6.57	3.54	0.00	0.04	0.00	6.62	1.80	4.36	1.98	1.78	1.26	1.18	2.60	3.69	0.00	0.84	2.54	0.72	1.13
69.00	7.80	6.87	0.00	0.00	1.14	0.00	1.51	2.77	1.39	1.17	0.55	0.13	1.87	0.99	1.86	0.00	1.26	2.14	0.60	0.61
70.00	7.81	7.20	4.95	0.00	2.76	0.00	2.40	2.97	4.47	2.00	0.18	0.00	3.74	3.18	0.12	0.00	0.78	0.32	1.38	0.49
71.00	7.80	5.98	5.78	0.00	2.61	0.00	3.79	1.94	3.04	1.40	2.57	1.17	1.08	2.48	1.87	0.45	0.44	0.58	1.25	0.21
72.00	7.80	7.50	3.42	0.00	0.81	0.00	3.20	3.98	3.85	0.00	0.00	0.00	1.48	3.52	3.90	0.00	0.81	2.93	1.06	1.53
73.00	7.81	5.31	0.68	0.00	0.98	0.00	2.44	2.31	5.12	0.49	3.59	0.48	1.61	2.21	3.90	0.00	0.00	2.04	0.72	1.48
74.00	7.80	7.20	1.57	0.00	0.67	0.00	1.44	2.96	4.65	0.48	5.10	0.00	3.96	0.49	3.91	0.89	0.02	2.73	0.09	0.78
75.00	7.80	5.22	0.39	0.00	0.37	0.00	0.74	2.23	2.25	0.79	3.26	1.47	3.54	1.22	1.66	0.32	0.49	1.14	0.44	0.41
76.00	7.81	7.02	0.99	0.00	2.36	0.00	2.12	2.45	1.80	1.48	1.39	2.06	4.20	2.89	0.13	1.66	0.94	1.58	1.31	0.00
77.00	7.80	1.14	1.13	0.00	2.45	0.00	2.05	1.84	4.10	1.07	3.76	0.49	0.62	2.53	0.00	2.21	0.49	1.90	0.47	1.27
78.00	7.81	6.57	1.30	0.00	0.21	0.00	2.17	3.58	3.86	0.48	2.90	0.00	4.73	1.94	0.78	0.08	1.86	1.48	1.91	0.41
79.00	7.80	5.23	0.58	0.00	0.00	0.00	1.90	2.27	0.38	0.08	0.00	1.02	0.42	1.53	1.14	0.09	0.41	2.03	0.07	0.00
10.2.1.2	7.95	8.62
10.1.1.5	1.80	158055.07
10.1.1.6	0	0
10.1.1.3	2.38	85659.30
10.1.1.4	0	0
10.1.1.13	2.31	27319.90
10.1.1.19	0.79	114703.60
10.1.1.2	5.03	27159.72
10.1.1.12	0.79	165158.62
10.1.1.9	3.04	63151.65
10.1.1.10	0.74	153282.87
10.1.1.11	2.16	140906.13
10.1.1.7	2.45	93321.06
10.1.1.8	2.72	63609.58
10.1.1.17	0.81	125830.28
10.1.1.18	1.72	37245.10
10.1.1.14	1.74	117698.97
10.1.1.15	2.19	75799.60
10.1.1.16	0.59	285305.13
10.1.1.20	0.79	137577.73
