Waf: Entering directory `/home/synrg-sc1/Desktop/Jiaming/ns-3.29-mesh/build'
Waf: Leaving directory `/home/synrg-sc1/Desktop/Jiaming/ns-3.29-mesh/build'
Build commands will be stored in build/compile_commands.json
'build' finished successfully (4.813s)
CreateVariables () DONE !!!
Creating 11 APs 50.00 m apart.
CreateApNodes () DONE !!!
Creating 0 CLs 20.00 m away from each AP.
CreateClNodes () DONE !!!
CreateNodes () DONE !!!
CreateMeshDevices () DONE !!!
CreateWifiDevices () DONE !!!
CreateCsmaDevices () DONE !!!
CreateDevices () DONE !!!
InstallInternetStack () DONE !!!
Gateway is connect to AP 0
InstallApplications () DONE !!!
Starting simulation for 80.00 s ...
-------------------------------------------------
Time[s]	ap-0	ap-1	ap-2	ap-3	ap-4	ap-5	ap-6	ap-7	ap-8	ap-9	ap-10
2.00	0.00	0.00	0.00	0.00	0.00	0.00	0.00	0.00	0.00	0.00	0.00
3.00	7.88	7.62	0.00	0.00	0.00	0.00	0.00	0.00	0.00	0.00	0.00
4.00	8.40	8.10	0.00	0.00	0.00	0.00	0.00	0.00	0.00	0.00	0.00
5.00	8.41	8.10	0.09	0.04	5.99	4.39	4.18	4.20	3.52	0.09	0.00
6.00	8.40	8.10	3.56	0.00	1.92	4.31	3.31	2.31	1.25	0.69	1.04
7.00	8.40	8.10	4.96	0.00	0.00	3.65	1.20	3.00	0.42	0.49	0.00
8.00	8.41	8.09	1.61	0.09	0.75	2.98	0.22	1.20	3.16	2.30	1.15
9.00	8.40	8.10	4.69	0.00	0.00	3.24	0.06	1.97	2.64	1.45	3.43
10.00	8.40	8.10	6.21	0.18	0.21	4.22	0.08	1.47	2.41	2.33	0.04
11.00	8.41	8.10	7.80	0.07	3.03	2.05	2.60	1.85	0.54	5.05	0.49
12.00	8.40	8.10	7.80	3.09	0.27	5.04	2.98	4.68	0.77	3.49	1.07
13.00	8.40	8.10	1.00	1.24	0.68	2.00	0.35	1.78	1.10	0.65	0.00
14.00	8.41	8.09	3.11	0.18	0.02	5.12	0.68	4.11	0.04	1.27	1.07
15.00	8.40	8.10	4.24	1.40	1.68	2.56	0.00	1.92	0.92	0.00	0.00
16.00	8.40	8.10	3.59	0.00	1.59	2.81	0.93	2.90	0.81	0.04	0.00
17.00	8.41	8.10	5.17	0.00	1.54	2.50	2.46	4.52	0.00	0.97	0.00
18.00	8.40	8.10	6.47	0.00	0.48	3.76	2.37	2.34	2.21	1.46	0.00
19.00	8.40	8.10	5.49	0.32	1.26	4.80	1.79	0.67	2.24	1.98	0.02
20.00	8.40	8.09	3.11	0.00	1.31	1.41	0.62	0.42	0.29	2.44	0.00
21.00	8.41	8.10	2.70	0.00	1.53	3.71	0.00	1.60	2.12	1.84	1.20
22.00	8.40	8.10	1.94	2.00	1.33	1.85	0.00	3.59	2.10	2.04	0.00
23.00	8.40	8.10	4.13	0.06	0.52	2.20	1.13	2.85	0.01	1.93	1.64
24.00	8.41	8.10	6.90	0.00	0.00	4.84	1.21	3.79	1.94	1.47	1.52
25.00	8.40	8.10	3.49	0.00	1.48	0.92	2.99	2.39	0.41	0.00	0.00
26.00	8.40	8.09	3.85	0.00	1.21	3.96	0.58	0.49	0.80	2.76	2.33
27.00	8.41	8.10	0.80	0.05	2.11	4.12	2.08	2.10	0.00	0.00	0.41
28.00	8.40	8.10	3.79	0.00	0.21	1.84	0.86	2.45	0.66	0.77	1.45
29.00	8.40	8.10	5.16	0.00	0.00	2.57	0.18	1.00	0.02	0.49	0.00
30.00	8.41	8.10	1.83	0.00	1.35	1.94	0.00	2.33	1.24	1.15	0.88
31.00	8.40	8.10	4.50	0.00	0.60	5.92	0.74	4.73	1.91	0.75	2.39
32.00	8.40	8.10	4.83	1.00	0.99	2.64	0.00	3.12	0.01	0.00	0.00
33.00	8.41	8.09	3.10	0.00	3.14	1.18	1.42	5.63	4.39	4.29	0.80
34.00	8.40	8.10	3.89	0.00	2.57	2.05	2.39	1.80	1.41	0.47	1.18
35.00	8.40	8.10	3.36	0.00	1.46	1.15	1.51	3.47	0.00	1.05	0.71
36.00	8.41	8.10	0.58	0.00	0.00	2.87	0.01	3.51	0.42	2.89	0.00
37.00	8.40	8.10	4.11	0.00	0.00	1.11	0.11	1.79	0.44	0.48	1.22
38.00	8.40	8.10	7.80	0.06	0.00	3.37	3.87	0.00	1.46	1.99	1.50
39.00	8.40	8.09	6.02	0.00	3.29	1.87	3.38	4.70	0.00	0.75	0.88
40.00	8.41	8.10	6.31	0.00	0.94	3.43	2.39	3.54	0.26	0.49	0.12
41.00	8.40	8.10	7.07	0.00	0.73	4.05	1.67	2.07	1.61	1.78	0.98
42.00	8.40	8.10	7.80	0.00	0.51	4.46	0.73	5.15	2.40	0.73	1.66
43.00	8.41	8.10	7.54	0.49	0.64	4.16	1.20	4.90	0.95	0.07	0.06
44.00	8.40	8.10	4.66	0.00	1.39	4.99	0.00	2.43	0.00	0.64	1.44
45.00	8.40	8.09	3.85	0.00	0.02	6.36	1.37	3.44	0.00	0.00	1.31
46.00	8.41	8.10	5.17	0.00	2.90	4.15	0.99	2.46	0.00	0.26	1.40
47.00	8.40	8.10	2.26	0.00	0.65	1.38	0.74	2.19	0.00	1.10	0.73
48.00	8.40	8.10	3.19	1.93	0.00	5.08	0.01	5.43	0.21	0.37	0.26
49.00	8.41	8.10	0.88	0.40	1.58	3.36	0.12	2.86	0.02	0.28	1.06
50.00	8.40	8.10	4.51	0.00	1.57	0.00	0.19	4.52	0.00	0.85	2.77
51.00	8.40	8.09	7.07	0.00	0.57	0.00	2.59	4.76	1.46	1.90	1.51
52.00	8.41	8.10	5.36	0.00	0.00	1.22	0.38	3.42	2.10	0.18	1.19
53.00	8.40	8.10	3.71	0.49	0.67	1.24	1.17	0.80	0.05	0.54	0.60
54.00	8.40	8.10	4.17	0.00	1.34	2.51	0.00	2.98	0.49	2.06	1.80
55.00	8.41	8.10	5.61	0.20	0.13	0.00	1.97	2.67	0.00	0.99	0.00
56.00	8.40	8.10	0.00	0.12	0.05	0.00	3.25	0.00	0.00	0.08	2.08
57.00	8.40	8.10	5.97	0.91	0.58	0.00	2.23	1.10	1.55	0.92	2.90
58.00	8.40	8.09	3.79	0.38	0.67	2.98	0.06	4.05	1.15	3.37	2.93
59.00	8.41	8.10	3.38	0.00	0.71	1.17	0.82	1.61	0.07	0.92	0.18
60.00	8.40	8.10	3.79	0.37	0.20	1.27	0.00	3.54	2.37	1.33	0.00
61.00	8.40	8.10	1.10	0.45	1.60	1.17	0.28	0.00	0.61	0.67	0.00
62.00	8.41	8.10	0.99	0.59	0.80	1.39	0.00	2.93	1.13	1.99	1.87
63.00	8.40	8.10	5.82	0.38	0.00	4.63	2.23	4.09	0.18	1.67	1.87
64.00	8.40	8.09	6.12	1.18	0.72	4.19	2.17	3.40	0.79	1.84	1.67
65.00	8.41	8.10	6.11	0.00	1.24	4.39	0.00	3.85	1.77	3.17	1.91
66.00	8.40	8.10	1.84	0.00	0.24	0.55	0.13	1.06	0.29	0.25	0.00
67.00	8.40	8.10	3.43	0.00	0.20	1.34	0.15	2.24	0.94	0.69	0.41
68.00	8.41	8.10	1.10	0.00	0.00	0.37	0.00	0.00	0.28	0.05	0.00
69.00	8.40	8.10	7.52	0.80	1.06	1.37	0.19	0.54	0.00	0.21	0.48
70.00	8.40	8.09	0.92	2.00	4.95	2.81	0.00	4.75	0.19	0.61	0.22
71.00	8.41	8.10	3.25	0.01	0.07	3.00	0.06	3.54	1.58	0.00	0.00
72.00	8.40	8.10	7.80	0.28	0.00	5.69	0.00	5.28	1.18	0.05	0.00
73.00	8.40	8.10	5.55	0.15	0.19	3.65	0.99	1.47	0.81	1.05	0.00
74.00	8.41	8.10	1.27	0.71	1.22	2.54	1.07	1.28	1.22	1.87	0.00
75.00	8.40	8.10	2.27	5.04	4.31	0.26	0.00	2.87	1.53	0.00	0.00
76.00	8.40	8.09	7.80	2.79	2.78	0.00	0.00	5.31	1.06	4.25	0.00
77.00	8.40	8.10	0.81	0.58	0.60	0.13	0.00	1.78	0.31	1.11	0.00
78.00	8.41	8.10	7.27	1.59	0.00	0.00	0.00	0.93	0.05	1.51	0.00
79.00	8.40	8.10	7.68	1.84	1.07	2.84	0.02	5.23	1.35	5.04	0.00
10.2.1.3	8.25	8.46
10.2.1.2	8.56	8.20
10.1.1.3	4.34	64011.33
10.1.1.6	2.73	55699.57
10.1.1.7	1.03	122510.90
10.1.1.5	1.08	156771.69
10.1.1.4	0.45	224514.59
10.1.1.10	1.33	134881.83
10.1.1.8	2.82	60482.92
10.1.1.9	0.98	195532.84
10.1.1.11	0.95	161414.79
