Waf: Entering directory `/home/synrg-sc1/Desktop/Jiaming/ns-3.29-mesh/build'
Waf: Leaving directory `/home/synrg-sc1/Desktop/Jiaming/ns-3.29-mesh/build'
Build commands will be stored in build/compile_commands.json
'build' finished successfully (4.864s)
CreateVariables () DONE !!!
Creating 22 APs 50.00 m apart.
CreateApNodes () DONE !!!
Creating 0 CLs 20.00 m away from each AP.
CreateClNodes () DONE !!!
CreateNodes () DONE !!!
CreateMeshDevices () DONE !!!
CreateWifiDevices () DONE !!!
CreateCsmaDevices () DONE !!!
CreateDevices () DONE !!!
InstallInternetStack () DONE !!!
Gateway is connect to AP 0
InstallApplications () DONE !!!
Starting simulation for 80.00 s ...
-------------------------------------------------
Time[s]	ap-0	ap-1	ap-2	ap-3	ap-4	ap-5	ap-6	ap-7	ap-8	ap-9	ap-10	ap-11	ap-12	ap-13	ap-14	ap-15	ap-16	ap-17	ap-18	ap-19	ap-20	ap-21
2.00	0.00	0.00	0.00	0.00	0.00	0.00	0.00	0.00	0.00	0.00	0.00	0.00	0.00	0.00	0.00	0.00	0.00	0.00	0.00	0.00	0.00	0.00
3.00	4.26	4.11	3.57	0.00	0.00	0.00	0.00	0.00	0.00	0.00	0.00	0.00	0.00	0.00	0.00	0.00	0.00	0.00	0.00	0.00	0.00	0.00
4.00	7.50	7.21	6.30	0.00	0.00	0.00	0.00	0.00	0.00	0.00	0.00	0.00	0.00	0.00	0.00	0.00	0.00	0.00	0.00	0.00	0.00	0.00
5.00	7.50	7.20	6.30	0.00	1.28	0.62	0.00	1.41	2.33	2.18	0.02	0.20	1.15	2.37	1.72	1.37	0.16	0.00	0.09	0.00	0.09	0.79
6.00	7.50	7.21	6.30	0.04	1.83	1.21	0.00	2.64	2.85	1.88	1.14	0.00	3.42	1.99	2.81	0.19	0.41	0.16	1.25	0.00	0.44	0.80
7.00	7.50	7.20	6.30	0.00	0.00	0.81	0.00	2.23	2.28	4.22	0.00	0.00	3.82	0.84	2.96	0.45	0.92	0.69	0.02	0.04	1.04	1.55
8.00	7.50	7.20	6.30	1.20	1.94	0.00	0.66	0.89	4.11	3.16	0.06	0.04	2.25	1.91	3.44	1.12	0.58	0.00	0.45	0.18	1.66	1.71
9.00	7.50	7.21	6.30	2.48	0.05	0.08	0.01	0.74	2.85	1.93	0.95	0.13	3.29	1.12	2.86	0.91	0.61	0.12	0.27	0.00	0.35	1.80
10.00	7.49	7.20	6.30	3.56	2.59	0.00	0.73	1.95	3.01	2.43	0.32	0.37	2.84	1.38	4.18	0.87	0.75	0.35	1.37	0.24	0.39	1.22
11.00	7.50	7.21	6.30	4.22	2.34	0.18	0.00	0.00	2.65	3.78	0.92	1.39	2.43	0.94	2.76	0.44	0.60	0.31	0.97	0.82	0.94	0.72
12.00	7.50	7.20	6.30	2.97	2.98	0.15	0.00	0.12	2.71	0.66	0.79	0.65	2.47	1.55	3.65	0.25	0.47	0.73	2.46	1.01	1.28	1.44
13.00	7.50	7.20	6.30	2.84	2.20	0.32	0.66	0.29	3.07	3.32	0.91	0.00	1.81	2.70	3.87	1.21	0.51	0.06	0.86	0.32	0.68	1.38
14.00	7.50	7.21	6.30	3.20	1.33	0.00	1.25	1.10	4.55	2.45	0.66	0.07	2.53	0.26	3.30	0.00	2.63	0.00	1.57	0.05	1.30	0.20
15.00	7.50	7.20	6.30	2.10	2.08	0.00	0.00	1.18	3.39	2.25	0.71	0.55	3.56	0.49	3.30	0.44	1.74	3.05	2.18	0.18	1.19	0.24
16.00	7.50	7.21	6.30	6.39	2.61	2.14	0.29	1.17	3.77	3.33	0.15	0.53	2.78	2.51	1.88	0.26	0.71	1.40	0.74	0.49	2.40	1.78
17.00	7.50	7.20	6.30	3.90	1.24	0.46	0.00	2.05	4.50	1.19	1.37	1.01	2.63	3.17	2.68	1.46	0.94	0.99	0.06	0.01	2.11	0.78
18.00	7.50	7.21	6.30	5.56	1.64	1.01	0.57	2.17	4.78	4.42	1.22	1.20	1.85	3.58	4.18	0.38	1.74	0.00	1.19	0.45	1.41	0.51
19.00	7.49	7.20	6.30	1.55	1.87	0.33	0.80	0.51	3.49	1.97	1.39	0.61	1.32	0.97	1.22	0.78	0.00	0.00	1.14	0.01	0.54	1.48
20.00	7.50	7.20	6.30	4.72	2.79	2.89	0.33	2.84	4.36	1.97	1.99	2.81	4.43	1.71	4.19	0.71	0.98	0.00	0.05	0.86	0.95	1.59
21.00	7.50	7.21	6.30	3.66	3.92	1.15	1.15	1.15	3.79	1.85	2.71	0.77	3.44	1.66	3.47	0.91	1.83	0.00	1.99	1.35	0.75	1.30
22.00	7.50	7.20	6.30	0.09	4.83	0.01	0.00	0.00	5.10	4.26	0.99	0.72	2.21	3.89	2.76	1.28	0.07	1.10	1.68	0.00	1.26	1.97
23.00	7.50	7.21	6.30	4.82	3.31	0.99	0.00	0.82	1.67	1.59	0.19	3.19	1.85	1.38	1.02	0.26	1.18	1.66	2.67	0.49	0.18	1.75
24.00	7.50	7.20	6.30	1.50	3.87	1.33	0.57	0.42	5.10	3.71	0.00	0.66	2.72	0.99	4.47	0.00	1.73	0.00	2.65	1.39	2.32	2.10
25.00	7.50	7.20	6.30	4.32	2.50	0.57	1.19	1.40	2.71	2.63	0.00	0.40	3.37	0.46	3.93	0.55	1.94	0.85	0.29	0.71	0.79	0.51
26.00	7.50	7.21	6.30	5.49	5.89	0.66	0.04	0.00	2.91	5.00	0.92	1.35	3.70	0.02	3.25	0.92	1.80	0.49	1.02	0.00	2.12	1.72
27.00	7.50	7.20	6.30	3.67	1.61	0.22	0.00	0.26	5.13	2.21	0.53	0.67	4.35	2.63	3.58	0.00	1.17	0.00	0.65	0.09	0.40	0.00
28.00	7.49	7.21	6.30	4.72	3.03	2.38	0.05	1.39	4.88	1.93	1.27	0.00	4.26	0.66	4.05	0.00	1.32	0.92	0.58	0.46	1.47	1.87
29.00	7.50	7.20	6.30	1.60	2.20	1.20	0.00	0.88	3.93	2.50	0.00	0.69	1.53	2.81	3.19	1.95	1.45	0.00	0.64	0.00	0.88	1.45
30.00	7.50	7.20	6.30	4.09	4.32	1.28	0.12	0.49	4.05	3.91	0.35	0.87	3.63	4.32	3.74	0.00	0.97	0.00	1.51	0.01	1.33	1.66
31.00	7.50	7.21	6.30	1.83	3.50	0.81	0.00	0.57	1.53	2.40	1.37	1.21	3.96	1.04	1.84	0.00	0.38	0.00	0.82	0.57	0.98	0.54
32.00	7.50	7.20	6.30	2.72	1.93	0.48	0.54	0.01	3.49	2.46	0.00	0.00	2.51	1.18	4.11	0.00	0.61	0.49	3.04	0.87	1.12	0.46
33.00	7.50	7.21	6.30	2.12	1.25	0.41	0.00	0.79	3.97	1.46	1.06	0.01	2.11	1.25	2.84	0.86	2.04	0.00	0.71	0.49	1.78	0.71
34.00	7.50	7.20	6.30	1.99	3.03	3.91	0.09	1.42	3.42	2.57	0.00	1.32	2.41	2.61	3.71	0.61	1.54	0.11	1.24	0.41	0.47	1.00
35.00	7.50	7.21	6.30	2.85	3.34	1.30	0.41	1.24	4.75	3.58	1.45	0.09	4.72	4.03	3.30	0.41	1.44	0.00	1.22	0.00	0.62	1.65
36.00	7.50	7.20	6.30	1.35	5.12	0.01	1.01	0.82	4.15	5.10	0.49	0.00	2.16	3.09	4.18	2.80	1.52	0.00	2.34	0.00	0.60	1.99
37.00	7.49	7.20	6.30	2.03	1.58	1.11	0.49	1.26	1.02	3.33	0.00	0.00	2.50	1.85	3.19	0.00	2.17	0.00	1.15	0.81	0.88	1.00
38.00	7.50	7.21	6.30	1.10	0.00	1.19	0.25	0.08	4.16	5.10	1.45	2.10	4.78	4.39	4.16	0.14	0.25	0.00	1.31	2.18	2.72	1.63
39.00	7.50	7.20	6.30	2.36	0.72	0.21	0.00	0.00	3.50	4.63	1.44	0.07	3.65	2.86	3.72	1.38	1.22	0.00	0.48	0.41	0.82	1.65
40.00	7.50	7.21	6.30	5.16	1.84	0.88	0.37	0.65	4.32	4.73	1.15	0.48	1.72	3.89	4.20	0.34	3.90	0.00	1.32	0.28	1.20	1.39
41.00	7.50	7.20	6.30	0.22	1.40	0.00	0.00	0.54	1.75	0.84	0.00	0.08	4.07	0.93	3.84	0.89	0.74	0.00	1.40	0.00	0.60	1.47
42.00	7.50	7.20	6.30	3.25	3.26	0.11	0.48	1.37	4.06	0.93	1.07	0.20	3.52	1.80	2.32	1.24	1.88	0.00	0.48	0.33	0.44	1.97
43.00	7.50	7.21	6.30	2.04	4.37	0.26	0.33	0.19	3.49	1.22	0.00	0.01	4.79	1.58	3.46	0.01	2.03	0.37	0.20	0.00	0.05	0.60
44.00	7.50	7.20	6.30	4.26	4.95	0.00	0.32	1.25	5.04	2.14	0.26	0.05	4.71	4.10	4.19	0.11	0.12	1.66	0.71	0.29	1.38	2.41
45.00	7.50	7.21	6.30	2.03	3.85	0.12	0.00	0.00	4.77	3.36	1.01	0.65	3.60	2.83	4.20	1.13	0.64	0.00	1.54	0.07	1.06	1.67
46.00	7.49	7.20	6.30	0.93	2.97	0.00	0.00	3.01	4.93	3.77	1.08	2.21	4.43	2.19	3.20	2.67	0.18	0.00	0.16	1.22	0.22	1.54
47.00	7.50	7.21	6.30	4.45	2.03	0.49	0.18	0.45	2.12	2.18	1.24	0.32	2.23	2.90	4.16	0.47	0.77	0.12	0.31	1.27	1.99	0.40
48.00	7.50	7.20	6.30	2.61	1.12	1.13	1.28	4.02	5.10	4.92	1.18	0.08	0.00	1.84	4.16	0.15	3.17	0.00	0.84	0.00	0.61	1.00
49.00	7.50	7.20	6.30	2.14	1.48	0.00	0.00	2.06	5.10	3.09	0.92	0.34	2.23	2.01	3.80	0.00	0.51	0.00	1.81	0.00	1.13	2.08
50.00	7.50	7.21	6.30	5.37	2.10	0.58	0.00	0.40	5.10	4.46	0.92	1.41	4.24	4.04	3.93	0.11	2.61	0.00	1.74	0.40	2.16	2.08
51.00	7.50	7.20	6.30	3.58	1.26	0.11	0.34	0.00	3.47	3.57	0.15	0.58	1.77	1.87	0.99	0.72	0.54	0.00	0.42	0.58	0.98	1.20
52.00	7.50	7.21	6.30	2.03	5.78	0.00	0.24	0.57	4.65	3.64	2.30	0.87	2.71	2.32	2.85	2.78	0.99	0.00	0.97	0.16	1.18	1.15
53.00	7.50	7.20	6.30	3.04	1.02	0.00	0.21	1.91	4.39	3.94	1.06	0.00	3.03	1.50	3.60	0.00	0.00	0.00	1.68	2.06	0.98	1.34
54.00	7.50	7.20	6.30	3.90	5.23	0.02	0.02	0.51	4.66	4.03	0.64	0.00	2.26	1.51	4.20	2.60	0.95	0.00	2.47	0.00	0.53	1.73
55.00	7.49	7.21	6.30	3.01	2.73	0.40	0.00	2.39	3.74	1.92	0.00	0.25	1.99	1.57	2.63	0.15	0.01	1.25	0.85	1.34	0.49	1.15
56.00	7.50	7.20	6.30	4.05	1.73	1.06	0.00	1.77	4.63	2.23	0.68	2.18	4.86	1.67	3.70	1.74	0.58	1.52	1.64	2.30	0.69	2.56
57.00	7.50	7.21	6.30	2.57	1.53	0.00	0.00	0.00	3.71	3.06	0.00	1.28	3.56	1.02	3.34	2.20	2.31	0.00	1.00	0.02	0.15	1.80
58.00	7.50	7.20	6.30	1.50	0.89	0.24	1.30	0.19	4.99	1.93	1.33	0.31	2.43	2.96	4.19	0.39	0.52	2.13	0.92	1.25	1.94	0.97
59.00	7.50	7.20	6.30	3.39	2.48	0.57	0.97	3.09	3.34	0.00	2.10	1.24	4.63	3.36	1.93	2.08	0.47	0.00	0.42	0.33	0.45	1.22
60.00	7.50	7.21	6.30	1.73	4.31	0.41	0.53	0.48	2.26	3.79	0.53	2.78	2.67	3.21	2.64	1.39	0.98	0.00	2.04	0.12	1.27	1.67
61.00	7.50	7.20	6.30	3.87	3.89	0.53	0.27	0.55	4.25	2.23	0.97	1.66	2.50	1.78	4.20	0.99	0.31	0.00	1.61	1.34	2.63	1.21
62.00	7.50	7.21	6.30	1.98	0.95	0.00	0.00	2.59	5.05	5.19	0.00	0.67	4.29	3.46	2.96	1.48	0.51	0.00	1.53	0.45	2.61	1.80
63.00	7.50	7.20	6.30	2.24	1.86	4.03	0.46	1.65	5.11	4.85	2.17	0.67	4.69	0.21	4.20	0.02	1.07	0.16	0.89	1.47	2.48	2.03
64.00	7.49	7.21	6.30	3.18	3.26	0.00	2.58	1.60	4.68	3.65	0.00	0.68	4.50	1.44	4.20	1.50	0.98	0.00	1.07	0.34	0.74	1.07
65.00	7.50	7.20	6.30	1.53	2.67	1.98	1.32	0.00	2.96	4.07	1.26	0.00	2.57	3.47	2.14	0.71	0.49	0.00	2.60	0.02	0.52	0.00
66.00	7.50	7.20	6.30	2.70	4.00	0.35	0.55	0.85	2.33	3.70	0.00	1.07	2.12	3.38	1.42	1.07	2.43	0.32	2.10	0.33	1.04	1.51
67.00	7.50	7.21	6.30	4.77	1.54	0.00	0.21	0.29	2.78	3.03	0.22	0.00	2.01	1.65	3.04	3.00	0.84	0.99	0.47	0.06	0.98	1.48
68.00	7.50	7.20	6.30	0.91	0.08	0.00	0.11	3.37	2.90	2.12	0.00	0.00	0.24	2.50	1.46	2.47	2.54	0.49	0.00	2.18	1.19	0.97
69.00	7.50	7.21	6.30	0.47	4.84	0.00	0.14	1.41	4.33	2.61	0.97	0.19	2.34	1.13	3.71	0.18	1.94	1.86	1.48	0.41	0.54	0.57
70.00	7.50	7.20	6.30	3.00	5.10	0.46	0.68	1.98	4.15	1.78	0.06	1.98	2.53	2.78	4.19	0.00	1.01	2.08	1.20	0.37	1.24	1.02
71.00	7.50	7.20	6.30	3.11	2.32	0.00	0.00	1.25	2.10	4.20	2.08	0.49	1.77	3.85	1.84	2.45	0.00	0.00	0.99	0.00	0.32	2.48
72.00	7.50	7.21	6.30	1.75	5.53	0.00	0.49	1.92	4.31	5.10	0.55	0.00	3.56	1.17	3.49	3.25	0.87	0.14	1.07	0.41	2.11	2.10
73.00	7.49	7.20	6.30	2.30	3.10	0.49	0.00	0.00	3.24	2.37	0.13	0.99	3.44	0.67	2.00	0.22	0.82	0.00	0.40	0.00	1.79	0.81
74.00	7.50	7.21	6.30	1.38	4.76	0.00	0.88	1.02	5.03	4.12	1.40	0.29	3.33	1.15	2.66	1.07	2.77	0.00	0.49	0.00	0.12	0.38
75.00	7.50	7.20	6.29	0.99	3.21	0.00	0.00	0.04	3.20	1.28	0.00	1.11	4.45	1.35	3.80	0.00	0.00	0.00	0.00	0.01	1.37	0.79
76.00	7.50	7.20	6.30	4.43	3.30	0.00	0.00	1.39	1.78	4.53	3.36	2.03	2.26	2.72	3.64	1.55	0.06	0.00	1.27	0.41	1.86	1.95
77.00	7.50	7.21	6.30	0.98	1.21	0.00	0.72	1.68	2.37	1.54	0.49	0.00	2.63	3.29	3.67	0.16	0.97	0.80	0.66	0.02	0.37	1.33
78.00	7.50	7.20	6.30	0.49	3.72	0.00	0.00	0.87	4.89	3.79	0.72	0.60	3.00	1.10	4.22	1.19	0.06	3.18	2.56	0.00	0.00	1.70
79.00	7.50	7.21	6.30	0.06	4.70	0.00	0.00	0.92	3.12	3.06	1.34	0.21	2.17	1.70	2.66	0.35	2.18	0.99	0.81	0.00	0.08	1.84
10.2.1.2	7.64	8.84
10.2.1.3	7.34	8.59
10.2.1.4	6.42	9.63
10.1.1.4	2.74	58421.82
10.1.1.5	2.77	59867.74
10.1.1.6	0.62	176249.68
10.1.1.7	0.38	341926.39
10.1.1.8	1.13	146311.20
10.1.1.9	3.78	31270.15
10.1.1.10	3.08	51825.06
10.1.1.11	0.83	335008.57
10.1.1.12	0.71	190322.36
10.1.1.13	3.02	39063.37
10.1.1.14	2.13	76379.65
10.1.1.15	3.35	32571.76
10.1.1.16	0.91	175189.27
10.1.1.17	1.12	128670.66
10.1.1.18	0.43	251047.60
10.1.1.19	1.17	76557.26
10.1.1.20	0.50	253234.06
10.1.1.21	1.11	86986.70
10.1.1.22	1.37	66149.31
