Waf: Entering directory `/home/synrg-sc1/Desktop/Jiaming/ns-3.29-mesh/build'
Waf: Leaving directory `/home/synrg-sc1/Desktop/Jiaming/ns-3.29-mesh/build'
Build commands will be stored in build/compile_commands.json
'build' finished successfully (4.740s)
CreateVariables () DONE !!!
Creating 24 APs 50.00 m apart.
CreateApNodes () DONE !!!
Creating 0 CLs 20.00 m away from each AP.
CreateClNodes () DONE !!!
CreateNodes () DONE !!!
CreateMeshDevices () DONE !!!
CreateWifiDevices () DONE !!!
CreateCsmaDevices () DONE !!!
CreateDevices () DONE !!!
InstallInternetStack () DONE !!!
Gateway is connect to AP 0
InstallApplications () DONE !!!
Starting simulation for 80.00 s ...
-------------------------------------------------
Time[s]	ap-0	ap-1	ap-2	ap-3	ap-4	ap-5	ap-6	ap-7	ap-8	ap-9	ap-10	ap-11	ap-12	ap-13	ap-14	ap-15	ap-16	ap-17	ap-18	ap-19	ap-20	ap-21	ap-22	ap-23
2.00	0.00	0.00	0.00	0.00	0.00	0.00	0.00	0.00	0.00	0.00	0.00	0.00	0.00	0.00	0.00	0.00	0.00	0.00	0.00	0.00	0.00	0.00	0.00	0.00
3.00	6.10	5.82	0.00	0.00	0.00	0.00	0.00	0.00	0.00	0.00	0.00	0.00	0.00	0.00	0.00	0.00	0.00	0.00	0.00	0.00	0.00	0.00	0.00	0.00
4.00	6.30	5.99	0.00	0.00	0.00	0.00	0.00	0.00	0.00	0.00	0.00	0.00	0.00	0.00	0.00	0.00	0.00	0.00	0.00	0.00	0.00	0.00	0.00	0.00
5.00	6.30	6.01	1.84	0.28	1.07	0.00	1.05	0.00	0.32	1.06	0.86	0.00	0.81	0.98	0.04	1.05	0.04	1.93	0.37	0.85	0.49	0.00	0.00	1.15
6.00	6.30	5.99	1.81	0.07	0.95	0.04	1.48	0.92	0.37	1.41	2.57	0.00	2.33	1.28	0.00	2.40	2.51	3.87	2.21	0.25	2.00	0.77	0.04	1.18
7.00	6.30	6.01	1.65	0.41	0.29	0.00	3.38	2.77	1.70	1.34	1.45	0.99	1.94	0.77	0.02	0.86	0.47	1.80	0.18	1.44	0.02	0.86	0.40	1.52
8.00	6.30	5.99	1.58	0.00	1.30	0.60	2.70	2.94	4.53	2.77	0.33	2.65	2.27	0.00	0.00	0.08	2.21	2.39	0.00	0.87	0.26	1.00	0.79	0.37
9.00	6.30	6.01	0.69	0.21	0.00	0.73	1.91	2.54	3.97	4.56	0.80	1.73	4.43	0.46	1.99	0.92	0.01	4.00	0.21	0.59	0.00	0.04	0.26	2.64
10.00	6.30	5.99	2.10	0.67	0.95	1.48	2.06	1.30	1.14	3.11	1.45	1.85	2.14	1.42	0.00	1.05	1.68	2.68	2.41	2.41	0.00	1.02	1.30	1.57
11.00	6.30	6.01	1.97	0.89	0.85	0.49	0.51	2.47	1.91	0.95	0.61	3.65	1.44	2.64	0.60	0.87	1.74	1.37	1.55	2.85	0.53	0.00	0.69	1.90
12.00	6.30	5.99	0.47	1.78	0.00	1.13	1.95	0.42	1.21	0.64	0.01	2.06	0.06	2.34	0.00	0.33	3.13	1.54	0.00	3.06	0.01	1.00	1.21	2.17
13.00	6.30	6.01	0.00	0.19	0.00	0.00	1.08	1.27	0.61	0.00	4.20	0.35	3.94	0.28	1.21	0.80	1.21	0.27	0.75	1.84	2.71	1.01	1.61	1.83
14.00	6.30	5.99	0.49	0.15	0.07	0.95	0.24	5.02	0.00	4.65	1.19	4.18	3.97	0.49	0.00	2.03	0.13	3.83	0.00	2.65	0.31	3.31	1.77	2.41
15.00	6.30	6.01	2.44	0.79	0.16	0.45	2.18	1.84	0.97	3.34	1.14	4.53	2.34	0.18	0.00	0.15	1.39	2.73	0.29	0.25	1.08	0.74	1.22	1.20
16.00	6.30	5.99	1.75	0.53	1.31	0.80	3.90	2.33	3.58	3.39	1.04	1.91	0.39	0.91	0.00	1.88	0.16	3.87	1.53	0.00	0.48	0.85	0.77	1.52
17.00	6.30	6.01	0.28	0.24	0.00	1.78	0.60	1.99	2.39	2.56	0.88	0.99	2.23	1.37	0.26	2.10	1.25	1.71	1.19	2.67	0.00	0.00	1.67	1.90
18.00	6.30	5.99	2.24	0.11	0.00	2.26	1.63	1.22	3.82	5.11	3.53	4.03	4.80	0.00	1.44	1.26	1.54	3.21	0.00	2.04	1.17	0.00	1.40	2.40
19.00	6.30	6.01	3.72	0.94	0.12	0.00	2.34	0.04	2.41	3.26	4.09	2.33	1.57	0.00	0.51	0.00	3.46	3.23	0.14	1.47	0.00	0.97	1.07	2.32
20.00	6.30	5.99	1.55	0.59	1.39	0.95	2.66	0.68	1.84	2.47	4.65	2.01	2.31	2.64	0.47	0.00	1.12	2.23	2.74	1.65	3.98	2.60	2.51	0.78
21.00	6.30	6.01	3.19	0.28	0.38	0.05	3.27	2.20	1.57	3.37	2.24	0.00	0.01	0.79	0.04	0.19	1.99	4.15	0.37	0.04	0.94	0.29	1.71	1.90
22.00	6.30	5.99	4.15	0.00	1.47	1.71	2.37	2.48	0.64	2.73	2.94	0.99	1.54	2.59	0.00	1.65	2.98	4.15	0.62	0.00	0.27	0.93	1.21	1.58
23.00	6.30	6.01	2.32	0.53	0.00	1.81	0.68	0.67	3.71	4.62	1.07	3.33	1.20	0.93	0.05	1.83	2.76	2.19	0.19	0.27	1.17	0.00	1.24	1.72
24.00	6.30	5.99	5.24	0.33	1.34	0.00	0.64	1.00	1.78	5.11	5.25	0.00	1.47	1.80	0.49	0.60	1.78	4.03	0.32	0.00	0.89	0.00	0.04	1.52
25.00	6.30	6.01	2.31	1.94	0.00	0.59	1.05	0.00	3.17	1.80	1.59	0.00	1.39	1.05	0.00	0.07	2.57	2.74	0.00	0.73	1.67	0.00	1.75	2.40
26.00	6.30	5.99	1.88	0.04	0.09	1.00	1.65	2.13	0.80	4.58	1.51	0.49	4.11	0.08	0.00	0.48	2.41	3.21	0.65	3.60	0.00	0.00	2.38	2.39
27.00	6.30	6.01	0.88	0.32	0.48	0.25	0.47	0.00	1.68	0.00	0.00	3.06	0.16	0.79	0.00	0.37	1.30	2.36	0.12	0.84	0.42	0.82	0.47	2.40
28.00	6.30	5.99	1.35	0.00	1.22	3.57	2.07	2.58	3.46	4.12	3.12	0.99	0.00	0.69	1.54	2.07	0.86	2.81	1.64	1.10	0.00	1.19	0.58	2.40
29.00	6.30	6.01	0.54	0.12	0.06	0.24	0.54	1.40	0.87	4.47	1.18	2.58	0.21	0.25	0.09	2.99	0.59	2.24	1.42	3.53	2.61	0.60	1.25	2.39
30.00	6.30	5.99	0.66	1.12	1.44	0.49	0.91	5.24	3.96	1.77	0.00	0.00	2.30	1.73	2.11	0.59	3.00	4.20	1.28	3.90	0.00	0.00	0.44	2.40
31.00	6.30	6.01	1.00	0.00	0.00	2.60	0.01	2.07	3.98	1.74	0.55	0.99	0.54	0.59	0.00	0.00	1.68	2.85	0.71	0.81	0.99	1.48	0.15	0.67
32.00	6.30	5.99	3.79	1.50	0.00	1.04	2.77	1.06	4.13	3.49	3.11	2.41	1.47	0.00	1.38	1.95	1.40	3.70	0.09	2.07	1.92	1.08	1.72	0.92
33.00	6.30	6.01	0.15	0.29	0.31	0.81	0.65	1.02	1.47	2.68	3.87	0.00	0.81	0.51	0.12	1.34	3.37	2.53	0.34	0.00	2.16	1.37	0.91	3.06
34.00	6.30	5.99	3.56	1.04	2.25	2.52	1.65	0.00	1.42	3.74	0.00	3.24	2.90	0.75	3.45	0.16	2.96	1.63	2.47	1.28	0.00	2.81	1.98	2.10
35.00	6.30	6.01	2.90	0.09	0.00	0.69	1.54	1.47	1.67	0.00	1.68	0.46	2.34	0.37	0.61	1.44	1.67	4.20	0.06	1.28	0.39	1.05	2.37	2.14
36.00	6.30	5.99	2.01	2.76	0.49	1.28	1.12	2.71	2.32	1.21	1.77	0.93	1.88	2.39	0.15	1.92	2.47	3.73	0.66	0.72	0.00	1.19	0.40	2.25
37.00	6.30	6.01	0.06	1.55	1.18	0.07	2.80	0.34	1.47	0.67	4.05	2.65	0.15	2.94	1.72	0.66	2.13	0.60	2.81	0.12	1.90	0.55	0.99	1.37
38.00	6.30	5.99	0.00	6.67	0.00	0.00	5.41	0.00	0.00	0.00	0.00	0.00	0.00	0.00	0.00	0.00	0.00	0.00	0.00	0.00	3.59	0.00	0.00	0.00
39.00	6.30	6.01	0.00	2.78	0.00	4.65	4.49	0.00	0.00	0.00	0.00	0.49	0.00	0.00	0.49	0.49	0.00	0.18	1.25	0.00	3.45	0.00	0.00	0.00
40.00	6.30	5.99	0.00	5.70	0.00	5.39	5.38	0.00	0.00	0.00	0.00	0.00	0.00	0.00	0.00	0.00	0.00	0.00	0.00	0.00	3.60	0.00	0.00	0.00
41.00	6.30	6.01	0.00	4.46	0.00	1.17	5.24	0.00	0.00	0.00	1.40	0.00	0.00	0.00	0.00	0.00	0.00	0.00	0.00	0.00	2.68	0.00	0.00	0.00
42.00	6.30	5.99	0.00	5.70	0.00	2.97	5.39	0.00	0.00	0.00	5.10	0.00	0.00	0.00	0.00	0.00	0.00	0.00	0.00	0.00	3.59	0.00	0.00	0.00
43.00	6.30	6.01	0.00	4.98	0.00	2.19	1.21	0.00	0.00	0.00	3.79	0.00	0.00	1.24	0.00	0.00	0.00	0.00	0.00	0.00	1.40	0.00	0.00	0.00
44.00	6.30	5.99	0.00	5.70	0.00	6.55	5.06	0.00	0.00	0.00	5.10	0.00	0.00	0.00	0.00	0.00	0.00	0.00	0.00	0.00	4.77	0.00	0.00	0.00
45.00	6.30	6.01	0.00	0.32	0.00	0.13	5.28	0.00	0.00	0.00	5.03	0.49	0.00	0.00	0.00	0.00	0.99	0.00	0.75	0.00	1.74	0.00	0.00	0.00
46.00	6.30	5.99	0.00	3.67	0.00	0.00	5.41	0.00	0.00	0.00	5.10	0.00	0.00	0.00	0.00	0.00	0.00	0.00	0.00	0.00	3.60	0.00	0.00	0.00
47.00	6.30	6.01	0.00	1.78	0.00	2.24	4.43	0.00	0.00	0.00	5.10	1.38	0.00	0.00	1.40	0.00	0.00	0.00	0.00	0.00	0.75	0.00	0.00	0.00
48.00	6.30	6.01	0.00	0.87	0.00	5.41	5.41	0.00	0.00	0.00	5.10	0.00	0.00	0.00	0.00	0.00	0.00	0.00	0.00	0.00	1.81	0.00	0.00	0.00
49.00	6.30	5.99	0.00	0.51	0.00	3.91	2.74	0.00	0.00	0.00	0.25	0.00	0.00	0.00	3.33	0.00	3.18	0.00	0.00	0.00	0.95	0.00	0.00	0.00
50.00	6.30	6.01	0.00	0.00	0.00	5.41	0.00	0.00	0.00	0.00	0.00	0.00	0.00	0.00	4.50	0.00	4.20	0.00	0.00	0.00	3.53	0.00	0.00	0.00
51.00	6.30	5.99	0.00	0.98	0.00	5.06	0.97	0.00	1.24	0.00	0.29	0.49	0.00	0.49	4.50	5.16	1.26	0.00	1.51	0.00	1.72	0.00	0.00	0.00
52.00	6.30	6.01	0.00	0.79	0.00	2.70	1.39	0.00	1.00	0.00	0.00	0.00	0.00	0.00	4.50	4.50	0.00	0.00	4.20	0.00	1.50	0.55	0.00	0.00
53.00	6.30	5.99	0.00	0.25	0.00	4.12	0.21	0.00	0.00	0.00	3.85	0.99	0.00	5.35	4.50	0.51	1.10	0.24	0.80	0.00	2.01	0.00	0.00	0.00
54.00	6.30	6.01	0.00	0.00	0.00	5.39	5.69	0.00	0.00	0.00	5.10	0.00	0.00	4.50	4.50	0.00	0.00	0.00	0.00	0.00	3.60	0.00	0.00	0.00
55.00	6.30	5.99	0.00	0.28	0.00	4.64	1.41	0.00	0.00	0.00	0.89	0.99	0.00	1.75	1.98	0.00	0.49	0.15	0.75	0.00	3.04	0.00	0.00	0.49
56.00	6.30	6.01	0.00	0.00	0.00	5.39	0.01	0.00	0.00	0.00	0.00	0.00	0.00	0.00	0.00	0.00	0.00	0.00	0.00	0.00	3.59	0.00	0.00	0.00
57.00	6.30	5.99	0.00	1.97	0.00	4.44	2.23	0.00	0.00	0.00	0.00	0.00	0.00	0.00	0.00	0.00	1.77	0.00	0.00	0.00	0.79	0.00	0.00	0.00
58.00	6.30	6.01	0.00	5.70	0.00	5.39	5.39	0.00	0.00	0.00	2.92	0.00	0.00	0.00	0.00	0.00	4.20	0.00	0.00	0.00	2.72	0.00	0.00	0.00
59.00	6.30	5.99	0.00	1.31	0.00	4.96	3.21	0.00	0.00	0.00	2.12	0.49	0.00	0.99	0.00	0.00	4.19	1.39	0.00	0.00	3.45	0.00	0.00	0.00
60.00	6.30	6.01	0.00	0.00	0.00	5.42	5.39	0.00	0.00	0.00	5.10	0.00	0.00	0.00	0.00	0.00	4.20	0.00	0.00	0.00	3.60	0.00	0.00	0.00
61.00	6.30	5.99	0.00	0.00	0.00	2.38	2.04	0.00	0.00	0.00	0.73	0.00	0.00	0.00	3.85	0.00	1.58	0.00	0.00	0.00	3.60	0.00	0.00	0.00
62.00	6.30	6.01	0.00	0.00	0.00	5.39	5.41	0.00	0.00	0.00	0.00	0.00	0.00	0.00	4.51	0.00	0.00	0.00	0.00	0.00	3.59	0.00	0.00	0.00
63.00	6.30	5.99	0.00	0.00	0.00	0.82	3.79	0.00	0.00	0.00	0.00	0.00	0.00	0.00	1.12	0.00	0.00	0.00	0.00	0.00	2.21	0.00	0.00	0.00
64.00	6.30	6.01	0.00	0.00	0.00	5.39	5.39	0.00	0.00	0.00	1.70	0.00	0.00	0.00	0.00	0.00	0.00	0.00	0.00	0.00	3.60	0.00	0.00	0.00
65.00	6.30	5.99	0.00	0.00	0.00	1.74	2.12	0.00	0.00	0.00	4.99	0.00	0.00	0.00	0.00	0.49	4.25	0.51	0.00	0.00	1.71	0.00	0.00	0.00
66.00	6.30	6.01	0.00	0.00	0.00	4.77	0.95	0.00	0.00	0.00	5.10	0.00	0.00	0.00	0.00	0.00	4.19	0.00	0.00	0.00	3.59	0.00	0.00	0.00
67.00	6.30	5.99	0.00	0.00	0.00	2.59	2.81	0.00	0.00	0.00	4.95	0.00	0.00	0.00	0.00	0.00	0.82	0.00	0.00	0.00	3.60	0.00	0.00	0.00
68.00	6.30	6.01	0.00	0.00	0.00	6.30	5.33	0.00	0.00	0.00	5.10	0.00	0.00	0.00	0.00	0.00	0.00	0.00	0.00	0.00	3.60	0.00	0.00	0.00
69.00	6.30	5.99	0.00	0.00	0.00	1.47	4.65	0.00	0.00	0.00	3.25	0.49	0.00	0.00	0.00	1.46	0.00	0.73	0.00	0.00	1.42	0.00	0.00	0.00
70.00	6.30	6.01	0.00	0.00	0.00	4.73	5.39	0.00	0.00	0.00	5.10	0.00	0.00	0.00	0.00	0.00	0.00	0.00	0.00	0.00	3.60	0.00	0.00	0.00
71.00	6.30	5.99	0.00	0.00	0.00	2.28	3.32	0.00	0.00	0.00	4.66	0.00	0.00	0.00	0.00	0.00	0.00	0.00	0.00	0.00	3.60	0.00	0.00	0.00
72.00	6.30	6.01	0.00	0.00	0.00	5.41	5.39	0.00	0.00	0.00	5.10	0.00	0.00	0.00	0.00	0.00	0.00	0.00	0.00	0.00	3.60	0.00	0.00	0.00
73.00	6.30	5.99	0.00	0.00	0.00	5.35	0.46	0.00	0.00	0.00	2.44	0.00	0.00	1.50	0.34	0.00	0.00	0.00	0.00	0.00	2.87	0.00	0.00	0.00
74.00	6.30	6.01	2.63	0.00	0.00	4.06	0.21	0.00	0.00	1.97	3.67	0.00	0.00	4.50	4.50	0.85	0.00	1.73	1.98	0.00	3.34	0.00	0.49	0.49
75.00	6.29	5.99	0.66	3.32	0.00	5.12	2.04	0.00	1.95	0.40	1.47	2.73	0.00	2.58	2.73	1.11	1.31	1.02	1.78	0.00	2.54	0.39	0.02	0.00
76.00	6.30	6.01	0.00	0.06	0.00	1.86	3.36	0.00	1.73	1.88	3.79	2.65	0.00	1.91	2.24	1.44	3.52	2.47	3.93	0.00	3.47	1.42	0.06	0.48
77.00	6.30	5.99	0.55	0.00	0.00	0.14	1.88	0.00	2.70	0.00	0.00	2.01	0.00	0.98	1.04	1.05	2.28	1.13	1.38	0.00	1.50	1.81	1.40	2.03
78.00	6.30	6.01	0.72	4.52	0.00	0.11	2.05	0.00	5.11	0.00	0.00	2.67	0.00	4.91	0.00	3.62	4.22	0.86	1.51	0.00	1.71	0.00	1.47	2.40
79.00	6.30	5.99	0.89	0.55	0.00	0.00	4.68	0.00	1.95	3.14	2.19	1.52	0.00	1.30	3.39	1.14	2.48	1.13	1.61	0.00	0.21	0.20	0.00	1.06
10.2.1.2	6.42	8.29
10.2.1.3	6.11	8.11
10.1.1.20	1.46	103787.86
10.1.1.3	0.89	60710.16
10.1.1.4	1.16	78003.14
10.1.1.5	0.62	207113.78
10.1.1.6	2.45	46568.93
10.1.1.7	2.70	57906.26
10.1.1.8	1.80	67861.49
10.1.1.21	1.99	53509.77
10.1.1.9	1.18	88172.92
10.1.1.10	1.30	79070.11
10.1.1.11	2.36	59723.23
10.1.1.22	0.44	76503.32
10.1.1.13	1.92	62173.55
10.1.1.14	0.91	228744.54
10.1.1.15	1.03	147156.64
10.1.1.16	0.79	145658.68
10.1.1.17	1.50	121683.36
10.1.1.18	1.41	53967.40
10.1.1.19	0.69	197766.69
10.1.1.23	0.55	146186.36
10.1.1.24	0.93	67807.65
10.1.1.12	1.03	270075.88
