Waf: Entering directory `/home/synrg-sc1/Desktop/Jiaming/ns-3.29-mesh/build'
Waf: Leaving directory `/home/synrg-sc1/Desktop/Jiaming/ns-3.29-mesh/build'
Build commands will be stored in build/compile_commands.json
'build' finished successfully (4.757s)
CreateVariables () DONE !!!
Creating 19 APs 50.00 m apart.
CreateApNodes () DONE !!!
Creating 0 CLs 20.00 m away from each AP.
CreateClNodes () DONE !!!
CreateNodes () DONE !!!
CreateMeshDevices () DONE !!!
CreateWifiDevices () DONE !!!
CreateCsmaDevices () DONE !!!
CreateDevices () DONE !!!
InstallInternetStack () DONE !!!
Gateway is connect to AP 0
InstallApplications () DONE !!!
Starting simulation for 80.00 s ...
-------------------------------------------------
Time[s]	ap-0	ap-1	ap-2	ap-3	ap-4	ap-5	ap-6	ap-7	ap-8	ap-9	ap-10	ap-11	ap-12	ap-13	ap-14	ap-15	ap-16	ap-17	ap-18
2.00	0.00	0.00	0.00	0.00	0.00	0.00	0.00	0.00	0.00	0.00	0.00	0.00	0.00	0.00	0.00	0.00	0.00	0.00	0.00
3.00	6.55	0.00	0.00	0.00	0.00	0.00	0.00	0.00	0.00	0.00	0.00	0.00	0.00	0.00	0.00	0.00	0.00	0.00	0.00
4.00	8.40	0.00	0.00	0.00	0.00	0.00	0.00	0.00	0.00	0.00	0.00	0.00	0.00	0.00	0.00	0.00	0.00	0.00	0.00
5.00	8.41	0.00	0.00	2.51	0.00	0.95	3.84	1.65	0.00	0.00	3.03	2.48	2.65	2.32	0.00	1.41	1.74	1.94	0.00
6.00	8.40	0.00	1.18	2.38	0.49	0.59	4.69	1.31	2.99	0.00	4.51	2.68	4.03	2.67	0.00	0.52	1.39	1.47	2.61
7.00	8.40	2.67	1.70	1.12	0.91	0.82	1.47	0.91	2.97	0.00	2.56	2.46	2.00	2.56	0.27	0.65	1.80	1.74	1.94
8.00	8.41	0.00	0.86	4.92	1.88	2.96	3.90	0.05	3.65	0.00	4.32	2.40	4.02	2.08	0.69	1.93	2.70	0.38	2.65
9.00	8.40	1.78	3.76	1.46	0.45	0.93	4.24	0.00	3.89	0.00	3.39	1.91	2.72	2.20	0.39	0.00	1.02	2.78	2.40
10.00	8.40	2.57	1.35	1.93	1.21	0.08	2.43	0.60	2.33	0.00	3.63	3.27	4.17	1.75	0.02	0.32	1.52	1.42	3.06
11.00	8.41	0.89	0.00	5.50	2.63	1.48	3.23	0.37	2.08	0.00	3.66	4.07	4.31	1.95	0.11	1.19	1.59	1.26	3.57
12.00	8.40	2.30	1.95	2.99	0.55	1.61	4.23	0.00	0.51	0.00	4.50	4.12	3.17	0.38	0.00	0.04	1.18	1.41	3.60
13.00	8.40	1.83	3.05	1.71	0.02	1.25	0.91	0.00	0.57	0.00	2.24	3.46	3.16	2.13	0.60	0.51	0.72	1.05	1.94
14.00	8.41	0.49	0.89	4.36	0.00	0.18	4.13	0.94	2.16	0.00	1.91	2.23	2.47	1.27	0.77	1.44	2.96	3.13	2.61
15.00	8.40	2.34	3.74	3.04	2.21	0.55	2.25	0.40	2.05	0.00	2.86	3.03	1.95	1.27	0.00	0.24	1.63	2.38	3.73
16.00	8.40	0.00	1.67	1.98	0.06	2.71	0.55	1.28	4.32	0.00	4.16	4.00	1.68	1.54	0.55	1.22	2.81	0.82	2.96
17.00	8.41	0.99	0.84	2.33	3.14	0.99	1.92	1.20	3.12	0.00	4.17	2.80	0.54	0.19	1.44	0.99	1.17	1.15	1.92
18.00	8.40	1.28	3.20	0.87	0.20	0.42	0.91	1.54	3.58	0.00	4.05	2.76	0.59	0.94	0.74	0.00	3.36	2.96	3.40
19.00	8.40	3.24	1.80	2.05	0.21	1.98	3.11	0.61	3.46	0.00	4.06	4.30	3.49	2.51	0.99	1.55	3.04	2.56	2.54
20.00	8.40	0.00	1.93	3.86	0.04	2.56	3.19	1.00	2.59	0.00	4.63	4.40	4.50	2.43	0.00	0.78	2.26	3.19	3.20
21.00	8.41	0.34	3.69	1.40	1.17	0.28	1.95	1.22	1.11	0.00	3.60	3.34	4.24	2.91	0.02	1.07	1.99	1.70	2.56
22.00	8.40	0.00	1.51	0.47	0.79	0.00	3.49	2.53	2.94	0.00	3.76	4.40	3.09	2.58	0.24	0.04	4.04	3.40	2.66
23.00	8.40	1.67	2.20	0.00	1.30	1.30	1.24	0.74	4.56	0.00	2.24	2.25	3.84	2.11	0.91	1.27	1.72	1.00	0.65
24.00	8.41	1.41	1.40	2.45	0.74	1.40	4.69	3.12	3.27	0.00	3.72	2.98	2.83	2.31	0.02	0.92	3.12	2.38	3.70
25.00	8.40	0.99	1.15	1.78	1.64	3.04	0.74	0.26	4.77	0.00	3.66	2.65	1.80	3.30	2.36	0.00	3.34	2.92	2.31
26.00	8.40	0.99	2.71	2.25	0.89	2.27	1.37	0.22	3.26	0.00	4.47	2.78	4.15	2.43	1.07	0.26	3.92	2.89	3.59
27.00	8.41	1.86	2.36	1.47	0.00	0.37	2.83	0.00	2.18	0.00	3.26	1.34	2.33	2.70	0.00	0.20	1.90	1.79	3.53
28.00	8.40	0.99	1.26	0.24	0.78	2.53	1.66	0.01	1.20	0.00	4.51	3.69	4.43	1.65	1.55	1.40	2.46	3.84	3.59
29.00	8.40	0.00	1.35	0.99	1.67	0.69	2.43	0.00	3.47	0.00	4.50	3.00	4.47	0.68	0.18	0.00	3.40	2.37	3.60
30.00	8.41	2.67	5.50	1.05	0.25	1.19	3.21	1.31	1.26	0.00	4.12	1.79	4.10	1.27	1.07	1.13	3.29	1.84	3.60
31.00	8.40	1.42	0.00	2.54	0.02	1.88	3.54	0.29	2.08	0.00	3.30	1.00	2.06	3.39	2.12	0.47	0.87	2.26	2.53
32.00	8.40	1.44	4.46	5.39	1.24	0.49	5.41	2.43	2.50	0.00	4.49	1.17	4.50	2.59	2.87	0.64	0.69	2.11	4.18
33.00	8.41	1.28	1.79	2.70	1.11	0.78	4.18	0.00	1.04	0.00	4.27	4.86	3.44	0.19	1.73	0.19	3.63	1.45	1.55
34.00	8.40	2.11	2.70	0.49	0.86	0.00	2.71	0.09	2.90	0.00	4.26	0.72	3.63	1.75	0.69	0.13	3.71	0.66	3.38
35.00	8.40	0.00	1.26	0.00	0.02	1.00	4.26	0.00	3.31	0.00	4.37	1.65	4.17	0.54	0.19	0.99	1.81	2.47	3.59
36.00	8.41	0.99	0.49	1.68	0.00	1.35	1.83	0.00	2.03	0.00	4.20	1.66	3.18	1.11	0.65	0.31	2.39	0.68	3.54
37.00	8.40	0.00	0.81	0.82	0.01	1.48	1.77	0.01	0.62	0.00	3.98	2.67	4.42	4.11	0.59	0.14	1.85	3.46	3.60
38.00	8.40	0.94	3.76	0.15	1.18	1.94	4.68	0.73	2.06	0.00	3.99	4.04	4.51	1.86	1.90	0.24	3.09	3.23	1.37
39.00	8.40	0.64	0.00	1.35	2.68	2.26	4.09	1.95	0.77	0.00	4.50	1.39	3.86	3.52	1.04	0.21	0.35	2.36	0.00
40.00	8.41	0.99	1.25	3.12	2.70	1.75	5.41	3.09	1.81	0.00	4.51	2.71	4.05	1.17	1.81	1.44	3.46	3.44	0.00
41.00	8.40	0.16	0.22	2.84	0.64	0.00	1.20	2.13	3.38	0.00	3.16	2.30	2.63	0.25	2.17	1.67	3.80	1.11	0.24
42.00	8.40	1.11	5.58	3.59	1.28	0.00	4.37	1.35	3.92	0.00	1.72	1.34	2.96	0.07	0.99	1.71	3.60	1.30	0.64
43.00	8.41	1.18	1.13	1.64	1.15	1.83	5.00	0.00	4.51	0.00	4.51	1.13	4.05	0.62	1.50	0.06	4.22	2.72	3.60
44.00	8.40	2.37	2.33	3.51	0.00	0.49	4.73	1.28	4.45	0.00	3.38	2.71	3.25	0.58	0.14	1.21	1.54	1.61	3.06
45.00	8.40	1.59	2.77	4.27	1.77	1.42	4.09	0.35	2.18	0.00	1.51	3.89	1.15	2.14	1.06	0.07	2.00	2.93	1.98
46.00	8.41	1.17	0.00	2.86	0.59	0.20	3.58	1.95	3.19	0.00	4.16	3.59	0.71	0.94	0.00	1.25	3.12	3.37	1.54
47.00	8.40	2.33	0.79	2.76	0.49	2.30	5.02	3.96	2.41	0.00	3.21	1.61	3.94	2.36	1.11	1.34	2.96	3.13	2.59
48.00	8.40	1.57	0.47	7.31	0.00	3.21	2.45	0.00	4.26	0.00	2.24	4.99	2.32	1.15	1.48	0.00	1.22	3.32	3.58
49.00	8.41	1.45	2.89	3.04	0.00	1.98	3.97	0.75	4.46	0.00	3.38	1.21	2.78	1.48	0.82	0.29	2.03	2.41	1.13
50.00	8.40	1.95	2.25	1.65	1.02	0.35	3.33	3.93	3.42	0.00	4.50	4.86	1.31	0.00	0.02	0.00	4.20	3.05	3.46
51.00	8.40	5.22	2.89	1.25	0.60	1.33	4.26	1.37	2.04	0.00	3.34	1.91	0.68	0.87	0.00	0.00	1.75	3.12	2.76
52.00	8.41	0.72	0.00	0.91	0.57	0.12	5.03	2.86	4.59	0.00	3.07	3.77	1.78	2.04	0.26	0.15	3.11	2.32	2.80
53.00	8.40	0.49	0.00	1.65	1.32	0.01	3.40	1.87	2.89	0.00	3.73	3.66	2.57	0.27	1.22	1.18	4.13	1.64	2.14
54.00	8.40	0.00	3.09	1.20	0.05	0.92	6.18	0.04	4.88	0.00	4.50	4.50	4.50	0.20	0.07	0.15	4.19	1.57	2.91
55.00	8.41	1.25	1.33	3.01	1.72	0.06	2.40	0.49	2.16	0.00	3.70	3.82	2.96	0.00	0.00	0.85	3.17	3.16	3.60
56.00	8.40	1.50	0.00	2.40	0.41	1.81	4.11	0.77	2.28	0.00	3.79	4.04	1.45	1.47	2.46	1.79	2.16	3.63	3.34
57.00	8.40	0.53	3.32	0.87	0.67	0.62	3.57	1.50	3.27	0.00	3.63	3.32	2.68	0.00	0.00	0.07	1.06	1.20	3.36
58.00	8.40	0.00	2.92	1.86	1.66	2.46	3.10	0.08	3.38	0.00	3.80	1.60	2.24	1.07	0.21	0.48	3.21	1.04	2.58
59.00	8.41	0.00	1.51	1.33	2.10	0.00	4.77	0.88	3.78	0.00	3.44	2.17	5.35	3.79	0.31	0.00	1.55	2.92	3.38
60.00	8.40	7.95	1.11	1.75	0.32	1.10	5.41	0.25	1.18	0.00	4.50	2.50	4.47	0.38	1.48	0.00	3.56	3.57	2.92
61.00	8.40	1.85	0.55	5.10	0.11	1.14	2.03	0.11	3.86	0.00	3.54	1.31	1.72	3.86	0.02	0.18	1.38	1.79	2.87
62.00	8.41	0.97	4.90	0.97	1.27	3.04	4.16	2.53	3.53	0.00	4.33	1.00	3.69	2.34	0.00	0.12	4.50	3.74	0.86
63.00	8.40	2.41	3.07	1.11	0.95	0.91	0.00	0.52	2.20	0.00	3.47	3.20	3.37	2.08	0.45	0.84	2.65	3.70	3.65
64.00	8.40	0.00	3.78	1.93	0.14	1.28	1.78	2.00	4.30	0.00	3.74	1.75	1.81	2.47	0.80	1.57	4.13	1.91	3.44
65.00	8.41	1.84	0.00	2.17	1.47	1.72	2.32	0.01	4.03	0.00	2.84	2.73	3.65	2.83	0.00	1.61	2.45	2.26	0.64
66.00	8.40	2.38	2.54	1.05	2.92	2.08	1.97	0.00	3.86	0.00	1.47	3.39	2.91	3.01	0.21	0.72	3.39	2.43	2.85
67.00	8.40	3.37	5.66	1.67	1.85	0.27	3.60	0.82	2.36	0.00	3.38	1.81	3.84	2.52	0.48	0.91	2.18	1.17	2.17
68.00	8.41	2.48	0.49	3.26	1.87	1.12	3.90	0.69	0.00	0.00	4.27	1.12	2.60	2.89	0.00	0.91	1.11	1.60	3.43
69.00	8.40	3.01	2.36	2.54	1.67	0.58	4.82	0.35	2.23	0.00	1.68	3.23	2.34	2.43	0.08	0.00	3.47	2.12	0.59
70.00	8.40	2.70	1.33	1.45	1.55	2.17	2.41	1.01	5.10	0.00	4.47	2.54	4.80	2.16	1.87	0.20	3.73	1.80	2.56
71.00	8.41	0.00	0.11	0.49	0.00	2.93	4.27	0.48	2.18	0.00	4.53	1.87	4.20	1.39	1.22	0.00	3.50	0.85	3.34
72.00	8.40	2.54	2.01	3.58	0.53	0.67	4.63	1.07	2.10	0.00	4.11	3.51	1.18	1.34	0.47	0.91	0.59	2.87	1.78
73.00	8.40	0.00	1.12	6.51	2.34	1.05	3.12	0.49	2.36	0.00	3.57	2.47	1.08	0.49	0.22	0.00	2.61	3.94	2.06
74.00	8.41	0.64	1.46	6.34	1.30	1.90	3.34	0.72	4.00	0.00	3.63	3.91	3.92	1.20	0.02	0.00	1.17	3.59	2.94
75.00	8.40	1.61	2.72	2.90	0.06	2.99	5.18	0.00	1.74	0.00	1.30	3.24	2.71	1.92	0.92	0.19	2.84	2.23	4.18
76.00	8.40	2.61	2.28	3.69	0.33	2.04	5.24	0.29	3.63	0.00	4.11	2.90	3.18	1.35	1.37	0.99	1.83	1.19	2.93
77.00	8.40	1.60	1.92	1.78	0.00	1.19	4.97	0.89	3.30	0.00	3.84	4.65	4.37	1.42	0.00	0.06	0.59	2.38	3.60
78.00	8.41	1.55	3.04	0.99	0.00	0.09	4.70	1.18	0.49	0.00	3.71	4.23	3.03	2.05	0.45	0.06	2.72	3.40	3.60
79.00	8.40	0.00	1.86	2.71	1.50	1.91	3.50	2.61	4.80	0.00	4.70	1.78	2.81	0.12	0.16	0.25	3.25	1.72	1.68
10.2.1.2	8.56	8.37
10.1.1.3	1.98	127096.73
10.1.1.2	1.51	197891.57
10.1.1.6	1.31	107757.44
10.1.1.7	3.47	30879.40
10.1.1.4	2.36	69803.67
10.1.1.14	1.75	125142.76
10.1.1.15	0.73	235236.25
10.1.1.16	0.63	213904.88
10.1.1.17	2.57	51142.16
10.1.1.10	0	0
10.1.1.19	2.72	33721.32
10.1.1.5	0.97	216696.82
10.1.1.8	0.98	132708.35
10.1.1.9	2.92	60748.37
10.1.1.11	3.73	17963.49
10.1.1.12	2.88	67871.71
10.1.1.13	3.15	28370.20
10.1.1.18	2.33	42734.30
