Waf: Entering directory `/home/synrg-sc1/Desktop/Jiaming/ns-3.29-mesh/build'
Waf: Leaving directory `/home/synrg-sc1/Desktop/Jiaming/ns-3.29-mesh/build'
Build commands will be stored in build/compile_commands.json
'build' finished successfully (4.791s)
CreateVariables () DONE !!!
Creating 23 APs 50.00 m apart.
CreateApNodes () DONE !!!
Creating 0 CLs 20.00 m away from each AP.
CreateClNodes () DONE !!!
CreateNodes () DONE !!!
CreateMeshDevices () DONE !!!
CreateWifiDevices () DONE !!!
CreateCsmaDevices () DONE !!!
CreateDevices () DONE !!!
InstallInternetStack () DONE !!!
Gateway is connect to AP 0
InstallApplications () DONE !!!
Starting simulation for 80.00 s ...
-------------------------------------------------
Time[s]	ap-0	ap-1	ap-2	ap-3	ap-4	ap-5	ap-6	ap-7	ap-8	ap-9	ap-10	ap-11	ap-12	ap-13	ap-14	ap-15	ap-16	ap-17	ap-18	ap-19	ap-20	ap-21	ap-22
2.00	0.00	0.00	0.00	0.00	0.00	0.00	0.00	0.00	0.00	0.00	0.00	0.00	0.00	0.00	0.00	0.00	0.00	0.00	0.00	0.00	0.00	0.00	0.00
3.00	3.76	3.79	3.79	0.00	0.00	0.00	0.00	0.00	0.00	0.00	0.00	0.00	0.00	0.00	0.00	0.00	0.00	0.00	0.00	0.00	0.00	0.00	0.00
4.00	6.61	6.61	6.61	0.00	0.00	0.00	0.00	0.00	0.00	0.00	0.00	0.00	0.00	0.00	0.00	0.00	0.00	0.00	0.00	0.00	0.00	0.00	0.00
5.00	6.59	6.59	6.59	0.04	2.36	0.91	1.18	0.47	1.51	1.78	0.11	0.04	0.04	0.14	0.39	0.27	0.04	0.04	0.27	0.49	0.42	0.26	1.11
6.00	6.61	6.61	6.61	0.00	5.25	1.21	2.70	0.84	2.56	0.00	1.57	0.04	0.00	0.55	0.86	0.86	0.18	0.00	1.17	2.10	2.17	0.00	1.81
7.00	6.59	6.59	6.59	0.04	1.46	1.00	1.45	1.64	5.32	0.41	0.41	0.00	0.00	0.59	1.31	0.35	0.49	0.04	1.61	1.15	1.10	0.39	1.07
8.00	6.61	6.61	6.61	0.00	5.24	3.19	2.57	1.04	2.78	0.68	1.46	0.05	1.81	1.37	0.87	2.28	0.02	0.00	2.63	1.78	0.57	0.09	1.92
9.00	6.59	6.59	6.59	0.00	2.92	2.45	0.52	0.11	3.78	0.24	0.87	0.00	0.79	0.39	0.64	0.34	0.00	0.00	1.21	1.25	0.80	0.00	1.67
10.00	6.61	6.61	6.61	0.00	3.11	4.60	1.65	0.26	3.70	0.00	2.31	0.47	0.64	0.86	0.77	0.37	0.02	0.00	1.28	2.48	1.58	0.08	2.13
11.00	6.59	6.59	6.59	0.00	2.06	1.97	2.74	2.39	5.10	0.48	0.00	1.06	0.75	0.80	0.93	1.41	0.14	0.00	1.07	0.92	0.67	0.00	2.39
12.00	6.61	6.61	6.61	0.00	5.99	0.00	2.17	3.18	0.00	0.51	1.70	0.04	0.13	3.33	0.51	1.40	2.50	0.00	3.80	2.80	3.44	2.18	2.40
13.00	6.59	6.59	6.59	0.00	4.64	3.14	1.19	3.66	2.32	0.12	0.00	0.00	0.13	1.06	0.31	1.59	0.00	0.60	2.26	1.79	2.26	0.61	1.77
14.00	6.61	6.59	6.59	0.00	4.92	1.22	3.44	4.64	5.00	0.00	0.44	0.00	0.68	0.92	2.36	0.75	0.53	0.00	3.30	2.67	2.20	0.00	2.34
15.00	6.59	6.61	6.61	0.00	3.65	2.43	3.09	0.73	2.57	1.47	0.00	1.42	0.67	0.42	0.73	0.39	0.87	0.00	1.80	2.07	1.75	0.12	1.99
16.00	6.59	6.59	6.59	0.00	3.53	4.45	0.00	3.13	1.33	0.00	0.61	0.08	1.32	2.68	1.21	0.12	0.00	0.52	1.41	2.33	0.53	0.20	1.97
17.00	6.61	6.61	6.61	0.00	2.72	1.95	0.00	3.18	3.36	0.00	0.00	0.00	2.31	1.46	2.59	0.21	0.45	0.00	0.09	1.95	0.75	1.25	1.54
18.00	6.59	6.59	6.59	0.00	4.46	2.36	0.00	4.11	5.41	0.16	1.71	1.55	0.01	0.00	1.95	0.87	0.00	0.00	3.57	2.70	1.26	0.64	2.24
19.00	6.61	6.61	6.61	0.37	3.89	3.91	2.50	1.01	3.34	0.49	0.74	1.31	1.60	0.00	1.71	0.89	0.00	0.27	1.78	2.59	3.27	1.52	2.40
20.00	6.59	6.59	6.59	0.00	0.05	0.00	0.02	4.82	5.39	0.00	0.20	0.00	4.50	0.00	0.80	0.31	0.00	0.02	0.00	2.71	2.71	0.05	2.40
21.00	6.61	6.61	6.61	0.00	0.00	0.00	0.00	4.06	0.09	0.00	0.00	0.00	1.98	0.00	0.00	0.00	0.00	0.00	0.00	2.18	2.70	0.00	2.30
22.00	6.59	6.59	6.59	0.00	0.00	0.00	0.00	5.35	0.00	0.00	0.00	0.00	4.50	0.00	0.00	0.00	0.00	0.00	0.00	2.70	2.70	0.00	2.39
23.00	6.61	6.61	6.61	0.00	0.00	0.00	0.00	2.20	0.00	0.00	0.00	0.00	4.36	0.00	0.00	0.00	0.00	0.00	0.00	2.65	2.26	0.00	2.40
24.00	6.59	6.59	6.59	0.00	0.00	0.00	0.00	6.12	0.00	0.00	0.00	0.00	4.51	0.00	0.00	0.00	0.00	0.00	0.00	2.70	2.70	0.00	2.40
25.00	6.61	6.61	6.61	0.00	0.00	0.00	0.00	3.19	0.00	0.00	0.00	0.00	0.94	0.00	0.00	0.00	0.00	0.00	0.00	2.70	2.25	0.00	2.34
26.00	6.59	6.59	6.59	0.00	0.00	0.00	0.00	5.39	0.00	0.00	0.00	0.00	0.00	0.00	0.00	0.00	0.00	0.00	0.00	2.70	2.70	0.00	2.39
27.00	6.61	6.59	6.61	0.00	0.00	0.00	0.00	3.00	0.00	0.00	0.00	0.00	1.94	0.00	0.00	0.00	0.00	0.00	0.00	2.71	2.58	0.00	2.40
28.00	6.59	6.61	6.59	0.00	0.00	0.00	0.00	5.41	0.00	0.00	0.00	0.00	1.42	0.00	0.00	0.00	0.00	0.00	0.00	2.70	2.70	0.00	2.40
29.00	6.59	6.59	6.59	0.00	0.00	0.00	0.00	0.16	0.00	0.00	0.00	0.00	0.06	0.00	3.24	0.00	1.45	0.00	0.00	2.70	2.70	0.00	2.40
30.00	6.61	6.61	6.61	0.00	0.00	0.00	0.00	4.45	0.49	0.00	2.93	0.00	2.81	0.00	3.60	0.00	1.41	0.00	0.00	2.70	2.70	0.00	2.40
31.00	6.59	6.59	6.59	0.00	0.00	0.00	0.00	5.25	0.00	0.00	0.22	0.00	2.33	0.00	1.75	0.00	2.08	0.00	0.00	2.71	2.52	0.00	2.40
32.00	6.61	6.61	6.61	0.00	0.00	0.00	0.00	5.41	0.00	0.00	0.00	0.00	4.51	0.00	4.45	0.00	3.60	0.00	0.00	2.70	2.70	0.00	2.39
33.00	6.59	6.59	6.59	0.00	0.00	0.00	0.00	2.99	1.72	0.00	0.00	0.00	3.36	0.00	3.60	0.00	1.90	0.00	0.00	2.61	2.31	0.00	2.40
34.00	6.61	6.61	6.61	3.57	0.00	0.49	6.14	1.59	5.03	0.00	1.87	2.33	0.42	0.00	3.60	0.87	2.66	0.00	2.54	2.70	2.63	2.19	2.40
35.00	6.59	6.59	6.59	0.12	2.00	1.06	4.53	1.22	3.51	0.19	2.14	1.28	0.49	1.46	1.85	2.05	0.27	0.00	1.33	2.04	1.41	2.08	2.40
36.00	6.61	6.61	6.61	0.00	3.60	1.40	2.40	0.98	4.50	1.04	0.00	1.28	1.39	2.98	2.00	0.20	0.00	1.22	3.10	2.07	0.06	0.08	2.36
37.00	6.59	6.59	6.59	0.88	2.28	0.19	3.71	1.73	0.99	1.65	1.55	1.05	1.41	1.85	2.23	1.94	0.00	0.00	0.80	1.88	0.05	1.83	1.38
38.00	6.61	6.61	6.61	0.02	0.00	0.68	5.71	1.00	5.39	1.55	1.13	0.99	1.00	4.17	3.14	0.29	0.00	0.97	3.31	2.71	0.92	2.40	2.10
39.00	6.59	6.59	6.59	1.71	1.85	2.07	3.49	0.62	3.47	1.48	0.28	0.25	1.35	3.83	1.81	0.80	0.53	0.00	2.64	2.44	2.20	0.80	2.40
40.00	6.61	6.61	6.61	0.34	1.33	3.40	0.99	0.49	2.92	0.49	1.02	1.06	0.86	2.63	1.35	0.12	0.60	0.00	0.58	2.70	0.74	2.31	2.40
41.00	6.59	6.59	6.59	1.20	1.32	2.70	4.23	2.11	2.67	1.31	1.93	2.97	2.67	1.12	1.48	1.33	0.47	0.12	0.93	2.52	1.47	0.44	0.81
42.00	6.59	6.59	6.59	0.02	0.55	4.26	5.70	0.94	4.22	0.49	0.00	4.68	0.78	3.90	1.88	2.06	1.21	0.00	1.86	2.52	1.27	2.21	2.48
43.00	6.61	6.61	6.61	1.37	3.82	0.89	5.48	0.00	2.59	3.86	0.00	2.13	0.11	1.66	0.73	2.63	0.00	0.00	3.24	2.67	0.00	1.92	2.40
44.00	6.59	6.59	6.59	0.00	1.15	5.03	5.71	0.00	2.31	3.11	0.00	1.93	1.70	3.91	3.05	3.10	0.00	0.00	2.37	1.90	0.98	2.40	1.37
45.00	6.61	6.61	6.61	2.07	0.75	1.48	2.51	1.06	1.40	0.78	0.99	0.00	1.04	1.61	1.37	1.32	0.00	0.00	2.43	1.30	2.16	1.10	1.48
46.00	6.59	6.59	6.59	0.46	0.41	2.03	2.48	1.00	0.37	0.95	1.00	0.98	0.00	2.33	2.31	2.99	0.00	0.91	1.28	2.38	2.67	1.77	2.33
47.00	6.61	6.61	6.61	0.05	1.91	1.70	5.45	1.17	0.64	1.71	3.40	0.00	0.99	0.46	2.33	2.54	0.00	0.95	3.05	2.10	2.45	0.20	1.37
48.00	6.59	6.59	6.59	0.75	1.32	1.26	4.33	0.72	1.63	1.53	2.44	1.77	0.75	1.80	1.30	2.89	0.00	0.59	2.07	1.78	1.38	0.09	2.00
49.00	6.61	6.61	6.61	0.11	1.31	3.13	2.84	0.47	1.04	1.24	3.82	0.66	1.39	2.37	3.09	2.58	0.00	0.49	2.26	1.45	0.51	0.61	2.40
50.00	6.59	6.59	6.59	0.34	0.73	0.49	1.22	1.50	2.67	3.63	1.44	2.03	0.05	1.37	2.00	1.20	0.00	0.01	2.78	1.70	0.41	0.04	2.01
51.00	6.61	6.61	6.61	0.88	0.16	1.67	2.39	0.02	0.53	0.15	0.85	0.14	0.64	1.85	3.31	0.18	0.00	0.52	3.05	1.91	1.51	2.01	2.40
52.00	6.59	6.59	6.59	0.00	0.00	1.10	5.70	1.07	0.00	4.97	1.50	3.63	0.13	3.91	1.12	0.00	0.00	0.00	2.30	1.05	0.35	2.39	2.39
53.00	6.61	6.61	6.61	1.45	0.85	1.05	2.51	0.81	0.66	1.51	2.57	0.02	0.35	0.45	0.81	0.60	0.00	0.00	1.78	1.52	0.95	1.13	2.07
54.00	6.59	6.59	6.59	0.61	1.57	0.00	4.76	4.27	3.07	1.30	2.16	0.49	3.39	2.74	0.65	1.19	0.00	0.79	2.23	2.54	2.45	0.37	2.26
55.00	6.59	6.59	6.59	1.24	2.51	2.98	4.44	3.49	4.06	0.93	1.90	0.41	1.19	0.24	0.31	0.06	0.44	0.00	3.20	1.42	1.88	0.44	1.25
56.00	6.61	6.61	6.61	0.00	0.00	0.00	5.43	0.12	5.42	0.00	0.00	0.00	0.00	0.00	0.00	0.12	0.00	0.00	3.31	0.00	2.59	0.00	0.00
57.00	6.59	6.59	6.59	0.00	0.00	0.00	5.65	0.00	5.42	0.00	0.00	0.62	0.00	0.00	0.00	0.00	0.00	0.00	3.29	0.00	2.71	0.00	0.00
58.00	6.61	6.61	6.61	0.00	0.00	0.00	5.70	0.00	5.39	0.00	0.00	0.00	0.00	0.00	0.00	0.00	0.00	0.00	3.31	0.00	2.70	0.00	0.00
59.00	6.59	6.59	6.59	0.00	0.00	0.00	4.27	0.00	5.41	0.00	0.00	1.30	0.00	0.00	0.00	0.00	0.00	0.00	3.16	0.00	2.71	0.00	0.00
60.00	6.61	6.61	6.61	0.00	0.00	0.00	5.70	0.00	5.39	0.00	0.00	0.00	0.00	0.00	0.00	0.00	0.00	0.00	3.30	0.00	2.70	0.00	0.00
61.00	6.59	6.59	6.59	0.00	0.99	0.00	5.19	0.00	5.41	0.00	0.00	0.00	0.00	0.00	0.00	0.00	1.26	0.00	3.30	0.49	2.70	0.00	0.49
62.00	6.61	6.61	6.61	0.00	0.00	0.00	5.71	0.00	5.39	0.00	0.00	0.00	0.00	0.00	0.00	0.00	3.64	0.00	3.30	0.00	2.70	0.00	0.00
63.00	6.59	6.59	6.59	0.00	0.00	0.00	2.11	0.00	2.51	0.00	0.00	0.00	0.00	0.00	0.00	0.00	1.28	0.00	1.06	0.00	2.13	0.00	0.00
64.00	6.61	6.61	6.61	0.00	0.00	0.00	5.89	0.00	1.08	0.00	0.00	0.00	0.00	0.00	0.00	0.00	0.00	0.00	3.94	0.00	2.70	0.00	0.00
65.00	6.59	6.59	6.59	0.00	0.00	0.00	5.71	0.00	1.91	0.00	0.00	0.00	0.00	0.00	0.00	0.00	0.00	0.00	2.78	0.00	2.70	0.00	0.00
66.00	6.61	6.61	6.61	0.00	0.00	0.00	5.70	0.00	2.33	0.00	0.00	0.49	0.00	0.00	0.00	0.00	0.00	0.00	3.11	3.74	2.71	0.00	0.00
67.00	6.59	6.59	6.59	0.00	0.00	0.00	5.37	0.00	2.37	0.00	0.00	0.00	0.00	0.00	0.00	0.00	0.00	0.00	3.20	1.06	2.65	0.00	0.00
68.00	6.59	6.59	6.59	0.00	0.00	0.00	5.70	0.00	5.41	0.00	0.00	1.00	0.00	0.00	0.00	0.00	0.00	0.00	3.30	0.00	2.70	0.00	0.00
69.00	6.61	6.61	6.61	0.00	0.00	0.00	5.25	0.00	5.33	0.00	0.00	0.00	0.00	0.00	0.00	0.00	0.00	0.00	3.01	0.00	2.54	0.00	0.00
70.00	6.59	6.59	6.59	0.00	0.00	0.00	5.70	0.00	5.43	0.00	0.00	0.00	0.00	0.00	0.00	0.00	0.00	0.00	3.30	0.00	2.71	0.00	0.00
71.00	6.61	6.61	6.61	0.00	0.00	0.00	5.05	0.00	4.56	0.00	0.00	1.77	0.00	0.00	0.00	0.00	0.00	0.00	2.93	0.00	2.54	0.00	0.00
72.00	6.59	6.59	6.59	0.00	0.00	0.00	5.39	0.00	5.39	0.00	0.00	3.65	0.00	0.00	0.00	0.00	0.08	0.00	3.30	2.24	2.20	0.00	2.11
73.00	6.61	6.61	6.61	0.00	1.18	2.79	0.00	3.21	4.99	0.12	0.00	2.07	0.55	0.14	1.33	1.21	0.00	0.00	2.16	2.67	1.94	0.00	2.25
74.00	6.59	6.59	6.59	0.00	2.36	5.95	2.28	1.59	5.39	0.49	0.48	0.48	1.01	0.99	2.48	0.85	0.00	0.00	1.63	2.50	3.12	0.46	1.95
75.00	6.61	6.61	6.61	0.00	3.25	3.80	2.11	2.11	3.84	0.00	0.00	0.00	2.65	0.72	1.94	1.58	0.00	0.00	1.17	2.19	1.86	0.32	1.15
76.00	6.59	6.59	6.59	0.00	4.58	4.18	2.01	3.58	3.40	0.00	0.46	0.35	0.91	0.53	0.88	0.00	0.00	0.00	2.03	2.38	1.68	0.58	2.83
77.00	6.61	6.61	6.61	0.00	3.16	1.44	3.39	1.08	1.83	0.68	0.13	0.08	1.40	1.08	0.97	0.11	0.00	0.00	2.65	1.68	2.87	1.13	2.16
78.00	6.59	6.59	6.59	0.00	2.59	4.57	2.87	3.52	5.66	1.94	0.34	2.44	0.37	0.95	3.16	1.35	0.00	0.00	3.29	0.60	0.15	0.12	0.54
79.00	6.61	6.61	6.61	0.00	5.68	3.50	1.58	2.17	3.09	0.00	0.00	0.12	0.51	0.66	1.14	1.34	0.00	0.00	2.14	1.22	0.79	0.20	1.08
10.2.1.2	6.73	8.58
10.2.1.3	6.73	28.46
10.2.1.4	6.73	29.26
10.1.1.9	2.91	46863.63
10.1.1.20	1.80	123533.10
10.1.1.7	2.93	50961.85
10.1.1.5	1.56	133966.71
10.1.1.6	1.42	75962.57
10.1.1.13	1.08	129161.60
10.1.1.4	0.36	368240.94
10.1.1.12	0.70	282957.54
10.1.1.18	0.17	52608.80
10.1.1.19	1.99	59649.21
10.1.1.10	0.60	149885.10
10.1.1.11	0.68	323266.34
10.1.1.8	1.85	88585.78
10.1.1.15	1.19	114781.68
10.1.1.16	0.71	173480.44
10.1.1.17	0.50	153953.77
10.1.1.14	0.93	87798.17
10.1.1.22	0.53	145105.43
10.1.1.23	1.65	44672.62
10.1.1.21	1.97	26869.95
