Waf: Entering directory `/home/synrg-sc1/Desktop/Jiaming/ns-3.29-mesh/build'
Waf: Leaving directory `/home/synrg-sc1/Desktop/Jiaming/ns-3.29-mesh/build'
Build commands will be stored in build/compile_commands.json
'build' finished successfully (4.775s)
CreateVariables () DONE !!!
Creating 13 APs 50.00 m apart.
CreateApNodes () DONE !!!
Creating 0 CLs 20.00 m away from each AP.
CreateClNodes () DONE !!!
CreateNodes () DONE !!!
CreateMeshDevices () DONE !!!
CreateWifiDevices () DONE !!!
CreateCsmaDevices () DONE !!!
CreateDevices () DONE !!!
InstallInternetStack () DONE !!!
Gateway is connect to AP 0
InstallApplications () DONE !!!
Starting simulation for 80.00 s ...
-------------------------------------------------
Time[s]	ap-0	ap-1	ap-2	ap-3	ap-4	ap-5	ap-6	ap-7	ap-8	ap-9	ap-10	ap-11	ap-12
2.00	0.00	0.00	0.00	0.00	0.00	0.00	0.00	0.00	0.00	0.00	0.00	0.00	0.00
3.00	6.14	0.00	0.00	0.00	0.00	0.00	0.00	0.00	0.00	0.00	0.00	0.00	0.00
4.00	9.60	0.00	0.00	0.00	0.00	0.00	0.00	0.00	0.00	0.00	0.00	0.00	0.00
5.00	9.60	0.00	2.96	0.00	4.71	3.04	4.32	4.59	3.03	2.28	1.50	2.76	0.00
6.00	9.61	0.64	0.55	0.34	2.66	1.46	2.06	2.54	0.28	1.46	0.08	0.00	0.07
7.00	9.60	1.78	0.55	1.58	3.12	0.85	2.59	1.65	0.89	2.24	0.19	2.11	0.00
8.00	9.60	1.50	0.08	2.32	2.78	2.03	0.86	2.04	3.31	3.52	0.91	0.71	1.75
9.00	9.60	1.99	0.68	6.01	3.18	0.92	1.44	2.41	5.71	4.97	0.74	4.50	1.39
10.00	9.60	1.83	0.00	4.52	6.01	0.95	1.72	1.28	5.26	4.90	1.41	3.32	3.27
11.00	9.61	0.82	1.93	3.67	5.61	2.81	5.45	0.75	0.64	3.58	0.01	3.89	2.51
12.00	9.60	2.91	4.06	6.01	5.02	4.10	4.64	0.00	3.29	3.76	2.94	3.77	1.87
13.00	9.60	6.91	1.46	2.44	5.85	0.00	4.29	0.00	5.71	2.93	1.06	2.76	0.55
14.00	9.60	6.08	6.02	0.48	5.26	2.73	5.36	0.25	5.70	5.11	1.02	4.00	0.27
15.00	9.61	1.40	0.20	0.94	1.55	0.00	0.29	0.24	1.06	2.50	0.00	0.91	0.13
16.00	9.60	2.99	0.41	4.76	0.65	0.45	0.32	1.06	4.15	2.53	0.45	2.30	1.39
17.00	9.60	6.89	0.02	2.99	0.00	0.00	2.56	5.92	5.70	3.70	0.19	4.40	0.99
18.00	9.60	6.88	1.26	5.08	0.40	5.37	5.99	5.70	5.69	5.10	0.45	4.50	0.53
19.00	9.60	4.02	0.00	0.91	4.10	0.18	2.16	3.94	4.68	4.02	0.00	4.49	2.26
20.00	9.61	2.71	4.46	3.74	3.01	3.79	0.00	1.10	3.42	2.72	2.87	4.49	0.04
21.00	9.60	4.62	0.40	4.59	2.60	6.10	2.17	3.69	3.33	0.11	0.99	4.50	1.47
22.00	9.60	2.20	0.82	2.00	2.67	1.41	1.44	3.09	0.65	3.87	1.19	3.92	1.32
23.00	9.60	0.39	2.16	4.80	4.04	2.13	3.47	4.50	1.68	3.98	0.49	3.71	0.82
24.00	9.61	1.74	2.04	5.84	5.51	2.03	3.20	4.10	2.81	5.10	1.61	4.51	0.93
25.00	9.60	4.80	0.49	3.71	6.01	0.14	6.01	0.00	5.63	5.10	0.16	4.50	2.79
26.00	9.60	2.63	4.09	2.28	4.15	3.13	5.17	2.97	5.38	4.44	0.00	3.78	0.25
27.00	9.60	0.09	3.31	6.01	4.93	1.33	1.55	5.70	5.45	2.04	0.08	3.12	0.00
28.00	9.60	3.89	1.45	2.37	3.27	1.41	2.84	4.37	2.94	1.24	2.00	4.47	1.74
29.00	9.61	0.66	1.81	4.40	3.97	0.16	4.57	5.57	0.25	1.33	0.01	2.53	2.80
30.00	9.60	4.57	1.99	0.54	4.32	0.59	4.04	5.05	1.88	2.84	0.39	4.16	0.26
31.00	9.60	0.00	1.11	3.84	3.59	0.09	5.19	3.01	3.09	4.25	0.01	4.36	1.45
32.00	9.60	0.18	2.26	3.03	3.44	1.68	3.16	3.99	3.21	3.07	0.00	1.91	1.32
33.00	9.60	0.00	0.28	2.46	3.43	1.75	1.17	2.76	1.80	1.84	1.33	3.29	0.01
34.00	9.61	0.84	0.00	0.79	1.78	0.19	0.45	1.10	0.74	0.00	0.00	0.38	0.08
35.00	9.60	1.95	1.11	3.40	4.22	1.83	3.07	2.27	1.67	1.00	0.33	3.17	0.92
36.00	9.60	4.17	0.46	3.86	4.69	1.83	1.87	1.41	1.52	2.34	2.17	2.12	1.33
37.00	9.60	4.82	1.55	4.71	2.76	0.26	0.64	5.69	1.00	3.30	0.00	1.78	1.15
38.00	9.61	2.06	0.57	5.99	2.10	5.79	5.52	5.71	1.14	4.92	2.54	4.50	3.49
39.00	9.60	2.96	0.00	5.64	2.61	2.32	4.80	1.92	1.86	4.57	2.60	3.56	0.42
40.00	9.60	1.97	0.67	3.40	1.24	1.30	2.32	5.53	1.73	2.74	0.20	1.45	1.44
41.00	9.60	0.46	0.84	0.66	3.32	0.38	3.19	0.93	3.06	1.47	0.41	2.33	0.37
42.00	9.60	4.32	1.57	5.99	5.99	1.42	1.93	4.02	2.32	2.70	3.14	1.90	0.07
43.00	9.61	2.26	1.18	5.81	3.09	2.45	5.53	0.68	0.19	4.58	1.12	4.50	0.99
44.00	9.60	2.94	3.17	3.94	2.21	0.00	3.20	4.46	1.91	4.88	0.12	4.17	0.08
45.00	9.60	3.69	0.02	4.40	1.01	4.50	0.41	5.57	5.70	5.10	0.54	4.50	2.73
46.00	9.60	0.34	0.07	5.99	5.59	4.22	2.24	1.40	5.55	5.10	0.67	4.50	1.73
47.00	9.61	0.07	0.01	3.83	4.29	1.44	1.07	1.95	3.73	1.77	1.35	1.37	2.64
48.00	9.60	0.42	0.53	3.98	5.90	0.04	3.89	5.86	1.98	2.93	0.85	4.33	1.38
49.00	9.60	3.62	3.76	0.00	5.92	0.54	5.03	5.70	4.56	1.91	0.11	4.50	2.65
50.00	9.60	2.96	0.07	4.72	5.99	6.52	4.97	5.69	5.59	5.00	1.53	4.10	0.78
51.00	9.60	6.52	1.93	1.80	0.11	1.70	3.92	5.71	5.59	4.00	3.32	4.38	1.22
52.00	9.61	6.03	1.45	5.96	1.27	2.10	3.77	5.70	4.78	5.03	1.88	4.47	0.64
53.00	9.60	2.30	3.13	3.01	4.10	1.13	1.67	3.72	2.63	4.78	1.74	4.51	2.21
54.00	9.60	3.72	4.42	4.59	3.20	0.98	3.83	4.38	1.13	3.73	2.23	4.50	3.17
55.00	9.60	1.31	0.00	4.11	6.01	1.58	4.31	5.38	4.19	1.40	0.24	4.51	1.37
56.00	9.60	3.30	3.45	4.40	4.89	1.31	4.07	5.05	0.51	4.47	0.68	4.50	3.43
57.00	9.61	2.79	1.84	1.70	5.30	2.06	3.50	3.42	1.32	3.46	0.52	1.30	2.05
58.00	9.60	4.99	0.00	1.15	5.42	2.16	5.44	5.58	0.00	4.22	1.31	4.07	0.00
59.00	9.60	4.06	1.66	1.20	4.27	2.74	1.97	1.83	1.04	2.00	0.92	4.49	1.81
60.00	9.60	4.13	4.77	4.83	5.99	2.38	4.10	3.17	1.42	5.11	0.00	4.50	1.67
61.00	9.61	1.34	1.73	1.98	4.66	0.05	3.24	0.34	1.67	3.71	0.49	2.61	1.25
62.00	9.60	6.01	3.31	5.06	6.21	1.99	3.03	3.94	2.80	5.10	3.11	4.53	2.97
63.00	9.60	2.17	0.32	1.98	4.26	1.05	2.25	1.05	1.84	3.13	0.00	2.59	0.00
64.00	9.60	2.24	0.00	0.61	1.75	0.19	2.92	0.52	2.36	0.99	0.11	3.10	0.75
65.00	9.60	3.44	1.61	0.28	3.07	4.37	1.99	1.52	1.51	2.30	0.57	1.38	0.94
66.00	9.61	0.84	0.57	3.66	5.57	3.76	2.63	0.00	2.08	3.63	0.00	3.97	1.39
67.00	9.60	5.24	3.43	1.67	5.92	4.84	2.78	0.00	1.59	1.80	0.27	4.50	0.73
68.00	9.60	6.56	2.65	2.81	5.43	1.51	3.37	0.33	4.75	0.75	2.06	3.79	0.97
69.00	9.60	6.65	2.79	3.37	4.73	2.52	5.82	3.04	1.33	1.57	0.04	4.49	0.52
70.00	9.61	3.49	0.66	1.20	5.20	3.05	2.40	5.58	2.04	1.99	0.15	3.99	2.28
71.00	9.60	1.71	0.44	4.66	5.73	0.25	0.66	5.56	5.70	0.00	0.68	1.17	0.85
72.00	9.60	0.48	4.00	3.72	2.39	2.98	3.67	4.83	3.33	3.24	0.00	4.22	1.18
73.00	9.60	2.86	0.25	2.46	0.65	1.61	1.25	1.10	4.38	1.95	0.00	3.40	0.08
74.00	9.60	2.96	0.18	0.13	1.78	2.28	0.35	1.34	2.31	2.20	1.63	3.42	1.27
75.00	9.61	5.99	2.45	1.77	2.59	1.64	2.45	2.68	3.06	4.09	0.82	1.77	1.33
76.00	9.60	6.90	0.06	2.86	5.99	0.91	5.20	4.15	0.00	5.10	2.39	4.04	2.12
77.00	9.60	4.35	0.00	5.48	4.15	0.01	4.52	5.59	3.03	4.35	4.12	1.06	0.18
78.00	9.60	2.07	0.84	1.40	4.36	0.49	1.81	1.50	3.97	0.31	0.77	1.65	0.40
79.00	9.60	1.66	0.49	3.92	1.04	2.07	2.50	3.30	5.18	3.64	0.25	2.81	2.45
10.2.1.2	9.78	8.51
10.1.1.3	1.51	161272.25
10.1.1.8	3.17	31228.90
10.1.1.9	2.93	57750.05
10.1.1.13	1.30	159674.74
10.1.1.2	3.09	72195.57
10.1.1.4	3.32	11858.23
10.1.1.5	3.87	14335.01
10.1.1.6	1.92	68593.34
10.1.1.7	3.07	40773.58
10.1.1.12	3.42	20259.39
10.1.1.10	3.25	27070.64
10.1.1.11	0.95	123799.06
