Waf: Entering directory `/home/synrg-sc1/Desktop/Jiaming/ns-3.29-mesh/build'
Waf: Leaving directory `/home/synrg-sc1/Desktop/Jiaming/ns-3.29-mesh/build'
Build commands will be stored in build/compile_commands.json
'build' finished successfully (4.738s)
CreateVariables () DONE !!!
Creating 10 APs 50.00 m apart.
CreateApNodes () DONE !!!
Creating 0 CLs 20.00 m away from each AP.
CreateClNodes () DONE !!!
CreateNodes () DONE !!!
CreateMeshDevices () DONE !!!
CreateWifiDevices () DONE !!!
CreateCsmaDevices () DONE !!!
CreateDevices () DONE !!!
InstallInternetStack () DONE !!!
Gateway is connect to AP 0
InstallApplications () DONE !!!
Starting simulation for 80.00 s ...
-------------------------------------------------
Time[s]	ap-0	ap-1	ap-2	ap-3	ap-4	ap-5	ap-6	ap-7	ap-8	ap-9
2.00	0.00	0.00	0.00	0.00	0.00	0.00	0.00	0.00	0.00	0.00
3.00	7.25	6.97	0.00	0.00	0.00	0.00	0.00	0.00	0.00	0.00
4.00	8.10	7.81	0.00	0.00	0.00	0.00	0.00	0.00	0.00	0.00
5.00	8.10	7.80	0.00	1.20	0.60	0.73	1.71	0.31	2.57	0.57
6.00	8.10	7.80	4.52	0.84	2.03	1.07	3.26	0.00	2.37	0.57
7.00	8.10	7.81	2.98	5.02	1.05	0.44	0.78	1.13	1.17	0.65
8.00	8.09	7.80	2.24	1.70	0.00	2.52	1.15	0.00	2.59	1.70
9.00	8.10	7.80	0.59	2.87	0.37	1.70	1.17	0.00	3.25	0.41
10.00	8.10	7.81	5.37	0.00	1.27	0.00	2.26	0.00	2.11	0.00
11.00	8.10	7.80	1.50	2.94	0.00	2.30	1.44	0.00	1.60	0.99
12.00	8.10	7.81	1.28	3.12	0.00	2.84	1.39	0.00	1.70	0.00
13.00	8.10	7.80	3.74	5.05	3.52	1.81	1.24	0.00	3.21	0.87
14.00	8.09	7.80	5.00	6.41	0.01	4.35	0.53	0.00	3.67	2.26
15.00	8.10	7.81	1.34	3.99	0.00	2.21	1.48	0.00	2.00	0.15
16.00	8.10	7.80	0.93	2.33	0.06	2.31	2.03	0.00	3.63	1.55
17.00	8.10	7.80	4.79	5.32	0.00	3.74	3.33	0.00	3.06	2.71
18.00	8.10	7.81	0.97	1.07	0.32	1.12	2.85	0.00	2.65	0.00
19.00	8.10	7.80	0.42	5.51	1.77	1.74	0.55	0.00	2.40	1.48
20.00	8.09	7.80	2.43	1.32	2.36	0.47	2.73	0.00	4.45	0.39
21.00	8.10	7.81	1.31	2.68	0.79	0.77	0.22	0.00	2.21	0.15
22.00	8.10	7.80	1.61	4.04	0.25	1.38	1.44	0.00	4.11	1.44
23.00	8.10	7.81	2.18	3.85	0.11	2.43	2.34	0.00	2.32	0.13
24.00	8.10	7.80	1.26	3.04	0.01	3.00	0.99	0.00	2.93	0.72
25.00	8.10	7.80	3.39	2.77	0.19	2.83	4.04	0.00	3.94	0.00
26.00	8.09	7.81	4.49	4.27	0.00	2.89	2.32	0.00	2.70	0.42
27.00	8.10	7.80	1.68	1.25	0.00	3.45	1.10	0.00	1.88	0.33
28.00	8.10	7.80	2.40	1.84	0.00	3.66	2.33	0.00	2.65	0.86
29.00	8.10	7.81	3.37	5.92	0.05	2.36	0.52	0.00	3.47	0.14
30.00	8.10	7.80	6.49	5.61	2.30	2.01	2.25	0.00	3.00	0.85
31.00	8.10	7.80	0.46	3.64	0.01	0.00	0.00	0.00	0.65	0.00
32.00	8.10	7.81	0.00	4.95	0.00	3.89	1.26	0.00	0.81	0.01
33.00	8.09	7.80	0.00	5.18	0.07	4.30	0.46	0.00	1.88	1.55
34.00	8.10	7.81	0.00	5.48	0.00	4.56	0.00	0.00	1.06	2.78
35.00	8.10	7.80	0.99	3.66	0.00	1.55	1.52	0.00	2.52	1.37
36.00	8.10	7.80	2.98	5.33	0.66	1.88	1.42	0.00	2.77	0.53
37.00	8.10	7.81	0.00	4.69	0.00	4.52	0.77	0.00	2.84	0.12
38.00	8.10	7.80	2.96	4.51	0.00	3.43	0.00	0.00	3.24	0.00
39.00	8.09	7.80	0.05	2.65	0.01	2.16	0.00	0.00	3.17	0.00
40.00	8.10	7.81	0.45	3.96	0.00	1.98	0.05	0.00	1.81	0.85
41.00	8.10	7.80	0.07	5.49	0.01	0.24	0.54	0.00	1.90	0.00
42.00	8.10	7.80	0.00	1.85	0.00	0.87	0.00	0.00	1.07	0.00
43.00	8.10	7.81	0.00	4.99	0.40	0.77	1.34	0.00	2.94	1.04
44.00	8.10	7.80	0.00	6.41	1.71	1.57	4.04	0.00	2.60	0.11
45.00	8.09	7.81	1.30	0.00	0.65	0.00	0.93	0.00	0.09	0.00
46.00	8.10	7.80	1.25	0.00	0.00	0.00	0.00	0.00	0.00	0.00
47.00	8.10	7.80	0.00	0.00	0.00	0.00	0.00	0.00	0.00	0.00
48.00	8.10	7.81	3.46	0.00	0.00	0.00	0.00	0.00	0.00	0.00
49.00	8.10	7.80	5.51	0.00	0.00	0.00	0.00	0.00	0.00	0.00
50.00	8.10	7.80	0.00	0.00	0.00	0.00	0.00	0.00	0.00	0.00
51.00	8.09	7.81	3.38	1.73	1.57	0.45	0.33	0.00	3.29	0.00
52.00	8.10	7.80	0.82	5.49	0.31	4.10	1.07	0.00	3.39	0.00
53.00	8.10	7.80	4.13	6.08	0.00	1.04	3.17	0.00	2.98	0.40
54.00	8.10	7.81	0.38	6.26	0.34	4.38	3.90	0.00	3.38	0.00
55.00	8.10	7.80	0.59	6.43	0.54	4.95	3.80	0.00	3.64	0.00
56.00	8.10	7.81	3.30	4.58	0.39	3.16	0.00	0.00	1.59	0.69
57.00	8.10	7.80	3.29	6.16	0.55	2.63	3.01	0.00	3.60	0.00
58.00	8.09	7.80	5.18	2.53	0.00	0.00	3.87	0.00	3.90	0.00
59.00	8.10	7.81	5.10	1.58	0.37	0.64	4.10	0.00	3.90	0.00
60.00	8.10	7.80	6.90	7.50	3.03	2.40	4.72	0.00	3.90	0.00
61.00	8.10	7.80	2.12	4.39	0.00	2.94	2.08	0.00	2.23	0.51
62.00	8.10	7.81	2.03	0.58	0.91	2.79	1.51	0.00	2.39	0.00
63.00	8.10	7.80	5.58	1.73	0.40	5.02	3.76	0.00	2.92	1.05
64.00	8.09	7.80	2.57	2.28	0.54	3.31	2.76	0.00	2.87	0.32
65.00	8.10	7.81	2.17	3.47	0.04	0.85	0.39	0.00	0.68	0.78
66.00	8.10	7.80	1.01	4.95	0.00	5.03	4.37	0.00	2.99	2.26
67.00	8.10	7.81	3.89	5.33	0.00	4.30	0.85	0.00	3.25	2.07
68.00	8.10	7.80	1.87	2.27	0.02	3.03	1.20	0.00	2.98	0.42
69.00	8.10	7.80	4.77	2.17	0.02	0.72	0.66	0.00	2.44	0.00
70.00	8.09	7.81	6.81	3.73	0.00	0.49	0.15	0.00	3.47	1.75
71.00	8.10	7.80	5.17	5.92	0.88	1.90	1.18	0.00	1.28	0.00
72.00	8.10	7.80	3.46	2.57	2.60	1.42	2.08	0.00	3.19	0.05
73.00	8.10	7.81	4.00	4.73	2.01	3.30	1.83	0.00	3.06	0.48
74.00	8.10	7.80	0.31	4.06	1.52	3.91	0.08	0.00	3.20	1.44
75.00	8.10	7.80	1.42	5.44	0.51	4.75	0.08	0.00	3.62	1.91
76.00	8.09	7.81	0.00	2.14	0.00	3.96	0.00	0.00	2.92	0.49
77.00	8.10	7.80	0.53	2.34	0.54	4.19	1.92	0.00	1.90	0.00
78.00	8.10	7.81	1.70	2.24	0.00	2.53	0.78	0.00	3.58	1.57
79.00	8.10	7.80	3.07	5.98	0.00	2.36	2.78	0.00	3.12	1.24
10.2.1.2	8.25	8.18
10.2.1.3	7.95	8.07
10.1.1.4	3.60	30172.34
10.1.1.5	0.53	82444.78
10.1.1.3	2.38	44790.06
10.1.1.7	1.59	60554.11
10.1.1.8	0.76	54394.50
10.1.1.6	2.26	44472.81
10.1.1.9	2.56	38340.44
10.1.1.10	0.64	63325.70
