Waf: Entering directory `/home/synrg-sc1/Desktop/Jiaming/ns-3.29-mesh/build'
Waf: Leaving directory `/home/synrg-sc1/Desktop/Jiaming/ns-3.29-mesh/build'
Build commands will be stored in build/compile_commands.json
'build' finished successfully (4.913s)
CreateVariables () DONE !!!
Creating 24 APs 50.00 m apart.
CreateApNodes () DONE !!!
Creating 0 CLs 20.00 m away from each AP.
CreateClNodes () DONE !!!
CreateNodes () DONE !!!
CreateMeshDevices () DONE !!!
CreateWifiDevices () DONE !!!
CreateCsmaDevices () DONE !!!
CreateDevices () DONE !!!
InstallInternetStack () DONE !!!
Gateway is connect to AP 0
InstallApplications () DONE !!!
Starting simulation for 80.00 s ...
-------------------------------------------------
Time[s]	ap-0	ap-1	ap-2	ap-3	ap-4	ap-5	ap-6	ap-7	ap-8	ap-9	ap-10	ap-11	ap-12	ap-13	ap-14	ap-15	ap-16	ap-17	ap-18	ap-19	ap-20	ap-21	ap-22	ap-23
2.00	0.00	0.00	0.00	0.00	0.00	0.00	0.00	0.00	0.00	0.00	0.00	0.00	0.00	0.00	0.00	0.00	0.00	0.00	0.00	0.00	0.00	0.00	0.00	0.00
3.00	6.78	6.01	5.25	0.00	0.00	0.00	0.00	0.00	0.00	0.00	0.00	0.00	0.00	0.00	0.00	0.00	0.00	0.00	0.00	0.00	0.00	0.00	0.00	0.00
4.00	7.81	6.90	5.99	0.00	0.00	0.00	0.00	0.00	0.00	0.00	0.00	0.00	0.00	0.00	0.00	0.00	0.00	0.00	0.00	0.00	0.00	0.00	0.00	0.00
5.00	7.80	6.90	6.01	0.00	0.97	0.04	0.00	0.42	1.13	0.34	0.04	1.40	0.65	0.00	0.20	0.04	0.00	0.04	0.00	0.00	0.04	0.11	0.04	0.22
6.00	7.80	6.90	5.99	0.04	3.14	0.14	0.04	1.33	3.19	1.98	0.95	1.20	2.79	0.00	1.27	0.00	1.18	0.73	0.04	0.09	0.00	0.59	0.07	0.57
7.00	7.81	6.90	6.01	1.04	2.11	0.89	0.00	1.12	1.07	1.22	0.00	1.68	2.99	1.19	0.68	0.00	0.16	0.14	0.94	0.09	0.42	0.27	0.00	1.32
8.00	7.80	6.90	5.99	3.37	2.59	0.68	3.42	0.88	4.35	2.34	0.62	4.09	4.10	2.30	0.85	0.00	0.40	0.57	2.44	1.08	0.45	0.81	0.80	1.13
9.00	7.80	6.90	6.01	1.32	1.17	2.80	3.63	0.00	3.65	2.91	0.00	2.91	2.83	1.91	1.01	0.00	0.00	0.29	2.31	0.31	0.01	0.49	0.46	1.18
10.00	7.81	6.90	5.99	3.10	1.00	1.75	3.21	0.08	2.64	2.73	0.00	2.05	3.70	0.93	0.26	0.00	1.24	0.69	0.85	0.33	0.00	1.15	0.72	1.19
11.00	7.80	6.90	6.01	1.24	1.67	0.00	1.53	0.85	2.73	3.20	1.51	1.18	2.25	1.73	0.04	0.00	0.64	0.00	1.64	0.15	0.11	0.22	0.49	0.66
12.00	7.81	6.90	5.99	1.07	2.59	0.07	4.43	0.82	3.83	1.99	1.91	3.27	3.52	2.19	0.15	0.00	0.00	0.19	2.70	0.16	1.48	1.51	0.01	0.86
13.00	7.80	6.90	6.01	3.30	1.08	0.05	0.47	0.35	4.45	1.15	0.00	2.83	0.77	0.00	1.25	1.12	1.27	0.64	1.99	0.66	0.22	0.02	0.75	1.28
14.00	7.80	6.90	5.99	0.00	5.85	0.00	1.10	0.00	0.00	2.48	3.23	4.50	3.30	0.00	0.59	1.24	0.00	0.26	1.57	1.68	0.00	1.17	0.53	1.26
15.00	7.81	6.90	6.01	0.00	1.97	0.00	1.94	0.00	0.00	1.79	1.39	2.79	2.73	0.00	1.04	0.02	0.00	0.66	1.40	1.11	0.00	0.78	0.21	0.82
16.00	7.80	6.90	5.99	0.00	2.38	0.00	1.22	0.00	0.00	2.53	3.23	2.45	1.24	0.00	0.24	0.16	0.00	0.00	2.04	1.65	0.00	1.20	0.26	0.42
17.00	7.80	6.89	6.01	0.75	0.67	0.60	3.83	0.00	1.28	2.19	0.42	3.00	2.30	3.04	1.41	0.28	0.11	0.53	1.55	0.18	0.00	0.39	0.02	0.21
18.00	7.81	6.90	5.99	4.37	0.13	0.34	2.77	0.00	1.75	1.85	0.49	3.20	4.17	0.78	0.71	0.00	1.42	0.00	1.45	0.92	0.00	0.15	0.20	1.30
19.00	7.80	6.90	6.01	5.69	0.60	1.87	4.06	0.07	0.00	2.27	0.00	0.99	2.28	1.57	1.92	0.00	0.87	2.08	0.93	0.02	0.61	0.14	0.00	1.34
20.00	7.80	6.90	5.99	2.56	3.86	0.45	5.29	0.02	4.16	4.40	0.49	2.98	3.44	1.46	0.89	0.00	1.85	0.87	3.04	0.86	0.09	1.50	0.08	1.47
21.00	7.81	6.90	6.01	4.06	2.72	0.00	1.33	1.31	2.92	1.87	0.00	1.84	3.47	0.88	1.21	0.00	0.77	0.00	2.64	1.78	0.52	1.45	0.00	0.78
22.00	7.80	6.90	5.99	4.53	3.16	1.54	3.04	1.60	3.47	2.78	1.10	2.36	4.17	0.00	0.32	0.00	1.08	1.93	2.07	1.27	0.57	0.89	0.92	0.54
23.00	7.81	6.90	6.01	1.45	2.04	0.32	1.91	1.70	5.10	2.00	0.77	2.83	0.74	1.22	0.00	0.00	0.00	0.22	1.73	0.85	0.00	0.01	0.48	1.06
24.00	7.80	6.90	5.99	3.45	2.17	1.30	2.98	0.52	5.06	2.74	0.62	1.84	1.34	0.49	1.12	0.00	0.00	1.54	1.64	1.95	0.00	0.24	0.00	1.30
25.00	7.80	6.90	6.01	0.66	2.51	0.75	3.49	1.47	1.50	0.27	0.51	4.44	3.38	0.49	0.06	0.01	0.60	0.19	1.78	0.04	0.00	0.52	0.00	0.15
26.00	7.81	6.90	5.99	0.00	0.00	0.48	1.19	0.00	0.00	0.00	0.00	4.23	4.50	0.00	0.00	0.00	0.00	2.47	2.70	0.00	0.00	0.00	0.01	0.00
27.00	7.80	6.90	6.01	2.67	1.88	0.87	5.20	0.00	1.04	1.91	0.28	3.38	2.20	2.33	0.21	0.00	0.07	1.06	2.19	0.38	0.00	1.21	0.04	1.67
28.00	7.80	6.90	5.99	2.76	1.19	0.69	5.18	0.48	2.39	4.09	0.49	4.40	4.85	3.11	1.06	0.00	0.99	1.50	2.98	2.03	0.00	0.05	0.46	0.86
29.00	7.81	6.90	6.01	1.32	1.61	0.02	1.90	0.00	2.19	3.13	0.00	2.23	3.46	0.89	0.72	0.00	0.00	0.15	1.60	0.41	1.22	0.75	0.87	0.79
30.00	7.80	6.90	5.99	0.84	1.99	1.17	2.41	1.37	4.32	2.18	0.49	4.56	2.90	0.00	0.51	0.00	1.05	0.01	1.55	0.78	0.48	0.01	0.12	1.21
31.00	7.80	6.90	6.01	1.34	1.57	0.00	0.00	0.58	3.97	2.36	0.22	2.48	3.60	0.00	0.14	0.00	0.05	0.54	0.69	0.00	0.06	0.62	0.00	1.26
32.00	7.81	6.90	5.99	3.37	2.76	0.48	2.52	0.64	3.52	0.88	0.00	4.50	4.49	0.00	0.00	0.00	0.86	0.86	0.00	1.11	0.00	1.50	0.52	1.28
33.00	7.80	6.90	6.01	2.48	2.53	0.12	0.00	1.25	3.33	1.58	0.37	2.05	2.73	1.44	0.19	0.00	0.00	0.59	1.85	0.07	0.02	0.72	0.19	0.88
34.00	7.81	6.89	5.99	1.84	3.00	0.74	3.14	0.49	3.89	2.20	0.00	3.84	2.44	0.80	1.14	0.00	1.06	0.00	2.97	0.79	0.38	1.08	0.28	1.00
35.00	7.80	6.90	6.01	2.26	0.86	0.82	2.81	1.32	1.60	2.04	1.10	4.43	2.96	0.49	0.15	0.00	0.54	0.06	2.23	2.04	0.54	1.75	0.05	1.27
36.00	7.80	6.90	5.99	1.38	4.29	2.21	3.98	0.00	5.10	3.76	0.00	1.00	3.00	3.12	1.68	0.00	0.00	0.84	0.48	0.15	0.22	1.00	0.00	0.92
37.00	7.81	6.90	6.01	0.00	1.05	0.44	1.58	0.06	1.14	0.73	0.33	4.50	0.58	0.31	0.04	0.00	0.00	0.00	2.21	0.74	0.02	0.35	0.19	0.42
38.00	7.80	6.90	5.99	0.00	0.00	0.00	0.00	0.00	0.00	0.00	0.00	4.50	0.16	0.00	0.00	0.00	0.00	0.00	2.70	0.00	0.02	0.00	0.00	0.00
39.00	7.80	6.90	6.01	0.00	0.00	0.00	0.00	0.00	0.00	0.00	0.00	4.42	0.00	0.00	0.00	0.00	0.00	0.00	2.63	0.00	0.00	0.00	0.00	0.00
40.00	7.81	6.90	5.99	0.00	0.00	0.00	0.00	0.00	0.00	0.00	0.00	4.50	0.00	0.00	0.00	0.00	0.00	0.00	2.70	0.00	0.00	0.00	0.00	0.00
41.00	7.80	6.90	6.01	0.00	0.00	0.00	0.00	0.00	0.00	0.00	0.00	4.51	0.00	0.00	0.00	0.00	0.00	0.00	2.44	0.00	0.00	0.00	0.00	0.00
42.00	7.80	6.90	5.99	0.00	0.00	0.00	0.00	0.00	0.00	0.00	0.00	4.50	0.00	0.00	0.00	0.00	0.00	0.00	2.70	0.00	0.00	0.00	0.00	0.00
43.00	7.81	6.90	6.01	0.00	0.00	0.00	0.00	0.00	0.00	0.00	0.00	4.50	0.00	0.00	0.00	0.00	0.00	0.00	2.70	0.00	0.00	0.00	0.00	0.00
44.00	7.80	6.90	5.99	0.00	0.00	0.00	0.00	0.00	0.00	0.00	0.00	4.50	0.00	0.00	0.00	0.00	0.00	0.00	2.71	0.00	0.00	0.00	0.00	0.00
45.00	7.81	6.90	6.01	0.00	0.00	0.00	0.00	0.00	0.00	0.00	0.00	4.36	0.00	0.00	0.00	0.00	0.00	0.00	2.70	0.00	0.00	0.00	0.00	0.00
46.00	7.80	6.90	5.99	0.00	0.00	0.00	0.00	0.00	0.00	0.00	0.00	4.50	0.00	0.00	0.00	0.00	0.00	0.00	2.70	0.00	0.00	0.00	0.00	0.00
47.00	7.80	6.90	6.01	0.00	0.00	0.00	0.00	0.00	0.00	0.00	0.00	4.32	0.00	0.00	0.00	0.00	0.00	0.00	2.37	0.00	0.00	0.00	0.00	0.00
48.00	7.81	6.90	6.01	0.00	0.00	0.00	0.00	0.00	0.00	0.00	0.00	4.51	0.00	0.00	0.00	0.00	0.00	0.00	2.71	0.00	0.00	0.00	0.00	0.00
49.00	7.80	6.90	5.99	0.00	0.00	0.00	0.00	0.00	0.00	0.00	0.00	4.12	0.00	0.00	0.00	0.00	0.00	0.00	0.71	0.00	0.00	0.00	0.00	0.00
50.00	7.80	6.89	6.01	0.00	0.00	0.00	0.00	0.00	0.00	0.00	0.00	4.47	0.00	0.00	0.00	0.00	0.00	0.00	2.90	0.00	0.00	0.00	0.00	0.00
51.00	7.81	6.90	5.99	0.00	0.00	0.00	0.00	0.00	0.00	0.00	0.00	4.20	0.00	0.00	0.00	0.00	0.00	0.00	2.70	0.00	0.00	0.00	0.00	0.00
52.00	7.80	6.90	6.01	0.00	0.00	0.00	0.00	0.00	0.00	0.00	0.00	4.50	0.00	0.00	0.00	0.00	0.00	0.00	2.71	0.00	0.00	0.00	0.00	0.00
53.00	7.80	6.90	5.99	0.00	0.00	0.00	0.00	0.00	0.00	0.00	0.00	4.50	0.00	0.00	0.00	0.00	0.00	0.00	2.70	0.00	0.00	0.00	0.00	0.00
54.00	7.81	6.90	6.01	2.57	6.64	0.00	0.00	0.00	0.00	0.00	0.00	4.50	0.00	0.00	0.00	0.00	0.00	0.00	2.70	0.00	0.00	0.95	0.00	0.00
55.00	7.80	6.90	5.99	2.45	5.13	0.00	0.00	0.00	0.00	0.00	0.00	4.51	0.00	0.00	0.00	0.00	0.00	0.00	2.43	0.00	0.00	1.75	0.00	0.00
56.00	7.81	6.90	6.01	5.99	5.70	0.00	0.00	0.00	0.00	0.00	0.00	4.50	0.00	0.00	0.00	0.00	0.00	0.00	2.70	0.00	0.00	1.79	0.00	0.00
57.00	7.80	6.90	5.99	5.48	2.31	0.00	0.00	0.00	0.00	0.00	0.00	4.32	0.00	0.00	0.00	0.00	0.00	0.00	2.70	0.00	0.00	1.80	0.00	1.91
58.00	7.80	6.90	6.01	6.01	6.35	0.00	0.00	0.02	3.66	0.00	1.39	3.99	0.00	0.00	0.00	0.00	0.24	0.00	2.70	0.00	0.00	1.68	0.00	1.50
59.00	7.81	6.90	5.99	1.40	4.35	0.00	0.00	0.00	5.10	0.00	0.49	2.81	0.00	0.00	0.00	0.00	0.00	0.00	2.68	0.00	0.00	0.88	0.00	1.50
60.00	7.80	6.90	6.01	1.59	0.58	0.00	0.00	0.00	5.10	0.00	2.27	4.23	0.00	0.00	0.00	0.00	0.00	0.00	2.70	0.00	0.00	1.65	0.00	1.51
61.00	7.80	6.90	5.99	2.86	0.79	0.00	0.00	0.11	3.63	0.00	2.28	3.17	0.00	0.00	0.98	0.00	0.07	0.00	1.79	0.00	0.00	1.33	0.00	1.13
62.00	7.81	6.90	6.01	5.99	2.67	0.00	0.00	0.99	4.98	0.00	4.63	4.50	0.00	0.00	2.20	0.00	0.02	0.00	2.71	0.00	0.00	1.79	0.00	1.50
63.00	7.80	6.90	5.99	1.66	2.50	0.00	0.00	0.00	2.57	0.00	0.54	4.33	0.00	0.00	0.95	0.00	0.00	0.00	2.30	0.00	0.00	1.30	0.00	1.18
64.00	7.80	6.90	6.01	4.97	4.51	0.00	0.00	0.00	1.72	0.00	1.68	4.49	0.00	0.00	1.31	0.00	0.12	0.00	2.70	0.00	0.00	1.73	0.00	1.48
65.00	7.81	6.90	5.99	0.46	2.17	0.00	0.00	0.00	3.40	0.00	2.38	4.51	0.00	0.00	0.21	0.00	1.01	0.00	2.60	0.00	0.00	1.53	0.00	1.18
66.00	7.80	6.89	6.01	2.53	3.70	0.00	0.00	0.00	5.10	0.00	4.80	4.50	0.00	0.00	0.00	0.00	0.24	0.00	2.71	0.00	0.00	1.80	0.00	1.50
67.00	7.81	6.90	5.99	0.25	2.13	0.00	2.01	0.14	4.09	3.60	1.00	1.54	3.09	0.00	0.54	0.09	0.46	0.00	2.64	0.60	0.00	1.64	0.12	0.81
68.00	7.80	6.90	6.01	5.91	2.51	0.00	0.93	0.28	5.02	4.83	0.22	5.20	2.53	0.00	1.33	0.00	1.87	0.00	2.70	0.77	0.00	1.71	0.42	1.54
69.00	7.80	6.90	5.99	4.18	3.57	0.00	0.00	0.81	3.71	3.70	0.85	1.65	2.80	0.00	1.32	0.32	1.18	0.00	1.92	0.99	0.00	0.75	0.44	1.00
70.00	7.81	6.90	6.01	1.01	3.57	0.00	1.64	2.86	5.10	3.89	2.89	3.92	4.44	0.00	0.21	0.00	0.59	0.00	1.64	0.67	0.00	0.80	0.37	1.50
71.00	7.80	6.90	5.99	2.13	3.42	0.00	4.07	0.14	1.67	3.45	0.88	2.27	1.53	0.00	0.07	0.02	0.04	0.00	3.33	0.61	0.00	0.72	1.05	1.28
72.00	7.80	6.90	6.01	1.05	0.72	0.00	4.06	0.00	4.06	4.37	0.54	4.69	3.00	0.00	0.07	0.06	0.18	0.00	2.50	0.59	0.00	1.68	0.00	1.38
73.00	7.81	6.90	5.99	2.12	0.46	0.00	2.67	0.00	1.05	2.44	0.49	3.93	1.12	0.00	0.48	0.06	0.05	0.00	1.83	2.44	0.00	1.54	0.09	1.19
74.00	7.80	6.90	6.01	0.60	0.75	0.00	5.29	0.00	5.10	0.73	0.00	4.50	4.15	0.00	2.51	0.00	1.46	0.00	2.58	0.78	0.00	1.74	0.54	1.45
75.00	7.80	6.90	5.99	0.49	1.32	0.00	0.49	0.00	0.47	1.34	0.72	4.37	0.75	0.00	0.38	0.00	0.66	0.00	2.58	0.87	0.00	0.12	0.31	0.85
76.00	7.81	6.90	6.01	3.77	4.57	0.00	1.65	1.94	1.21	3.12	1.34	3.62	4.42	0.00	0.75	0.00	0.84	0.00	2.70	1.44	0.00	1.90	0.18	1.35
77.00	7.80	6.90	5.99	4.05	2.50	0.00	0.99	0.93	0.49	0.49	0.45	3.91	3.33	0.00	0.11	0.48	0.77	0.00	2.25	0.14	0.00	1.73	0.89	1.47
78.00	7.81	6.90	6.01	5.38	3.84	0.00	3.06	0.00	1.58	3.72	3.83	4.51	4.12	0.00	0.58	0.00	0.05	0.00	2.72	0.02	0.00	1.81	0.06	1.50
79.00	7.80	6.90	5.99	0.00	0.99	0.00	0.33	0.00	2.65	4.02	0.71	4.15	2.43	0.00	0.04	0.00	1.11	0.00	2.57	0.28	0.00	1.68	0.60	1.15
10.2.1.2	7.95	8.51
10.2.1.3	7.03	8.95
10.2.1.4	6.11	9.54
10.1.1.4	1.89	113606.96
10.1.1.12	3.68	28665.57
10.1.1.13	1.84	60316.72
10.1.1.24	0.85	135368.22
10.1.1.9	2.14	62450.53
10.1.1.15	0.48	77254.86
10.1.1.16	0.06	237732.84
10.1.1.17	0.40	203252.11
10.1.1.5	1.99	68754.73
10.1.1.21	0.24	450773.03
10.1.1.10	1.54	99437.96
10.1.1.11	0.75	178428.82
10.1.1.6	0.69	179355.01
10.1.1.7	1.49	125918.78
10.1.1.8	0.38	160638.95
10.1.1.19	2.24	35431.06
10.1.1.20	0.47	129864.14
10.1.1.18	0.64	227388.39
10.1.1.14	1.12	161212.64
10.1.1.22	0.84	75847.99
10.1.1.23	0.19	147606.39
