Waf: Entering directory `/home/synrg-sc1/Desktop/Jiaming/ns-3.29-mesh/build'
Waf: Leaving directory `/home/synrg-sc1/Desktop/Jiaming/ns-3.29-mesh/build'
Build commands will be stored in build/compile_commands.json
'build' finished successfully (4.832s)
CreateVariables () DONE !!!
Creating 15 APs 50.00 m apart.
CreateApNodes () DONE !!!
Creating 0 CLs 20.00 m away from each AP.
CreateClNodes () DONE !!!
CreateNodes () DONE !!!
CreateMeshDevices () DONE !!!
CreateWifiDevices () DONE !!!
CreateCsmaDevices () DONE !!!
CreateDevices () DONE !!!
InstallInternetStack () DONE !!!
Gateway is connect to AP 0
InstallApplications () DONE !!!
Starting simulation for 80.00 s ...
-------------------------------------------------
Time[s]	ap-0	ap-1	ap-2	ap-3	ap-4	ap-5	ap-6	ap-7	ap-8	ap-9	ap-10	ap-11	ap-12	ap-13	ap-14
2.00	0.00	0.00	0.00	0.00	0.00	0.00	0.00	0.00	0.00	0.00	0.00	0.00	0.00	0.00	0.00
3.00	9.23	0.00	0.00	0.00	0.00	0.00	0.00	0.00	0.00	0.00	0.00	0.00	0.00	0.00	0.00
4.00	9.60	0.00	0.00	0.00	0.00	0.00	0.00	0.00	0.00	0.00	0.00	0.00	0.00	0.00	0.00
5.00	9.60	3.56	2.93	0.00	3.51	2.06	0.00	1.05	2.63	1.31	1.35	0.00	2.26	1.61	0.00
6.00	9.61	5.75	2.70	2.07	3.77	4.99	0.99	0.25	4.07	1.01	1.81	0.28	3.43	2.08	0.00
7.00	9.60	3.33	2.90	2.20	1.41	3.18	0.62	1.25	1.24	0.53	0.99	0.00	2.89	1.24	0.18
8.00	9.60	2.00	0.57	4.32	2.76	5.99	1.78	0.18	2.32	0.13	2.40	2.21	1.34	2.63	0.89
9.00	9.60	3.59	3.33	4.71	1.46	4.90	1.61	1.55	2.11	0.31	1.26	0.33	3.49	2.85	0.19
10.00	9.60	3.66	2.03	6.14	0.55	4.15	2.05	1.97	4.39	1.14	3.84	3.16	4.20	2.19	2.31
11.00	9.61	3.01	2.38	5.46	2.83	4.96	0.73	0.54	5.70	0.01	3.53	0.44	4.04	0.27	0.49
12.00	9.60	0.29	2.30	4.86	2.52	5.51	0.72	1.68	5.22	0.00	4.36	0.00	3.56	3.10	1.01
13.00	9.60	3.73	0.49	1.05	4.05	5.77	1.15	0.00	3.76	1.00	2.12	0.02	3.64	0.00	0.00
14.00	9.60	8.83	2.56	0.95	0.00	4.63	4.25	0.01	1.54	1.24	1.14	0.99	4.06	1.39	2.46
15.00	9.61	3.26	0.95	1.88	3.31	5.69	1.27	0.06	0.80	0.69	0.68	2.60	2.40	1.77	0.21
16.00	9.60	8.70	0.38	0.49	0.75	1.59	0.98	1.85	1.93	0.51	1.32	0.77	0.84	3.67	0.64
17.00	9.60	8.15	0.49	0.49	6.11	4.29	0.49	2.90	0.02	0.92	0.99	1.12	1.75	3.16	0.00
18.00	9.60	1.54	0.49	1.80	6.01	5.88	2.04	2.03	1.95	2.73	4.06	2.72	4.57	2.53	0.00
19.00	9.60	0.00	0.99	4.92	5.83	4.73	1.65	1.90	1.50	4.55	3.25	0.51	4.10	3.90	0.00
20.00	9.61	0.99	7.78	6.05	1.51	5.92	0.49	3.00	2.21	3.52	3.57	0.66	4.22	3.83	4.57
21.00	9.60	5.09	0.49	3.13	2.86	5.88	0.00	2.33	3.42	0.55	0.92	0.00	2.19	2.76	2.03
22.00	9.60	4.60	1.40	2.59	5.92	4.75	2.11	2.01	3.92	0.77	1.88	2.27	3.96	3.58	0.45
23.00	9.60	0.99	1.25	1.99	4.59	5.42	2.36	2.70	0.62	0.72	0.99	0.49	3.24	3.09	0.04
24.00	9.61	7.35	2.68	0.62	3.20	2.96	1.71	0.81	4.91	0.01	2.73	0.00	3.94	2.19	0.00
25.00	9.60	1.73	0.00	3.74	3.36	5.77	2.10	0.95	4.98	0.77	1.19	1.45	4.19	3.64	1.01
26.00	9.60	1.88	1.79	1.01	4.56	6.01	1.07	0.00	5.39	0.06	1.52	0.00	4.20	1.54	3.60
27.00	9.60	3.07	0.49	1.53	5.99	6.01	0.49	1.07	5.41	0.49	0.00	0.49	4.20	3.82	1.42
28.00	9.60	1.92	3.67	2.41	6.01	5.99	1.21	2.46	5.17	0.00	1.27	0.00	4.19	2.18	2.90
29.00	9.61	0.00	1.27	5.85	5.90	6.01	0.29	0.93	1.78	0.78	2.48	1.50	4.15	3.17	0.37
30.00	9.60	1.52	1.66	5.99	4.57	5.99	0.00	0.67	2.20	1.14	4.02	1.26	4.12	3.05	0.00
31.00	9.60	0.00	2.58	4.13	5.95	5.30	1.25	0.92	1.24	1.19	1.32	2.01	1.87	0.78	1.05
32.00	9.60	3.53	2.14	6.62	5.97	6.05	0.00	0.01	2.59	0.53	0.99	1.07	4.19	2.50	1.41
33.00	9.60	3.76	5.82	3.04	1.68	4.60	0.62	2.89	4.18	0.00	2.23	0.00	2.11	3.90	0.53
34.00	9.61	4.27	5.30	5.94	0.00	5.86	1.27	1.78	3.47	1.11	3.09	0.59	2.43	3.36	1.24
35.00	9.60	5.46	1.64	6.59	2.19	5.99	3.16	0.49	5.26	0.00	4.50	0.00	4.19	1.41	1.08
36.00	9.60	1.98	0.84	6.61	5.99	4.56	3.89	0.00	1.75	0.99	2.31	1.32	3.45	2.06	0.00
37.00	9.60	4.88	1.83	2.27	2.19	3.10	0.38	1.18	3.43	1.33	2.40	0.00	1.38	0.45	1.46
38.00	9.61	3.64	3.89	5.72	2.20	4.66	2.81	1.27	3.59	0.71	2.59	0.22	0.98	3.50	0.75
39.00	9.60	1.11	0.94	2.54	0.92	5.18	3.49	0.00	5.17	1.63	4.50	1.67	1.55	1.70	1.85
40.00	9.60	6.44	8.01	1.77	2.58	5.16	0.00	0.00	1.72	1.15	4.50	1.42	4.19	0.26	0.00
41.00	9.60	0.44	1.71	2.21	1.21	5.08	0.49	0.88	1.71	2.64	2.67	1.08	4.20	3.85	0.00
42.00	9.60	5.71	5.35	2.68	3.90	4.80	2.60	1.22	0.73	3.63	0.35	2.32	4.19	2.97	0.00
43.00	9.61	1.50	3.51	3.89	6.01	1.66	0.08	1.74	3.00	0.11	0.49	1.54	4.20	2.34	0.00
44.00	9.60	3.89	0.15	6.29	5.99	6.49	1.06	0.00	5.41	0.97	3.09	1.18	4.20	3.73	0.00
45.00	9.60	1.81	0.00	3.70	5.91	5.45	1.44	0.65	5.39	0.14	4.38	0.00	4.10	3.39	0.00
46.00	9.60	2.80	2.00	3.78	0.00	5.39	3.16	1.58	5.39	0.99	1.00	2.80	4.23	3.90	0.45
47.00	9.61	4.70	4.93	6.52	0.95	2.78	0.00	0.00	3.92	0.58	3.44	0.86	4.13	3.82	0.00
48.00	9.60	3.51	2.60	4.38	5.50	4.77	4.26	1.92	1.18	2.01	3.45	0.61	1.11	2.53	1.44
49.00	9.60	0.67	2.25	2.39	5.57	3.62	1.44	0.04	3.19	0.65	2.68	0.46	1.74	2.00	0.00
50.00	9.60	2.44	2.10	4.89	4.59	5.99	3.42	1.20	1.58	1.90	2.21	1.27	3.23	3.01	0.34
51.00	9.60	5.82	1.98	2.84	0.11	4.72	0.00	1.99	0.00	1.48	1.42	1.61	4.19	2.71	0.02
52.00	9.61	5.05	2.21	6.25	4.17	2.80	0.87	1.32	2.70	0.00	2.60	1.95	4.20	3.87	0.00
53.00	9.60	1.85	0.00	5.35	5.73	4.73	0.77	2.18	3.63	1.00	3.82	0.37	3.37	3.16	0.00
54.00	9.60	5.30	0.22	5.17	5.81	4.42	0.01	1.95	3.85	1.13	2.12	0.66	3.33	4.12	0.49
55.00	9.60	3.30	0.49	5.41	6.01	4.93	2.12	1.22	2.44	0.27	3.44	0.71	4.19	3.33	1.18
56.00	9.60	1.50	5.42	6.43	4.58	2.97	2.11	2.96	2.60	0.00	2.79	1.75	3.77	2.66	0.00
57.00	9.61	2.17	3.79	1.92	1.84	2.48	0.05	2.31	5.41	1.11	3.89	2.53	4.04	0.64	1.85
58.00	9.60	0.99	1.92	0.00	5.29	5.23	3.04	0.02	4.11	1.79	3.47	0.00	4.20	0.00	0.59
59.00	9.60	2.66	0.88	4.80	2.20	4.88	0.53	0.00	1.71	2.05	3.63	1.21	3.45	0.71	0.00
60.00	9.60	2.67	8.10	0.86	2.60	3.10	0.29	0.00	0.14	0.00	0.99	0.00	4.53	1.71	0.00
61.00	9.61	0.99	3.05	1.10	3.71	5.81	0.07	0.06	2.84	3.34	3.12	1.40	4.20	2.30	0.00
62.00	9.60	3.91	4.20	3.45	1.12	5.99	1.19	2.76	5.39	0.79	3.60	1.99	4.19	3.51	0.04
63.00	9.60	7.96	1.24	3.59	0.00	5.33	0.00	1.00	4.13	0.00	3.34	0.27	3.71	1.04	0.00
64.00	9.60	7.40	4.73	3.74	3.51	5.18	2.05	2.61	4.40	0.52	3.57	0.49	3.16	3.49	0.11
65.00	9.60	1.21	3.52	2.43	2.14	5.57	1.88	0.61	2.99	1.59	3.77	0.74	2.38	3.90	0.26
66.00	9.61	0.49	0.80	3.62	2.94	5.62	4.40	1.14	3.67	1.78	3.94	0.49	3.64	3.50	1.10
67.00	9.60	6.10	5.55	0.19	0.16	4.88	5.43	0.49	4.39	0.00	3.07	0.00	3.17	2.66	0.00
68.00	9.60	5.39	0.49	3.19	1.17	4.42	2.50	1.85	5.25	0.53	4.02	0.06	3.30	2.98	0.97
69.00	9.60	3.33	4.20	3.19	2.47	4.77	3.80	1.05	4.80	1.99	4.36	0.44	3.17	1.34	0.00
70.00	9.61	3.94	0.40	1.95	5.13	5.95	0.12	1.15	5.41	2.32	4.18	0.15	4.20	3.18	0.02
71.00	9.60	2.00	1.64	1.98	3.45	4.97	0.49	0.18	2.64	0.91	2.01	0.00	4.20	3.01	0.34
72.00	9.60	6.56	3.93	2.44	4.22	2.79	1.33	1.42	5.39	2.21	0.75	0.31	4.11	3.90	1.51
73.00	9.60	1.98	1.28	0.77	3.94	4.59	3.33	1.13	5.25	0.04	0.85	1.64	3.94	2.58	3.29
74.00	9.60	0.39	0.99	6.78	6.10	5.90	1.20	1.31	3.57	0.73	0.79	3.25	3.54	1.70	2.38
75.00	9.61	1.01	3.36	4.33	5.06	4.24	2.31	0.00	5.19	2.56	2.12	0.49	3.54	2.12	1.74
76.00	9.60	4.36	2.37	4.30	1.35	4.36	2.96	0.19	1.90	2.72	1.46	1.41	2.78	3.90	0.01
77.00	9.60	1.30	2.59	6.10	2.90	3.96	3.54	0.68	5.16	0.39	4.53	3.21	2.52	3.10	2.41
78.00	9.60	0.00	0.81	4.63	5.89	5.42	1.12	0.53	5.20	0.05	3.71	0.29	4.20	2.18	0.00
79.00	9.60	5.94	4.15	2.85	4.16	5.88	0.81	1.50	3.49	0.00	1.34	1.81	3.90	2.58	0.07
10.2.1.2	9.78	8.65
10.1.1.3	2.46	114445.89
10.1.1.4	3.63	51689.12
10.1.1.10	1.09	218660.58
10.1.1.2	3.37	101261.89
10.1.1.15	0.79	190897.67
10.1.1.13	3.53	15042.04
10.1.1.8	1.19	131288.78
10.1.1.9	3.42	37205.66
10.1.1.5	3.59	56798.73
10.1.1.6	4.95	15770.98
10.1.1.7	1.60	110140.20
10.1.1.14	2.65	41481.32
10.1.1.11	2.57	58934.88
10.1.1.12	1.03	202904.65
