Waf: Entering directory `/home/synrg-sc1/Desktop/Jiaming/ns-3.29-mesh/build'
Waf: Leaving directory `/home/synrg-sc1/Desktop/Jiaming/ns-3.29-mesh/build'
Build commands will be stored in build/compile_commands.json
'build' finished successfully (4.805s)
CreateVariables () DONE !!!
Creating 18 APs 50.00 m apart.
CreateApNodes () DONE !!!
Creating 0 CLs 20.00 m away from each AP.
CreateClNodes () DONE !!!
CreateNodes () DONE !!!
CreateMeshDevices () DONE !!!
CreateWifiDevices () DONE !!!
CreateCsmaDevices () DONE !!!
CreateDevices () DONE !!!
InstallInternetStack () DONE !!!
Gateway is connect to AP 0
InstallApplications () DONE !!!
Starting simulation for 80.00 s ...
-------------------------------------------------
Time[s]	ap-0	ap-1	ap-2	ap-3	ap-4	ap-5	ap-6	ap-7	ap-8	ap-9	ap-10	ap-11	ap-12	ap-13	ap-14	ap-15	ap-16	ap-17
2.00	0.00	0.00	0.00	0.00	0.00	0.00	0.00	0.00	0.00	0.00	0.00	0.00	0.00	0.00	0.00	0.00	0.00	0.00
3.00	6.54	6.31	5.55	0.00	0.00	0.00	0.00	0.00	0.00	0.00	0.00	0.00	0.00	0.00	0.00	0.00	0.00	0.00
4.00	7.81	7.50	6.61	0.00	0.00	0.00	0.00	0.00	0.00	0.00	0.00	0.00	0.00	0.00	0.00	0.00	0.00	0.00
5.00	7.80	7.50	6.59	0.78	2.47	0.88	0.31	0.65	2.67	1.99	0.75	2.08	2.81	3.12	1.34	0.41	0.64	0.81
6.00	7.80	7.50	6.61	0.00	0.98	2.19	0.91	1.75	3.45	0.40	0.00	2.23	1.74	2.41	2.30	1.63	0.61	0.32
7.00	7.81	7.50	6.59	1.33	0.72	3.37	0.01	2.34	0.59	0.86	0.00	1.92	2.52	2.96	2.43	0.74	1.05	1.14
8.00	7.80	7.50	6.61	0.00	2.81	5.99	0.00	5.10	3.65	0.00	0.00	4.50	4.20	4.20	3.30	0.00	2.40	1.79
9.00	7.80	7.50	6.59	3.07	2.12	3.54	0.00	3.50	1.98	0.00	0.46	4.05	4.19	4.19	3.16	0.00	2.39	1.80
10.00	7.81	7.49	6.61	0.08	2.68	5.73	0.69	3.69	2.56	0.19	0.07	4.51	4.20	3.87	2.03	1.37	2.07	1.60
11.00	7.80	7.50	6.59	0.07	2.26	1.75	0.69	1.78	1.70	1.63	0.97	4.50	2.83	1.99	1.46	1.58	0.27	0.74
12.00	7.81	7.50	6.61	0.00	0.49	0.49	1.02	4.93	0.13	2.05	1.99	4.40	3.97	3.40	3.18	0.93	1.07	2.16
13.00	7.80	7.50	6.59	3.16	0.00	0.12	3.17	5.11	2.97	2.32	0.20	3.45	4.20	0.98	3.10	2.98	1.17	0.58
14.00	7.80	7.50	6.61	1.85	0.00	3.00	2.26	3.72	3.65	2.71	2.10	4.49	4.20	4.13	3.06	2.87	1.12	1.64
15.00	7.81	7.50	6.59	4.12	0.11	1.47	0.62	3.42	3.25	1.78	0.26	3.53	2.08	3.05	2.26	2.56	1.97	1.78
16.00	7.80	7.50	6.59	3.78	4.75	0.14	1.18	4.93	4.58	0.24	0.88	4.16	4.17	3.09	3.31	3.01	0.00	1.78
17.00	7.80	7.50	6.61	5.38	0.22	4.37	0.74	1.74	0.46	3.93	0.00	1.08	3.29	3.18	1.98	2.25	1.33	1.18
18.00	7.81	7.50	6.59	6.19	2.58	3.78	2.06	3.34	4.19	3.38	2.39	5.06	1.17	3.80	3.12	1.80	2.40	1.07
19.00	7.80	7.49	6.61	4.86	0.00	0.40	0.08	3.86	4.42	2.47	0.75	4.18	2.76	3.27	2.52	2.06	1.10	1.38
20.00	7.80	7.50	6.59	1.72	1.17	2.51	2.66	4.91	0.99	2.43	2.99	2.21	4.19	1.72	3.43	2.91	1.13	1.80
21.00	7.81	7.50	6.61	0.66	0.16	1.51	1.37	1.97	3.86	0.68	0.91	1.70	3.24	3.43	2.92	2.32	1.68	1.26
22.00	7.80	7.50	6.59	1.37	0.99	0.26	0.73	1.78	1.74	1.81	0.33	0.49	2.18	1.28	1.91	1.37	0.31	1.50
23.00	7.81	7.50	6.61	0.67	2.99	0.44	0.21	5.10	1.15	1.06	0.25	2.48	4.20	4.03	3.31	2.91	1.86	0.44
24.00	7.80	7.50	6.59	1.81	0.98	5.72	0.71	5.10	2.26	1.80	0.00	2.44	4.20	2.68	3.30	0.26	1.98	2.17
25.00	7.80	7.50	6.61	3.33	1.84	1.94	0.74	5.09	0.22	1.08	0.75	1.02	3.86	3.87	2.84	3.06	1.59	1.65
26.00	7.81	7.50	6.59	6.21	5.99	0.00	0.42	5.11	3.89	0.00	0.00	0.49	4.20	4.20	3.30	2.90	2.39	1.80
27.00	7.80	7.50	6.61	5.33	0.44	1.46	0.13	2.77	0.95	5.04	0.49	1.54	4.15	3.57	3.30	3.00	1.91	1.11
28.00	7.80	7.49	6.59	3.18	3.53	2.63	1.30	0.84	0.00	1.40	0.26	4.03	4.20	3.10	2.18	3.00	1.63	0.82
29.00	7.81	7.50	6.59	2.70	1.53	0.79	0.42	4.85	2.21	2.83	0.72	1.22	3.99	1.68	1.20	2.45	2.32	0.62
30.00	7.80	7.50	6.61	1.13	3.09	3.04	0.46	1.01	3.59	4.23	2.30	3.82	3.10	1.98	2.14	3.01	1.02	0.53
31.00	7.80	7.50	6.59	0.13	1.53	0.84	2.78	5.64	2.37	0.49	0.28	3.05	3.21	2.99	2.77	2.70	1.19	1.78
32.00	7.81	7.50	6.61	0.00	0.57	1.32	2.14	5.11	4.73	0.89	0.54	1.22	4.18	4.20	3.23	3.01	2.14	1.68
33.00	7.80	7.50	6.59	0.21	0.00	0.99	0.38	1.78	3.31	0.19	0.99	5.52	2.74	3.40	2.27	2.67	2.40	1.80
34.00	7.81	7.50	6.61	3.47	1.70	2.28	1.79	2.36	1.72	1.71	1.55	1.68	3.40	3.78	2.65	1.61	1.90	0.89
35.00	7.80	7.50	6.59	2.87	0.49	2.26	3.23	2.14	0.07	4.31	0.02	1.21	3.87	0.49	1.39	1.48	2.37	1.01
36.00	7.80	7.50	6.61	4.46	0.07	3.34	0.27	4.65	3.49	3.21	0.04	3.99	4.19	1.48	3.31	1.68	2.19	1.94
37.00	7.81	7.49	6.59	0.00	0.00	0.94	0.52	5.04	4.31	2.51	0.00	2.45	4.20	3.23	3.09	2.76	1.19	0.24
38.00	7.80	7.50	6.61	1.77	2.97	3.31	1.84	4.79	4.25	1.20	0.06	4.50	4.20	3.69	2.96	2.94	2.40	0.26
39.00	7.80	7.50	6.59	0.26	1.57	0.66	0.00	5.08	4.31	3.78	0.80	2.41	4.07	4.12	3.13	2.93	2.38	1.85
40.00	7.81	7.50	6.61	0.49	0.09	0.00	1.55	5.12	4.79	4.50	0.07	2.10	4.22	3.94	3.31	2.96	1.66	0.97
41.00	7.80	7.50	6.59	1.21	1.38	1.70	2.28	4.07	3.93	1.39	0.22	0.47	4.15	4.16	2.71	2.32	1.67	2.20
42.00	7.80	7.50	6.59	0.00	0.37	5.86	1.55	5.15	4.98	1.79	0.49	1.31	4.25	4.25	3.23	0.78	1.87	1.80
43.00	7.81	7.50	6.61	0.01	0.00	0.41	0.64	4.16	4.18	0.99	0.49	1.08	3.20	3.39	2.11	2.86	1.39	1.19
44.00	7.80	7.50	6.59	1.20	2.56	1.33	0.00	3.71	4.68	1.30	0.81	4.72	4.19	4.03	2.81	2.73	1.25	2.01
45.00	7.81	7.50	6.61	4.70	5.31	0.99	1.05	3.92	1.27	1.61	0.28	3.44	4.20	3.92	2.26	1.45	0.60	0.35
46.00	7.80	7.49	6.59	2.91	1.34	1.50	1.15	4.91	3.05	3.54	1.10	2.50	4.15	4.20	3.20	1.58	0.77	2.06
47.00	7.80	7.50	6.61	0.45	1.06	0.01	0.68	1.05	3.67	2.03	0.00	3.65	4.19	3.40	3.30	2.96	0.89	1.77
48.00	7.81	7.50	6.59	3.76	0.75	2.23	0.00	1.87	4.80	1.72	0.60	2.17	4.20	4.19	3.23	2.41	0.62	1.63
49.00	7.80	7.50	6.61	2.31	0.00	1.66	0.11	4.26	3.30	2.61	0.05	1.15	4.12	1.79	1.24	1.05	0.85	0.65
50.00	7.80	7.50	6.59	5.42	0.94	0.49	0.74	5.10	2.32	4.52	0.00	2.58	4.19	5.11	3.31	1.52	0.80	0.06
51.00	7.81	7.50	6.61	1.45	3.17	2.38	1.26	1.77	3.77	2.00	0.07	3.16	4.09	2.83	2.70	2.51	0.52	0.12
52.00	7.80	7.50	6.59	0.34	4.52	1.41	1.98	5.24	4.59	0.64	0.00	4.10	4.04	2.98	0.79	2.01	0.81	0.07
53.00	7.80	7.50	6.61	0.00	0.53	0.57	1.12	4.84	2.59	0.67	0.19	4.00	3.54	2.14	2.91	2.21	1.71	1.42
54.00	7.81	7.50	6.59	3.66	1.26	3.62	3.00	5.10	4.70	3.13	0.02	4.24	4.15	2.05	3.12	1.65	2.30	1.80
55.00	7.80	7.49	6.59	4.50	0.07	4.80	2.19	4.35	0.44	3.84	2.20	2.98	3.74	0.00	0.64	3.00	1.81	0.73
56.00	7.81	7.50	6.61	3.09	1.59	1.53	1.11	3.47	1.86	2.34	0.42	2.81	3.65	2.76	3.14	0.87	0.32	1.06
57.00	7.80	7.50	6.59	1.85	2.26	2.47	0.62	4.65	0.07	2.05	1.14	4.35	4.00	3.04	2.86	2.41	2.03	0.98
58.00	7.80	7.50	6.61	2.56	1.30	3.97	2.08	4.93	3.65	3.03	0.49	3.94	4.20	1.25	1.83	2.77	2.20	1.65
59.00	7.81	7.50	6.59	1.47	1.02	1.40	1.37	4.60	2.65	0.00	0.37	4.27	3.25	1.92	2.76	3.01	1.24	1.54
60.00	7.80	7.50	6.61	0.86	1.01	1.21	0.00	4.64	4.79	0.00	0.00	4.50	3.74	3.92	3.29	3.00	1.58	1.79
61.00	7.80	7.50	6.59	0.97	0.00	1.98	0.62	3.82	2.89	1.66	0.40	3.31	4.11	2.85	1.90	2.47	1.86	1.33
62.00	7.81	7.50	6.61	2.64	3.06	1.37	3.03	4.26	2.67	2.84	0.51	3.73	3.94	1.70	2.68	2.43	0.92	1.77
63.00	7.80	7.50	6.59	3.05	1.64	0.89	1.00	4.85	0.49	3.20	0.00	1.34	4.12	3.33	3.33	3.00	1.42	1.52
64.00	7.80	7.49	6.61	3.93	1.24	1.88	1.22	5.03	5.23	0.07	0.00	4.49	4.19	3.96	3.30	2.99	2.41	1.54
65.00	7.81	7.50	6.59	5.12	1.13	5.65	1.28	4.36	4.07	0.87	0.65	2.07	4.04	3.27	2.97	2.26	0.60	1.78
66.00	7.80	7.50	6.61	1.42	1.52	4.57	1.18	5.10	1.99	1.06	0.12	2.57	4.20	1.30	3.30	2.27	1.48	1.61
67.00	7.81	7.50	6.59	0.79	1.13	1.77	4.09	5.10	2.85	0.00	0.49	0.92	4.19	0.00	3.31	2.10	1.77	1.75
68.00	7.80	7.50	6.59	4.51	1.66	1.92	1.94	5.10	3.94	4.20	0.00	5.55	3.40	3.82	3.30	1.41	2.28	1.59
69.00	7.80	7.50	6.61	1.74	3.87	3.71	0.77	2.08	2.32	1.27	4.02	3.47	1.53	1.59	1.10	0.92	2.31	0.62
70.00	7.81	7.50	6.59	0.00	0.00	6.01	0.00	0.00	0.00	0.00	4.51	4.50	0.00	0.00	0.00	0.00	0.49	0.00
71.00	7.80	7.50	6.61	0.00	0.00	1.77	0.00	0.00	0.00	0.00	1.32	1.32	0.00	0.00	0.00	0.00	0.00	0.00
72.00	7.80	7.50	6.59	0.00	0.00	0.00	0.00	0.00	0.00	0.00	0.00	0.00	0.00	0.00	0.00	0.00	0.00	0.00
73.00	7.81	7.49	6.61	0.00	2.61	2.64	0.00	0.00	3.47	0.00	0.61	3.46	0.00	2.06	0.53	3.24	0.57	2.04
74.00	7.80	7.50	6.59	0.65	5.48	5.48	1.58	0.07	0.00	0.38	1.19	4.11	0.00	3.00	0.73	3.00	2.34	1.63
75.00	7.80	7.50	6.61	1.77	5.99	3.54	1.70	0.81	0.00	0.69	4.50	4.38	0.00	4.39	1.25	1.87	1.06	1.04
76.00	7.81	7.50	6.59	0.22	5.81	5.08	2.04	0.55	0.02	0.29	3.42	4.12	0.00	3.25	1.30	2.97	1.21	1.40
77.00	7.80	7.50	6.61	1.18	3.82	5.53	1.26	0.49	0.00	0.00	1.48	4.23	0.00	4.32	0.67	2.77	1.81	0.71
78.00	7.81	7.50	6.59	0.49	5.05	5.89	2.56	1.25	1.28	2.03	0.89	3.78	0.00	4.05	0.87	2.57	2.17	0.04
79.00	7.80	7.50	6.61	0.00	5.99	1.85	0.00	0.00	0.00	2.61	1.72	4.27	0.00	1.35	1.58	2.13	2.33	0.45
10.2.1.3	7.64	8.66
10.2.1.2	7.95	8.32
10.2.1.4	6.73	8.83
10.1.1.5	1.88	103139.80
10.1.1.6	2.43	97138.31
10.1.1.4	1.98	114492.86
10.1.1.13	3.83	6847.27
10.1.1.14	2.96	45988.40
10.1.1.10	1.76	112364.92
10.1.1.11	0.82	201752.59
10.1.1.12	3.11	31243.57
10.1.1.9	2.59	83368.78
10.1.1.17	1.50	40133.05
10.1.1.8	3.45	27464.93
10.1.1.7	1.17	121845.10
10.1.1.16	2.16	70494.40
10.1.1.15	2.46	21431.18
10.1.1.18	1.24	86323.10
