Waf: Entering directory `/home/synrg-sc1/Desktop/Jiaming/ns-3.29-mesh/build'
Waf: Leaving directory `/home/synrg-sc1/Desktop/Jiaming/ns-3.29-mesh/build'
Build commands will be stored in build/compile_commands.json
'build' finished successfully (5.399s)
CreateVariables () DONE !!!
Creating 14 APs 50.00 m apart.
CreateApNodes () DONE !!!
Creating 0 CLs 20.00 m away from each AP.
CreateClNodes () DONE !!!
CreateNodes () DONE !!!
CreateMeshDevices () DONE !!!
CreateWifiDevices () DONE !!!
CreateCsmaDevices () DONE !!!
CreateDevices () DONE !!!
InstallInternetStack () DONE !!!
Gateway is connect to AP 0
InstallApplications () DONE !!!
Starting simulation for 80.00 s ...
-------------------------------------------------
Time[s]	ap-0	ap-1	ap-2	ap-3	ap-4	ap-5	ap-6	ap-7	ap-8	ap-9	ap-10	ap-11	ap-12	ap-13
2.00	0.00	0.00	0.00	0.00	0.00	0.00	0.00	0.00	0.00	0.00	0.00	0.00	0.00	0.00
3.00	4.32	4.13	0.00	0.00	0.00	0.00	0.00	0.00	0.00	0.00	0.00	0.00	0.00	0.00
4.00	7.50	7.21	0.00	0.00	0.00	0.00	0.00	0.00	0.00	0.00	0.00	0.00	0.00	0.00
5.00	7.50	7.20	2.00	1.61	1.27	2.78	0.77	2.61	1.84	0.31	1.72	0.29	1.73	0.35
6.00	7.50	7.21	0.49	2.19	0.27	3.13	1.25	2.74	2.03	0.18	3.69	1.58	3.82	0.62
7.00	7.50	7.20	0.91	1.47	1.85	4.09	0.13	4.09	3.50	1.27	4.09	2.43	3.44	0.00
8.00	7.50	7.20	2.77	3.14	3.43	5.30	0.24	3.45	2.25	1.04	4.37	2.96	2.60	1.02
9.00	7.50	7.21	1.80	2.27	0.00	2.30	1.80	1.98	3.43	1.59	1.66	0.04	2.21	0.00
10.00	7.49	7.20	4.71	2.45	0.75	3.45	2.52	5.10	4.52	0.21	3.74	1.19	0.33	1.79
11.00	7.50	7.21	1.68	1.58	0.49	5.68	0.49	5.09	4.15	1.15	2.46	3.18	2.83	1.35
12.00	7.50	7.20	2.32	3.67	0.20	5.72	1.45	5.11	4.80	0.99	3.19	4.20	4.20	2.65
13.00	7.50	7.20	4.82	6.87	0.12	5.70	0.19	5.10	4.80	0.00	4.50	3.56	3.67	1.54
14.00	7.50	7.21	2.94	2.71	0.99	5.70	0.15	4.93	4.56	2.61	3.44	1.37	2.25	2.10
15.00	7.50	7.20	3.44	5.71	0.00	5.19	2.28	2.53	4.52	1.32	4.27	0.00	3.18	3.33
16.00	7.50	7.21	0.00	6.90	0.00	0.00	3.27	5.57	4.79	3.73	4.50	0.00	4.19	3.60
17.00	7.50	7.20	0.57	3.90	0.94	1.30	2.64	4.95	4.79	2.10	4.50	2.37	3.63	3.60
18.00	7.50	7.21	4.33	1.25	1.38	2.01	3.14	5.10	4.79	0.61	4.51	1.01	1.77	3.01
19.00	7.49	7.20	6.49	1.65	3.85	4.32	1.67	5.06	4.75	1.33	4.12	3.27	1.91	0.18
20.00	7.50	7.20	4.97	2.96	0.00	4.85	3.27	4.55	4.77	1.83	4.37	4.25	3.63	0.27
21.00	7.50	7.21	3.59	2.85	0.00	2.33	0.06	2.71	2.86	1.80	2.93	0.00	1.60	0.13
22.00	7.50	7.20	3.03	3.26	0.00	4.77	0.00	5.08	4.40	2.23	3.72	0.98	4.05	0.88
23.00	7.50	7.21	7.73	4.24	0.49	5.70	3.09	5.03	4.80	2.67	4.25	0.00	0.88	0.04
24.00	7.50	7.20	4.38	5.73	0.24	2.64	1.26	4.10	3.64	2.11	1.81	0.00	4.02	1.26
25.00	7.50	7.20	2.11	2.12	0.53	4.63	0.79	1.34	1.17	0.08	2.27	0.00	2.57	0.47
26.00	7.50	7.21	3.62	1.35	1.24	3.20	2.04	3.56	1.30	2.77	3.76	1.39	3.46	0.00
27.00	7.50	7.20	1.70	0.00	3.82	5.70	0.18	2.97	3.66	1.60	5.15	4.19	3.90	0.52
28.00	7.49	7.21	0.00	0.00	0.00	5.70	5.26	3.92	4.80	4.50	4.50	0.48	3.12	0.46
29.00	7.50	7.20	5.16	1.32	0.00	4.84	2.97	2.12	3.52	2.38	2.14	0.00	2.14	0.61
30.00	7.50	7.20	4.13	0.00	1.24	2.77	0.49	1.19	4.82	4.47	4.11	0.00	3.99	0.00
31.00	7.50	7.21	5.08	5.39	1.28	1.70	0.00	2.08	2.45	2.97	3.99	1.57	4.20	1.74
32.00	7.50	7.20	5.82	4.82	0.68	3.09	3.82	2.67	2.13	2.05	4.13	1.17	2.67	0.82
33.00	7.50	7.21	2.24	5.65	0.05	4.06	0.00	1.92	4.70	0.00	4.43	3.10	1.52	1.05
34.00	7.50	7.20	6.89	2.74	1.59	5.44	2.52	3.47	3.54	1.20	4.51	2.78	4.15	0.49
35.00	7.50	7.21	2.18	0.86	0.20	2.93	0.68	4.68	2.83	1.94	1.67	2.65	3.78	1.32
36.00	7.50	7.20	2.56	6.37	0.69	3.11	3.06	4.64	4.69	2.38	5.39	1.90	4.19	2.05
37.00	7.49	7.20	2.83	4.62	0.04	4.97	1.75	1.33	4.77	0.15	3.98	1.53	3.78	1.31
38.00	7.50	7.21	6.89	6.69	0.05	5.68	0.49	5.12	4.73	0.93	3.62	4.25	3.06	0.79
39.00	7.50	7.20	5.45	3.01	0.00	4.80	0.00	3.30	3.04	0.87	1.01	3.66	1.48	0.15
40.00	7.50	7.21	0.29	6.90	0.00	2.37	5.70	4.25	4.55	0.51	5.43	1.20	3.23	2.11
41.00	7.50	7.20	3.23	3.07	0.00	5.29	0.01	4.25	4.56	1.35	3.66	3.38	3.29	1.13
42.00	7.50	7.20	0.00	1.46	0.00	5.66	0.15	3.89	4.80	1.92	4.47	4.17	2.78	2.36
43.00	7.50	7.21	2.44	3.49	2.01	4.79	0.00	3.00	3.31	3.43	0.97	2.10	3.37	1.42
44.00	7.50	7.20	2.19	6.91	0.00	5.70	3.78	5.10	4.80	2.81	4.51	1.40	2.98	0.00
45.00	7.50	7.21	1.99	1.85	0.13	5.59	4.24	5.10	4.80	2.47	4.40	0.00	2.32	3.54
46.00	7.49	7.20	6.89	2.64	0.67	5.70	1.26	4.56	4.71	0.91	3.37	0.00	2.46	2.77
47.00	7.50	7.21	4.33	5.66	0.00	5.63	0.49	3.62	4.70	0.00	2.98	0.00	4.13	1.34
48.00	7.50	7.20	3.10	6.91	1.33	5.64	4.40	4.91	4.82	1.64	3.62	3.83	4.16	0.00
49.00	7.50	7.20	1.86	1.83	1.15	1.58	1.84	1.68	2.51	0.21	0.00	0.98	2.43	0.00
50.00	7.50	7.21	5.53	3.05	0.00	2.86	4.27	1.13	3.91	0.66	3.00	0.00	3.83	0.64
51.00	7.50	7.20	5.19	3.84	0.52	1.22	0.29	3.83	1.27	1.54	1.73	0.00	3.90	0.91
52.00	7.50	7.21	6.02	6.50	0.00	4.70	5.70	5.10	4.78	4.50	2.63	0.00	0.99	2.87
53.00	7.50	7.20	0.35	5.59	3.77	5.61	2.50	5.04	4.80	2.28	3.12	0.00	3.79	2.76
54.00	7.50	7.20	6.71	6.90	2.44	5.50	0.57	3.93	4.75	3.27	3.50	0.00	4.07	1.94
55.00	7.49	7.21	3.51	3.46	0.80	5.66	2.25	3.42	4.15	3.70	3.96	0.00	1.72	0.07
56.00	7.50	7.20	2.11	6.08	0.14	5.70	0.02	4.92	4.43	1.02	1.91	0.00	4.09	0.14
57.00	7.50	7.21	5.42	2.40	0.00	5.70	0.40	2.43	4.80	0.00	4.50	0.38	3.80	0.68
58.00	7.50	7.20	3.03	6.90	0.33	4.22	1.10	2.63	3.27	1.13	4.50	0.33	3.54	1.44
59.00	7.50	7.20	0.38	5.44	0.09	5.51	0.01	1.00	0.49	1.07	4.43	0.65	3.96	0.00
60.00	7.50	7.21	4.51	1.91	1.12	1.50	1.20	4.38	4.59	2.94	4.43	0.00	4.17	0.57
61.00	7.50	7.20	2.28	3.52	0.00	6.41	0.38	4.86	4.80	0.95	4.44	0.00	3.17	2.34
62.00	7.50	7.21	7.17	6.71	0.00	5.69	2.44	5.04	4.80	3.92	4.40	0.00	4.07	1.37
63.00	7.50	7.20	5.20	2.47	0.00	5.70	1.01	5.11	4.65	0.29	3.33	3.49	0.84	0.01
64.00	7.49	7.21	4.99	3.65	1.74	2.89	1.72	3.91	1.95	3.62	3.54	3.86	1.68	0.07
65.00	7.50	7.20	2.98	5.26	0.49	4.17	1.18	4.18	5.09	0.85	2.48	4.19	0.78	0.00
66.00	7.50	7.20	6.37	6.91	0.38	5.70	1.02	5.03	4.49	4.39	3.04	4.20	0.29	0.16
67.00	7.50	7.21	1.46	5.26	1.26	5.69	0.55	5.03	4.33	2.92	2.44	4.20	0.68	0.33
68.00	7.50	7.20	6.90	6.90	3.51	5.71	0.00	5.11	4.79	4.29	3.91	4.19	0.14	2.18
69.00	7.50	7.21	5.04	2.05	0.42	5.45	0.85	4.44	4.42	2.06	4.09	1.02	1.25	1.45
70.00	7.50	7.20	6.18	6.89	5.46	5.70	1.67	4.07	4.65	5.03	3.74	0.00	2.56	0.27
71.00	7.50	7.20	2.12	5.03	0.00	1.90	1.91	5.08	4.80	4.16	4.26	0.37	4.19	1.59
72.00	7.50	7.21	3.70	6.97	0.49	2.57	4.04	5.12	4.80	2.90	4.62	5.02	3.97	2.56
73.00	7.49	7.20	4.58	4.04	0.73	4.71	3.19	5.06	1.78	1.84	4.23	4.20	3.83	0.60
74.00	7.50	7.21	3.13	5.53	0.27	4.46	1.48	4.73	3.37	0.35	2.04	4.19	3.46	0.00
75.00	7.50	7.20	5.33	4.72	0.99	2.73	0.14	4.89	4.62	0.00	3.04	4.20	0.00	3.66
76.00	7.50	7.20	2.06	2.14	0.95	5.15	2.83	3.33	4.80	0.51	3.70	4.20	0.95	3.59
77.00	7.50	7.21	2.27	5.09	0.93	5.62	0.44	4.97	4.79	0.00	4.51	4.19	3.17	3.60
78.00	7.50	7.20	3.13	5.92	0.00	4.04	3.89	4.53	4.80	1.72	4.46	2.05	3.47	1.90
79.00	7.50	7.21	1.98	3.23	0.00	5.70	0.84	0.51	4.27	1.18	4.49	0.79	1.97	1.86
10.2.1.2	7.64	8.68
10.2.1.3	7.34	8.34
10.1.1.8	4.01	32395.73
10.1.1.3	3.65	64321.26
10.1.1.4	4.03	49441.02
10.1.1.12	1.87	43811.90
10.1.1.13	2.94	55774.22
10.1.1.6	4.47	43546.78
10.1.1.7	1.72	107208.00
10.1.1.5	0.84	187425.66
10.1.1.10	1.85	86007.42
10.1.1.11	3.67	28356.69
10.1.1.9	4.10	20464.75
10.1.1.14	1.28	121829.20
