Waf: Entering directory `/home/synrg-sc1/Desktop/Jiaming/ns-3.29-mesh/build'
Waf: Leaving directory `/home/synrg-sc1/Desktop/Jiaming/ns-3.29-mesh/build'
Build commands will be stored in build/compile_commands.json
'build' finished successfully (4.778s)
CreateVariables () DONE !!!
Creating 11 APs 50.00 m apart.
CreateApNodes () DONE !!!
Creating 0 CLs 20.00 m away from each AP.
CreateClNodes () DONE !!!
CreateNodes () DONE !!!
CreateMeshDevices () DONE !!!
CreateWifiDevices () DONE !!!
CreateCsmaDevices () DONE !!!
CreateDevices () DONE !!!
InstallInternetStack () DONE !!!
Gateway is connect to AP 0
InstallApplications () DONE !!!
Starting simulation for 80.00 s ...
-------------------------------------------------
Time[s]	ap-0	ap-1	ap-2	ap-3	ap-4	ap-5	ap-6	ap-7	ap-8	ap-9	ap-10
2.00	0.00	0.00	0.00	0.00	0.00	0.00	0.00	0.00	0.00	0.00	0.00
3.00	4.13	3.99	0.00	0.00	0.00	0.00	0.00	0.00	0.00	0.00	0.00
4.00	7.50	7.21	0.00	0.00	0.00	0.00	0.00	0.00	0.00	0.00	0.00
5.00	7.50	7.20	0.00	2.32	3.43	3.16	3.14	0.95	2.90	0.00	2.66
6.00	7.50	7.21	0.02	3.63	3.45	3.37	2.74	0.00	2.50	1.24	2.53
7.00	7.50	7.20	0.53	0.31	1.51	2.91	0.45	0.20	0.62	0.00	1.12
8.00	7.50	7.20	0.01	0.00	0.09	1.80	2.20	0.00	1.20	0.00	0.00
9.00	7.50	7.21	0.00	0.00	0.99	0.49	0.00	0.00	0.00	0.00	0.00
10.00	7.49	7.20	0.00	0.99	5.78	6.09	3.63	0.00	5.97	0.00	3.16
11.00	7.50	7.21	0.05	0.00	5.70	5.41	5.41	4.64	4.80	1.87	3.90
12.00	7.50	7.20	1.34	0.00	2.93	2.66	3.36	1.39	2.63	1.90	1.52
13.00	7.50	7.20	0.94	1.34	2.57	0.14	4.33	0.32	1.06	0.00	0.12
14.00	7.50	7.21	0.06	2.08	3.86	2.99	1.80	0.12	3.26	1.34	0.80
15.00	7.50	7.20	1.01	0.00	0.75	4.18	2.67	0.00	0.35	0.00	0.86
16.00	7.50	7.21	1.75	0.49	1.50	3.42	2.53	0.00	1.34	0.53	0.74
17.00	7.50	7.20	1.92	0.49	1.59	2.31	1.33	0.41	1.83	0.00	2.17
18.00	7.50	7.21	3.54	2.18	3.90	4.70	2.76	1.63	2.64	1.38	3.83
19.00	7.49	7.20	0.14	1.61	2.94	4.82	5.26	0.61	2.01	1.74	1.17
20.00	7.50	7.20	0.06	0.81	2.87	1.13	2.56	0.26	1.97	0.87	1.38
21.00	7.50	7.21	0.01	0.77	1.33	2.76	1.64	0.00	1.66	0.00	2.43
22.00	7.50	7.20	2.04	1.52	4.45	5.17	1.92	2.12	2.53	0.04	3.90
23.00	7.50	7.21	0.04	1.39	5.70	5.24	0.60	4.79	4.80	0.00	3.90
24.00	7.50	7.20	0.88	0.00	2.67	1.61	1.19	1.02	0.91	0.26	1.61
25.00	7.50	7.20	0.52	0.44	2.27	0.86	2.28	0.00	0.52	0.31	0.98
26.00	7.50	7.21	0.53	0.49	3.98	3.07	1.88	0.00	2.86	0.84	2.28
27.00	7.50	7.20	0.95	2.52	4.89	2.30	4.64	1.27	0.55	2.20	3.52
28.00	7.49	7.21	3.47	0.35	4.51	3.32	4.07	0.12	1.72	2.99	2.26
29.00	7.50	7.20	2.08	0.49	3.72	2.76	3.85	0.52	1.12	0.74	1.48
30.00	7.50	7.20	0.33	0.49	3.32	1.91	2.03	0.00	2.56	1.72	0.81
31.00	7.50	7.21	0.07	0.00	1.28	4.42	3.13	0.72	3.05	0.58	1.51
32.00	7.50	7.20	0.26	0.00	2.51	2.99	1.27	0.00	2.58	0.01	2.25
33.00	7.50	7.21	2.27	1.25	1.91	2.90	1.02	0.00	2.84	2.19	1.44
34.00	7.50	7.20	2.87	0.35	5.75	5.38	4.17	0.97	2.10	1.02	2.86
35.00	7.50	7.21	1.41	0.00	2.16	1.25	2.65	0.60	1.52	0.37	2.52
36.00	7.50	7.20	1.63	0.49	2.56	1.50	2.01	0.05	0.77	0.00	2.00
37.00	7.49	7.20	0.58	1.14	1.80	1.90	2.53	0.32	3.42	0.75	1.63
38.00	7.50	7.21	2.96	2.74	6.10	5.05	1.79	1.81	2.44	0.00	3.84
39.00	7.50	7.20	3.09	1.46	5.70	4.83	1.24	0.86	3.82	3.03	3.80
40.00	7.50	7.21	0.16	2.99	4.17	4.43	4.24	0.01	3.62	3.10	2.81
41.00	7.50	7.20	0.57	0.12	1.52	2.40	0.00	0.00	0.69	1.01	0.62
42.00	7.50	7.20	0.47	0.00	2.16	1.64	1.37	0.15	3.01	0.11	0.68
43.00	7.50	7.21	0.60	0.99	1.91	2.59	2.90	0.00	1.90	2.03	1.53
44.00	7.50	7.20	0.46	0.00	1.87	2.11	3.92	0.04	2.00	1.91	1.11
45.00	7.50	7.21	3.07	0.00	2.21	3.14	2.73	0.37	1.25	0.00	1.11
46.00	7.49	7.20	1.30	1.12	0.38	0.00	2.86	0.00	2.54	4.49	1.26
47.00	7.50	7.21	3.18	2.52	5.70	6.15	5.11	0.24	5.75	4.44	1.71
48.00	7.50	7.20	0.57	0.94	5.70	4.58	4.42	0.07	2.53	0.86	3.37
49.00	7.50	7.20	0.11	0.55	1.83	1.18	1.77	0.05	1.59	1.93	0.22
50.00	7.50	7.21	0.08	2.93	3.80	1.65	3.21	0.16	1.25	1.86	1.94
51.00	7.50	7.20	1.53	0.75	1.64	1.35	0.31	1.37	0.57	1.59	2.03
52.00	7.50	7.21	0.52	0.00	2.72	3.06	2.89	0.11	0.86	0.00	1.05
53.00	7.50	7.20	0.05	1.02	5.04	2.90	4.20	0.00	3.43	2.20	3.10
54.00	7.50	7.20	1.08	0.12	1.92	3.12	1.77	0.00	1.97	4.40	0.74
55.00	7.49	7.21	0.00	0.58	1.95	0.00	1.35	1.41	1.80	2.47	1.51
56.00	7.50	7.20	0.44	0.00	1.37	0.75	0.44	0.49	1.51	1.04	0.41
57.00	7.50	7.21	4.53	0.49	3.91	2.92	0.51	0.00	2.08	2.43	2.92
58.00	7.50	7.20	0.51	1.39	5.70	5.20	1.38	0.59	4.35	0.02	3.65
59.00	7.50	7.20	1.12	2.79	1.12	4.35	1.28	0.00	0.49	3.63	1.25
60.00	7.50	7.21	2.11	0.35	3.78	4.89	5.19	1.21	1.99	3.53	3.25
61.00	7.50	7.20	2.27	0.31	4.11	3.38	2.52	0.00	3.52	0.00	0.40
62.00	7.50	7.21	0.71	1.64	4.49	3.92	1.17	2.76	0.72	3.79	1.40
63.00	7.50	7.20	0.45	0.80	0.78	0.82	0.92	0.00	0.89	0.91	0.11
64.00	7.49	7.21	0.64	1.71	0.95	2.98	1.25	0.00	0.78	2.56	1.01
65.00	7.50	7.20	0.87	0.11	6.04	0.00	1.91	0.00	0.00	0.00	2.19
66.00	7.50	7.20	0.26	0.00	5.70	5.90	1.83	0.00	3.44	5.51	3.90
67.00	7.50	7.21	3.07	3.74	5.70	5.41	5.39	0.00	4.80	4.50	3.90
68.00	7.50	7.20	0.02	2.59	2.77	1.87	2.68	0.29	2.30	2.70	3.06
69.00	7.50	7.21	1.17	1.74	1.32	2.79	1.21	1.02	4.51	0.93	2.19
70.00	7.50	7.20	2.71	1.12	2.08	2.46	2.43	0.64	2.76	0.82	2.31
71.00	7.50	7.20	0.80	1.18	5.25	4.04	3.91	0.01	1.10	0.51	2.83
72.00	7.50	7.21	2.76	0.00	5.10	1.88	2.81	0.48	0.81	1.93	2.91
73.00	7.49	7.20	1.26	0.00	2.45	3.98	1.20	0.31	0.85	0.41	2.38
74.00	7.50	7.21	1.45	1.02	3.93	0.68	0.00	0.21	0.62	2.20	3.62
75.00	7.50	7.20	1.54	0.54	4.38	2.96	1.47	0.02	3.91	0.00	2.32
76.00	7.50	7.20	1.20	4.32	4.12	1.47	3.31	0.15	3.69	4.43	2.67
77.00	7.50	7.21	0.73	0.01	4.89	3.98	1.35	0.00	1.30	3.57	2.56
78.00	7.50	7.20	0.67	0.24	0.92	1.38	1.70	0.00	0.32	1.66	0.75
79.00	7.50	7.21	2.73	0.00	2.98	2.39	2.97	0.00	2.96	2.72	2.44
10.2.1.3	7.34	8.51
10.2.1.2	7.64	8.60
10.1.1.3	1.19	151138.47
10.1.1.6	3.01	52432.25
10.1.1.7	2.48	83655.99
10.1.1.5	3.29	36754.53
10.1.1.11	2.05	47333.47
10.1.1.4	1.03	150322.92
10.1.1.10	1.56	129725.65
10.1.1.8	0.52	167220.64
10.1.1.9	2.21	54208.26
