Waf: Entering directory `/home/synrg-sc1/Desktop/Jiaming/ns-3.29-mesh/build'
Waf: Leaving directory `/home/synrg-sc1/Desktop/Jiaming/ns-3.29-mesh/build'
Build commands will be stored in build/compile_commands.json
'build' finished successfully (4.794s)
CreateVariables () DONE !!!
Creating 19 APs 50.00 m apart.
CreateApNodes () DONE !!!
Creating 0 CLs 20.00 m away from each AP.
CreateClNodes () DONE !!!
CreateNodes () DONE !!!
CreateMeshDevices () DONE !!!
CreateWifiDevices () DONE !!!
CreateCsmaDevices () DONE !!!
CreateDevices () DONE !!!
InstallInternetStack () DONE !!!
Gateway is connect to AP 0
InstallApplications () DONE !!!
Starting simulation for 80.00 s ...
-------------------------------------------------
Time[s]	ap-0	ap-1	ap-2	ap-3	ap-4	ap-5	ap-6	ap-7	ap-8	ap-9	ap-10	ap-11	ap-12	ap-13	ap-14	ap-15	ap-16	ap-17	ap-18
2.00	0.00	0.00	0.00	0.00	0.00	0.00	0.00	0.00	0.00	0.00	0.00	0.00	0.00	0.00	0.00	0.00	0.00	0.00	0.00
3.00	3.82	3.82	0.00	0.00	0.00	0.00	0.00	0.00	0.00	0.00	0.00	0.00	0.00	0.00	0.00	0.00	0.00	0.00	0.00
4.00	7.50	7.50	0.00	0.00	0.00	0.00	0.00	0.00	0.00	0.00	0.00	0.00	0.00	0.00	0.00	0.00	0.00	0.00	0.00
5.00	7.50	7.50	2.40	0.69	0.82	0.54	1.97	1.93	1.20	1.24	0.04	0.00	0.00	0.18	0.00	0.98	0.04	1.65	0.00
6.00	7.50	7.50	1.20	4.57	2.12	1.46	2.17	4.22	1.19	1.25	1.83	0.08	0.00	0.53	0.04	2.08	0.00	2.36	0.46
7.00	7.50	7.50	3.76	4.59	1.11	0.98	3.86	4.96	0.77	0.87	0.94	0.04	0.21	0.58	0.00	0.54	0.00	2.65	0.21
8.00	7.50	7.50	4.62	6.90	2.11	0.25	4.73	2.56	3.32	1.08	0.06	0.33	0.67	1.24	1.32	0.40	0.00	2.90	0.65
9.00	7.50	7.50	3.25	4.99	2.60	0.85	5.15	1.00	0.91	1.39	2.76	0.27	0.72	0.00	0.99	0.00	0.00	2.74	0.07
10.00	7.49	7.49	0.66	6.72	0.41	0.98	5.08	3.59	1.30	1.07	3.21	1.72	0.82	0.00	0.14	1.78	0.00	2.90	0.86
11.00	7.50	7.50	4.10	4.84	2.47	0.37	4.62	1.22	1.45	0.01	0.19	0.26	1.31	0.22	0.46	1.95	0.00	2.50	0.32
12.00	7.50	7.50	3.13	6.84	1.11	2.11	5.55	1.26	1.19	1.64	3.82	2.84	0.00	0.00	0.34	3.32	0.00	2.90	0.19
13.00	7.50	7.50	2.03	5.84	0.73	0.00	5.30	1.35	0.04	0.55	1.84	1.15	1.64	0.51	0.77	0.00	0.00	2.44	0.22
14.00	7.50	7.50	5.58	2.28	0.84	1.73	4.52	2.84	3.45	0.25	2.28	2.28	0.00	1.15	0.14	0.00	0.00	1.07	0.49
15.00	7.50	7.50	6.84	3.45	2.34	0.21	4.80	4.46	0.95	1.08	0.67	1.21	0.00	0.09	1.01	1.00	0.00	0.38	1.42
16.00	7.50	7.50	4.12	4.95	1.58	0.53	4.90	3.00	0.58	1.31	0.59	0.08	1.02	0.32	1.59	1.57	0.00	2.72	0.51
17.00	7.50	7.50	4.85	1.84	2.25	1.35	5.39	1.15	2.47	2.13	3.74	0.33	0.49	0.00	0.49	0.00	0.00	1.25	1.18
18.00	7.50	7.50	4.42	2.99	2.51	0.46	5.19	3.23	0.88	0.00	1.52	0.00	0.00	0.15	0.53	0.92	0.00	2.91	1.07
19.00	7.49	7.49	3.59	6.35	0.07	0.27	2.80	4.46	1.20	0.09	3.17	0.00	0.52	0.20	0.00	0.68	0.00	0.00	0.28
20.00	7.50	7.50	3.82	6.50	0.84	0.15	5.12	3.53	2.59	0.71	3.07	0.66	0.09	0.00	1.66	1.12	0.00	2.64	0.27
21.00	7.50	7.50	0.42	5.33	0.67	0.60	3.52	2.79	2.25	0.75	0.79	0.00	0.49	0.18	1.12	1.46	0.00	1.25	0.25
22.00	7.50	7.50	6.83	6.88	2.90	0.14	5.38	2.83	0.99	1.18	1.75	1.13	0.60	1.68	0.00	3.59	0.00	0.00	1.74
23.00	7.50	7.50	5.78	5.19	0.32	0.31	2.53	5.03	0.54	1.05	0.00	0.00	2.34	0.00	0.89	0.09	0.00	2.85	0.29
24.00	7.50	7.50	4.72	6.45	0.04	0.97	3.74	3.65	2.31	1.47	1.81	0.97	0.06	0.77	1.40	0.84	0.00	2.50	0.99
25.00	7.50	7.50	2.23	1.86	0.04	0.00	4.05	1.70	0.81	0.00	1.55	0.13	0.24	0.00	0.14	1.48	0.00	2.48	1.11
26.00	7.50	7.50	4.69	6.28	0.57	1.46	4.76	0.97	0.01	2.39	0.91	0.09	0.00	0.00	0.31	0.00	0.00	2.51	0.41
27.00	7.50	7.50	3.04	4.53	0.05	0.00	3.53	2.79	1.25	1.15	1.54	0.00	0.00	0.41	0.02	1.83	0.00	1.75	1.53
28.00	7.49	7.49	6.52	5.53	0.33	4.60	0.27	4.46	0.25	0.53	4.29	0.02	0.00	0.37	1.13	0.00	0.00	2.32	1.10
29.00	7.50	7.50	3.37	6.12	1.59	2.99	5.30	2.05	2.47	0.25	2.06	1.24	0.00	0.00	1.42	1.34	0.00	2.01	0.08
30.00	7.50	7.50	6.03	6.90	0.00	0.49	3.44	4.02	3.04	0.99	1.19	0.00	0.00	2.04	3.69	1.45	0.00	1.04	0.80
31.00	7.50	7.50	1.59	6.35	0.01	2.21	1.64	4.84	3.51	1.74	0.32	0.73	0.00	0.15	0.79	1.66	0.00	0.41	0.73
32.00	7.50	7.50	4.92	6.18	1.64	1.14	1.38	4.88	4.85	0.00	2.92	2.00	0.00	0.19	1.17	3.18	0.00	0.09	0.66
33.00	7.50	7.50	4.62	4.11	0.04	0.00	3.46	2.74	2.67	1.65	0.09	0.42	0.00	1.68	0.37	1.37	0.00	2.28	1.13
34.00	7.50	7.50	1.40	5.73	1.19	2.76	3.45	3.90	1.22	1.88	1.57	1.19	0.00	1.52	1.33	0.00	0.00	2.27	0.80
35.00	7.50	7.50	5.33	6.49	1.28	2.38	5.72	3.62	2.36	1.05	3.83	0.01	0.00	0.38	0.53	0.99	0.00	1.63	1.32
36.00	7.50	7.50	5.42	3.09	0.19	0.13	3.77	0.08	1.55	4.85	2.87	0.12	0.07	0.12	1.21	0.54	0.00	3.16	1.50
37.00	7.49	7.49	4.02	5.05	1.68	0.64	2.89	3.56	0.41	0.71	0.61	0.01	0.40	0.00	0.02	0.78	0.00	2.47	1.51
38.00	7.50	7.50	2.12	4.82	0.37	1.27	2.03	3.03	0.00	1.48	3.29	0.06	0.04	1.72	2.38	0.89	0.00	2.51	1.50
39.00	7.50	7.50	1.32	5.90	0.11	1.13	1.37	0.62	1.25	0.95	1.12	0.00	1.66	0.00	0.44	1.31	0.00	3.16	0.64
40.00	7.50	7.50	0.53	6.75	4.46	3.26	3.74	0.75	0.31	0.48	0.92	3.05	0.00	1.26	3.53	0.11	0.00	3.30	0.84
41.00	7.50	7.50	5.23	3.60	1.74	0.00	5.29	0.67	0.19	3.21	0.00	0.00	0.00	1.34	0.81	0.00	0.00	2.97	0.28
42.00	7.50	7.50	3.84	4.12	0.66	1.42	5.41	1.24	2.01	3.14	1.45	1.06	0.55	0.93	0.99	0.00	0.00	1.74	0.41
43.00	7.50	7.50	1.79	2.79	0.00	0.40	3.21	2.27	1.92	1.21	0.49	0.62	1.66	0.84	0.00	1.21	0.00	3.57	0.38
44.00	7.50	7.50	2.59	1.59	1.06	0.00	5.23	4.44	1.30	1.25	1.58	0.32	0.00	0.98	1.30	0.49	0.00	1.90	0.42
45.00	7.50	7.50	4.76	5.79	0.55	2.11	1.55	3.97	0.15	0.87	1.93	0.02	0.00	0.66	0.49	1.51	0.00	3.51	1.42
46.00	7.49	7.49	3.23	3.00	0.61	0.39	1.99	2.94	0.04	0.51	1.99	0.00	0.62	0.41	0.05	0.28	0.00	1.73	0.00
47.00	7.50	7.50	3.20	5.39	1.59	0.41	4.05	4.13	1.51	0.99	2.05	0.00	0.21	0.01	0.34	0.62	0.00	1.18	0.31
48.00	7.50	7.50	5.38	4.60	2.65	2.04	2.40	5.39	0.04	0.38	3.51	0.80	0.00	0.22	0.35	0.24	0.00	1.10	0.86
49.00	7.50	7.50	4.83	2.13	0.74	0.48	4.64	1.26	1.83	0.08	0.86	0.00	0.00	0.00	0.06	0.55	0.00	2.24	0.08
50.00	7.50	7.50	6.74	6.23	1.26	0.59	3.98	4.23	2.57	4.17	0.93	0.00	0.06	2.48	0.77	0.54	0.00	0.53	1.02
51.00	7.50	7.50	1.35	5.53	1.47	1.53	1.85	4.02	2.97	0.84	1.67	0.47	0.00	0.88	1.85	0.20	0.00	0.52	0.34
52.00	7.50	7.50	4.09	5.58	1.34	0.28	4.76	3.79	0.05	2.59	1.21	0.05	0.00	0.72	0.02	1.00	0.00	0.92	0.07
53.00	7.50	7.50	5.37	6.21	0.38	0.00	5.37	2.86	0.95	1.61	0.80	0.00	0.67	0.21	1.18	0.00	0.00	0.00	0.00
54.00	7.50	7.50	4.46	6.85	0.66	0.95	3.54	4.24	0.44	2.76	2.99	0.04	0.98	0.02	2.10	1.14	0.00	1.20	0.39
55.00	7.49	7.49	3.85	5.92	1.86	2.03	2.43	4.25	0.24	0.08	0.92	0.26	0.16	1.01	1.50	0.00	0.00	3.00	1.57
56.00	7.50	7.50	0.57	6.21	2.84	0.88	3.39	5.36	0.01	2.00	1.67	1.08	0.00	0.49	2.25	0.46	0.00	2.50	0.79
57.00	7.50	7.50	2.93	5.15	1.21	0.39	4.39	5.06	0.40	2.97	2.18	0.28	0.53	0.35	2.27	2.59	0.00	1.30	0.32
58.00	7.50	7.50	4.68	5.16	0.49	0.55	4.59	2.76	2.19	2.86	0.78	0.59	0.00	1.24	1.17	0.87	0.00	1.37	0.48
59.00	7.50	7.50	4.70	5.96	1.77	0.00	4.86	4.70	1.40	1.07	0.82	0.01	0.00	0.00	0.15	0.09	0.00	1.75	0.00
60.00	7.50	7.50	3.37	2.79	2.39	0.51	3.49	2.68	1.65	1.05	0.20	0.29	1.46	0.74	1.32	0.72	0.00	2.56	0.27
61.00	7.50	7.50	2.66	5.58	0.86	0.15	3.49	2.05	0.77	1.41	1.30	1.34	0.01	0.09	1.59	0.00	0.00	1.53	0.87
62.00	7.50	7.50	3.26	5.98	4.75	0.26	5.32	2.56	1.28	2.16	1.52	0.02	1.20	0.27	0.92	2.65	0.00	3.31	0.52
63.00	7.50	7.50	2.98	5.15	2.23	0.77	1.83	5.02	0.33	1.81	0.45	0.00	1.01	0.15	0.52	1.85	0.00	3.00	0.67
64.00	7.49	7.49	2.60	5.72	3.09	0.00	2.10	5.41	1.22	2.92	0.62	0.08	1.19	0.54	1.01	0.00	0.00	3.34	0.00
65.00	7.50	7.50	2.71	6.90	1.27	0.04	3.46	2.08	2.34	0.77	1.91	0.00	0.84	0.32	0.41	0.00	0.00	2.61	0.08
66.00	7.50	7.50	1.26	4.18	0.94	1.79	3.42	4.13	1.32	1.38	1.18	0.09	0.01	0.00	0.88	1.52	0.00	2.79	0.52
67.00	7.50	7.50	1.64	5.19	2.84	0.20	1.19	3.17	1.57	0.00	0.79	1.59	0.94	0.25	1.02	1.37	0.00	3.14	0.04
68.00	7.50	7.50	1.86	6.92	1.32	0.09	2.67	5.20	0.72	1.35	0.69	1.81	0.52	1.57	2.17	0.49	0.00	2.64	1.24
69.00	7.50	7.50	1.88	3.21	0.66	0.33	2.33	2.91	0.79	0.16	2.73	0.01	0.00	0.52	1.71	2.27	0.00	1.95	0.53
70.00	7.50	7.50	0.54	1.05	4.17	3.44	0.77	4.85	0.21	0.00	3.37	2.05	0.00	0.53	0.01	0.21	0.00	2.50	1.51
71.00	7.50	7.50	4.26	6.36	0.06	0.54	4.10	1.46	2.45	0.45	0.97	2.64	0.00	0.59	0.40	0.11	0.00	1.19	0.11
72.00	7.50	7.50	5.69	6.64	0.27	0.32	5.39	0.08	1.88	0.75	2.96	2.93	0.00	1.50	1.20	0.62	0.00	2.01	0.98
73.00	7.49	7.49	4.49	3.82	1.68	0.45	4.69	0.39	1.40	0.58	1.52	1.70	0.01	0.27	0.00	0.00	0.00	1.80	0.15
74.00	7.50	7.50	4.46	6.29	0.85	0.49	4.82	1.85	2.66	1.78	0.69	1.42	0.00	0.01	0.06	0.00	0.00	1.70	1.37
75.00	7.50	7.50	2.60	6.05	1.18	0.69	4.32	1.78	0.74	0.00	1.04	0.78	1.22	0.00	0.45	1.24	0.00	1.48	0.85
76.00	7.50	7.50	4.00	6.89	3.11	0.93	5.51	4.27	0.77	0.00	0.00	0.06	0.02	0.53	1.08	2.56	0.00	2.58	0.44
77.00	7.50	7.50	6.11	3.38	0.49	1.38	3.29	2.90	0.77	2.23	1.38	0.00	0.42	0.49	1.27	0.87	0.00	1.28	1.17
78.00	7.50	7.50	6.06	2.57	1.92	0.09	3.01	3.20	3.92	0.25	1.46	0.64	0.06	1.27	0.02	0.08	0.00	1.07	1.25
79.00	7.50	7.50	4.70	4.99	0.64	3.09	1.81	1.93	0.01	1.10	2.76	0.12	0.16	0.00	0.40	0.71	0.00	1.40	1.02
10.2.1.2	7.64	8.12
10.2.1.3	7.64	21.72
10.1.1.5	1.35	84901.59
10.1.1.6	0.94	135687.75
10.1.1.17	817.88	184955.00
10.1.1.18	2.06	35409.10
10.1.1.3	3.75	47287.30
10.1.1.4	5.12	29690.80
10.1.1.16	0.93	239959.26
10.1.1.11	1.63	71767.04
10.1.1.12	0.63	112219.17
10.1.1.13	0.40	238812.89
10.1.1.14	0.55	196271.21
10.1.1.15	0.91	154023.54
10.1.1.10	1.28	173920.89
10.1.1.7	3.81	50220.14
10.1.1.8	3.10	59101.03
10.1.1.9	1.41	138113.86
10.1.1.19	0.69	94662.78
