Waf: Entering directory `/home/synrg-sc1/Desktop/Jiaming/ns-3.29-mesh/build'
Waf: Leaving directory `/home/synrg-sc1/Desktop/Jiaming/ns-3.29-mesh/build'
Build commands will be stored in build/compile_commands.json
'build' finished successfully (4.748s)
CreateVariables () DONE !!!
Creating 16 APs 50.00 m apart.
CreateApNodes () DONE !!!
Creating 0 CLs 20.00 m away from each AP.
CreateClNodes () DONE !!!
CreateNodes () DONE !!!
CreateMeshDevices () DONE !!!
CreateWifiDevices () DONE !!!
CreateCsmaDevices () DONE !!!
CreateDevices () DONE !!!
InstallInternetStack () DONE !!!
Gateway is connect to AP 0
InstallApplications () DONE !!!
Starting simulation for 80.00 s ...
-------------------------------------------------
Time[s]	ap-0	ap-1	ap-2	ap-3	ap-4	ap-5	ap-6	ap-7	ap-8	ap-9	ap-10	ap-11	ap-12	ap-13	ap-14	ap-15
2.00	0.00	0.00	0.00	0.00	0.00	0.00	0.00	0.00	0.00	0.00	0.00	0.00	0.00	0.00	0.00	0.00
3.00	5.39	4.38	3.85	0.00	0.00	0.00	0.00	0.00	0.00	0.00	0.00	0.00	0.00	0.00	0.00	0.00
4.00	9.60	7.81	6.90	0.00	0.00	0.00	0.00	0.00	0.00	0.00	0.00	0.00	0.00	0.00	0.00	0.00
5.00	9.60	7.80	6.90	2.43	3.86	3.56	0.68	3.44	1.63	0.60	3.00	0.11	2.21	0.04	0.39	0.07
6.00	9.61	7.80	6.90	2.18	4.84	5.33	0.65	4.19	1.81	0.29	2.93	0.92	2.94	0.51	0.57	0.00
7.00	9.60	7.81	6.90	3.91	2.01	3.38	0.44	3.12	0.18	0.53	3.07	0.93	1.97	0.16	1.06	0.00
8.00	9.60	7.80	6.90	3.82	3.94	3.96	0.60	3.69	0.82	2.08	3.74	1.42	3.04	0.54	1.41	0.00
9.00	9.60	7.80	6.90	1.74	4.31	3.66	1.19	4.03	0.81	0.02	4.75	1.33	2.93	0.65	1.67	0.00
10.00	9.60	7.81	6.90	2.20	6.01	1.26	1.99	1.37	0.05	3.12	4.51	0.88	1.55	2.90	1.35	0.00
11.00	9.61	7.80	6.90	4.17	2.80	1.14	2.38	4.60	0.97	1.53	4.27	2.64	3.73	0.93	2.77	0.00
12.00	9.60	7.81	6.90	4.20	3.45	2.56	1.21	3.34	0.01	2.39	3.73	1.01	3.53	1.57	2.70	0.00
13.00	9.60	7.80	6.90	4.22	4.12	2.87	1.92	3.27	1.66	0.77	1.93	1.66	2.41	1.94	2.24	0.00
14.00	9.60	7.80	6.90	2.00	6.01	5.72	0.00	5.41	5.10	0.64	3.46	1.93	4.00	0.00	2.33	0.00
15.00	9.61	7.81	6.90	1.48	5.89	5.44	2.51	4.29	2.64	1.84	0.00	1.34	3.90	1.57	1.64	0.00
16.00	9.60	7.80	6.90	2.72	5.52	5.15	1.11	2.65	0.86	0.00	4.06	1.12	3.87	0.40	3.25	0.00
17.00	9.60	7.80	6.89	3.80	5.99	5.99	2.32	5.73	0.00	0.00	4.17	0.00	3.56	1.58	2.99	0.00
18.00	9.60	7.81	6.90	6.81	6.01	6.01	5.55	5.41	0.00	0.00	4.82	0.00	3.90	3.26	2.99	0.00
19.00	9.60	7.80	6.90	6.14	4.53	3.47	1.13	2.30	1.05	2.37	2.94	0.00	3.39	0.85	2.21	0.00
20.00	9.61	7.80	6.90	2.28	5.72	6.01	0.75	2.27	1.78	1.46	3.06	0.00	3.60	1.66	2.85	0.00
21.00	9.60	7.81	6.90	2.97	4.38	3.12	3.71	2.86	0.01	2.12	3.99	0.00	3.42	0.16	2.38	0.00
22.00	9.60	7.80	6.90	1.27	5.88	3.82	1.19	5.38	3.16	3.01	3.65	0.00	3.90	0.31	2.11	0.00
23.00	9.60	7.81	6.90	4.22	2.26	3.37	2.06	5.30	0.24	1.67	2.21	0.00	2.45	2.04	2.40	0.00
24.00	9.61	7.80	6.90	4.45	4.82	4.80	0.49	5.12	1.37	1.38	0.64	0.00	4.45	1.17	2.66	0.00
25.00	9.60	7.80	6.90	6.76	3.74	2.24	1.46	5.42	0.49	3.91	4.80	0.00	3.74	0.11	2.92	0.00
26.00	9.60	7.81	6.90	2.57	3.12	3.96	0.55	5.20	1.25	1.07	1.85	0.00	3.30	2.86	2.31	0.00
27.00	9.60	7.80	6.90	5.66	5.50	2.99	0.27	3.09	0.54	2.53	5.58	0.67	3.90	0.35	2.47	0.00
28.00	9.60	7.80	6.90	5.97	5.18	4.86	2.66	4.64	0.72	2.17	3.96	0.04	3.27	0.02	2.53	0.00
29.00	9.61	7.81	6.90	1.90	4.31	3.53	0.01	3.52	1.38	0.25	5.02	0.00	2.47	0.11	1.98	0.00
30.00	9.60	7.80	6.90	6.70	5.99	6.04	0.24	5.41	0.00	3.85	4.80	0.68	3.90	1.68	3.00	0.00
31.00	9.60	7.80	6.90	6.18	5.26	5.78	2.17	5.39	0.99	0.82	4.22	0.00	3.52	1.20	2.53	0.00
32.00	9.60	7.81	6.90	6.78	5.66	2.30	2.05	5.02	1.84	0.66	4.70	0.00	3.46	0.38	2.98	0.00
33.00	9.60	7.80	6.90	0.68	0.46	4.53	2.37	5.26	1.00	3.24	0.35	3.65	2.64	0.12	2.43	0.00
34.00	9.61	7.81	6.89	0.00	2.39	5.82	1.08	5.24	1.26	3.12	1.90	1.50	3.16	0.34	2.84	0.00
35.00	9.60	7.80	6.90	4.32	5.04	5.50	2.48	5.39	0.00	0.37	4.80	1.61	3.89	0.01	2.76	0.00
36.00	9.60	7.80	6.90	5.02	5.95	5.24	1.50	5.13	1.51	0.16	4.78	0.99	3.89	0.49	2.98	0.00
37.00	9.60	7.81	6.90	6.19	5.46	5.20	1.60	4.97	1.83	0.74	1.00	0.00	1.11	1.73	2.39	0.00
38.00	9.61	7.80	6.90	6.05	5.58	0.62	3.52	3.59	2.11	2.00	0.59	0.97	4.59	2.80	2.87	0.00
39.00	9.60	7.80	6.90	6.52	5.99	4.30	3.64	2.71	1.10	0.02	1.72	0.00	3.92	2.63	3.00	0.00
40.00	9.60	7.81	6.90	2.74	6.01	4.72	0.66	4.69	2.65	0.94	3.19	0.00	2.30	1.06	2.52	0.00
41.00	9.60	7.80	6.90	2.84	6.01	4.02	0.46	5.39	1.14	1.22	3.23	0.06	3.78	1.67	2.23	0.00
42.00	9.60	7.80	6.90	2.67	5.83	5.99	0.52	5.39	0.98	1.75	2.05	0.00	3.91	0.93	3.00	0.00
43.00	9.61	7.81	6.90	4.98	4.73	1.61	2.21	4.20	1.05	2.20	2.26	0.53	3.00	0.00	1.11	0.00
44.00	9.60	7.80	6.90	6.69	5.81	4.16	0.00	2.24	1.84	2.67	2.87	0.00	3.90	1.90	2.64	0.00
45.00	9.60	7.81	6.90	3.83	3.65	1.21	1.48	5.28	0.14	0.73	4.33	0.00	2.60	0.09	2.32	0.00
46.00	9.60	7.80	6.90	2.48	4.83	1.01	2.11	3.98	0.29	4.40	0.99	0.00	3.70	1.71	2.96	0.00
47.00	9.61	7.80	6.90	4.35	2.45	1.88	0.66	1.77	1.21	0.18	3.00	0.00	1.53	4.07	2.72	0.00
48.00	9.60	7.81	6.90	6.89	6.30	1.87	0.49	3.92	0.00	3.70	4.79	0.00	1.78	3.09	2.43	0.00
49.00	9.60	7.80	6.90	0.88	3.65	4.57	0.22	3.56	0.00	0.49	4.12	0.00	3.38	0.93	3.39	0.00
50.00	9.60	7.80	6.89	3.26	5.99	6.54	0.08	4.80	2.67	0.65	4.79	1.59	3.90	0.05	2.74	0.00
51.00	9.60	7.81	6.90	0.48	2.76	5.81	3.18	4.84	1.00	0.16	2.39	0.05	3.85	2.01	2.39	0.00
52.00	9.61	7.80	6.90	0.27	5.98	4.58	2.58	4.10	1.35	4.64	3.51	0.00	3.89	0.66	3.00	0.00
53.00	9.60	7.80	6.90	6.56	5.45	1.08	1.64	2.26	0.84	2.84	1.92	0.00	3.86	0.02	2.11	0.00
54.00	9.60	7.81	6.90	6.29	5.95	1.18	2.41	1.87	0.84	1.48	3.76	0.00	3.44	1.08	2.99	0.00
55.00	9.60	7.80	6.90	1.74	5.55	4.38	4.64	5.57	4.27	0.18	4.04	0.00	3.46	1.81	2.83	0.00
56.00	9.60	7.81	6.90	7.60	5.78	5.35	1.46	5.18	1.26	0.00	1.18	0.08	3.97	2.19	2.98	0.00
57.00	9.61	7.80	6.90	4.90	2.70	3.99	2.21	4.32	3.71	0.81	2.41	3.17	3.77	3.06	1.08	0.00
58.00	9.60	7.80	6.90	6.32	3.43	1.27	0.01	4.96	1.66	0.86	4.80	0.22	3.91	0.95	0.84	0.00
59.00	9.60	7.81	6.90	4.79	5.72	2.25	1.79	2.14	3.44	1.48	4.45	0.00	1.46	1.10	3.00	0.00
60.00	9.60	7.80	6.90	5.32	1.52	1.13	0.00	3.06	0.49	4.64	3.19	0.00	3.73	1.93	3.00	0.00
61.00	9.61	7.80	6.90	4.72	5.15	5.30	1.24	4.47	1.33	0.79	3.71	0.00	3.37	0.51	2.99	0.00
62.00	9.60	7.81	6.90	6.51	5.23	5.71	0.53	5.39	1.08	3.19	4.05	0.00	4.10	0.00	3.00	0.00
63.00	9.60	7.80	6.90	4.29	4.76	4.62	0.65	1.28	0.00	1.65	4.26	0.00	3.47	1.87	2.67	0.00
64.00	9.60	7.80	6.90	2.79	3.10	3.91	1.95	5.49	1.92	0.42	4.79	0.00	3.43	2.21	2.48	0.00
65.00	9.60	7.81	6.90	7.22	2.23	3.32	1.07	4.55	1.37	2.90	1.05	0.00	3.91	0.00	3.00	0.00
66.00	9.61	7.80	6.89	6.90	3.07	3.01	4.26	5.41	3.32	0.84	4.83	0.00	3.90	1.30	2.99	0.00
67.00	9.60	7.81	6.90	3.24	3.96	4.37	1.07	1.86	1.50	0.72	2.68	0.02	1.73	0.27	1.57	0.00
68.00	9.60	7.80	6.90	6.65	6.01	1.02	0.02	2.01	0.49	1.21	3.44	1.27	4.32	0.01	1.66	0.00
69.00	9.60	7.80	6.90	4.06	5.35	5.99	0.00	0.86	0.00	0.46	4.32	0.00	3.92	0.00	3.00	0.00
70.00	9.61	7.81	6.90	5.29	5.62	3.57	3.32	2.68	0.95	0.38	3.31	0.49	3.90	0.67	2.36	0.00
71.00	9.60	7.80	6.90	1.84	5.79	5.36	0.00	5.63	2.28	1.91	4.09	0.00	3.73	0.16	1.27	0.00
72.00	9.60	7.80	6.90	5.22	6.01	5.79	0.71	5.38	1.87	1.05	4.80	0.00	3.89	1.15	2.65	0.00
73.00	9.60	7.81	6.90	3.69	4.44	2.28	0.24	4.69	2.11	0.65	2.30	0.00	3.39	0.60	1.68	0.00
74.00	9.60	7.80	6.90	4.46	3.16	5.86	2.57	5.29	0.12	1.17	5.32	0.00	3.64	0.09	2.80	0.00
75.00	9.61	7.80	6.90	1.30	2.21	3.33	0.00	2.53	2.12	0.81	4.79	0.00	3.89	1.01	2.99	0.00
76.00	9.60	7.81	6.90	6.02	5.89	0.14	0.32	4.12	4.50	1.01	3.38	0.00	3.91	2.90	2.96	0.00
77.00	9.60	7.80	6.90	0.49	5.99	0.61	0.49	2.13	0.32	0.44	5.17	0.00	3.90	3.10	3.00	0.00
78.00	9.60	7.81	6.90	4.55	5.92	6.02	2.67	2.44	4.47	0.04	3.77	0.00	3.16	3.46	2.90	0.00
79.00	9.60	7.80	6.90	6.08	4.92	2.43	4.82	5.51	2.19	0.25	4.22	0.00	4.44	1.19	2.93	0.00
10.2.1.4	7.03	8.70
10.2.1.3	7.95	8.64
10.2.1.2	9.78	8.30
10.1.1.12	0.51	336910.25
10.1.1.8	4.15	31161.74
10.1.1.14	1.21	114394.58
10.1.1.4	4.25	52107.01
10.1.1.5	4.80	18073.43
10.1.1.6	3.90	51658.94
10.1.1.9	1.40	126606.49
10.1.1.7	1.58	137219.91
10.1.1.10	1.45	80819.38
10.1.1.11	3.51	55140.75
10.1.1.13	3.48	20954.40
10.1.1.15	2.51	21518.53
10.1.1.16	0.44	244968.67
