Waf: Entering directory `/home/synrg-sc1/Desktop/Jiaming/ns-3.29-mesh/build'
Waf: Leaving directory `/home/synrg-sc1/Desktop/Jiaming/ns-3.29-mesh/build'
Build commands will be stored in build/compile_commands.json
'build' finished successfully (4.785s)
CreateVariables () DONE !!!
Creating 21 APs 50.00 m apart.
CreateApNodes () DONE !!!
Creating 0 CLs 20.00 m away from each AP.
CreateClNodes () DONE !!!
CreateNodes () DONE !!!
CreateMeshDevices () DONE !!!
CreateWifiDevices () DONE !!!
CreateCsmaDevices () DONE !!!
CreateDevices () DONE !!!
InstallInternetStack () DONE !!!
Gateway is connect to AP 0
InstallApplications () DONE !!!
Starting simulation for 80.00 s ...
-------------------------------------------------
Time[s]	ap-0	ap-1	ap-2	ap-3	ap-4	ap-5	ap-6	ap-7	ap-8	ap-9	ap-10	ap-11	ap-12	ap-13	ap-14	ap-15	ap-16	ap-17	ap-18	ap-19	ap-20
2.00	0.00	0.00	0.00	0.00	0.00	0.00	0.00	0.00	0.00	0.00	0.00	0.00	0.00	0.00	0.00	0.00	0.00	0.00	0.00	0.00	0.00
3.00	6.03	6.03	5.78	0.00	0.00	0.00	0.00	0.00	0.00	0.00	0.00	0.00	0.00	0.00	0.00	0.00	0.00	0.00	0.00	0.00	0.00
4.00	8.10	8.10	7.81	0.00	0.00	0.00	0.00	0.00	0.00	0.00	0.00	0.00	0.00	0.00	0.00	0.00	0.00	0.00	0.00	0.00	0.00
5.00	8.10	8.10	7.80	0.22	0.79	0.91	0.04	0.04	0.98	0.21	0.00	1.06	1.20	0.00	0.00	0.00	0.04	0.04	0.59	1.00	0.28
6.00	8.10	8.10	7.80	0.99	2.00	2.84	0.00	3.60	4.72	2.66	0.02	2.16	2.19	0.29	0.04	0.80	0.00	0.04	2.40	0.42	1.91
7.00	8.10	8.10	7.81	0.60	0.14	2.85	0.60	4.43	3.36	3.20	0.04	1.47	0.37	0.92	2.87	0.35	0.04	1.52	0.84	0.57	0.91
8.00	8.09	8.09	7.80	1.79	0.19	2.39	1.27	1.63	4.23	2.87	0.28	2.53	1.61	2.07	2.26	0.54	0.00	2.97	0.51	0.11	1.06
9.00	8.10	8.10	7.80	0.00	2.61	1.92	0.00	4.55	3.44	1.86	0.06	1.55	0.02	0.01	2.04	0.00	0.00	1.35	0.00	0.88	0.51
10.00	8.10	8.10	7.81	2.86	0.39	3.23	0.05	4.03	5.09	3.17	0.45	3.53	1.68	0.53	0.28	1.24	0.00	2.31	1.54	1.59	0.64
11.00	8.10	8.10	7.80	0.49	0.68	1.26	0.00	4.47	3.63	1.59	0.00	1.73	0.14	0.34	1.12	0.46	0.00	2.39	1.60	0.42	0.40
12.00	8.10	8.10	7.81	0.02	0.48	2.34	1.24	4.82	3.78	2.05	3.76	0.26	2.76	0.00	2.43	0.04	0.00	1.98	1.21	1.68	0.38
13.00	8.10	8.10	7.80	0.20	1.68	1.45	0.79	4.24	4.02	2.99	0.74	3.21	1.34	0.49	1.11	0.01	0.00	0.85	2.14	1.99	0.00
14.00	8.09	8.09	7.80	1.87	2.13	5.72	0.72	5.10	4.44	2.61	0.00	2.76	1.51	2.16	2.19	0.18	0.00	3.52	2.44	0.00	1.35
15.00	8.10	8.10	7.81	0.13	0.12	1.66	1.20	2.93	4.97	1.39	0.58	1.66	0.88	0.44	0.99	0.67	0.00	1.66	2.39	0.81	1.50
16.00	8.10	8.10	7.80	1.00	0.58	2.07	0.55	2.40	3.73	0.00	1.83	0.00	0.01	1.35	0.00	1.27	0.00	2.96	2.59	1.24	1.79
17.00	8.10	8.10	7.80	0.00	0.87	3.11	0.06	3.43	5.09	1.80	0.00	0.00	0.00	1.42	1.34	0.00	0.00	3.30	0.77	0.21	1.80
18.00	8.10	8.10	7.81	0.07	1.92	3.36	3.62	3.99	5.11	3.51	2.98	1.32	0.67	3.30	2.93	1.55	0.00	3.30	0.79	0.59	1.55
19.00	8.10	8.10	7.80	0.48	0.18	2.56	0.29	2.08	3.74	4.55	1.91	0.21	1.37	0.41	2.60	0.00	0.00	2.58	0.68	1.00	1.21
20.00	8.09	8.09	7.80	0.20	0.98	3.42	0.41	4.52	4.32	2.34	0.62	1.40	1.40	0.64	2.84	0.04	0.00	2.94	2.56	0.64	1.37
21.00	8.10	8.10	7.81	0.91	0.35	1.78	0.02	2.37	4.44	2.30	0.07	3.64	0.11	2.46	1.07	0.33	0.00	1.79	0.98	0.78	1.80
22.00	8.10	8.10	7.80	0.44	2.74	2.89	1.37	4.73	4.56	1.73	0.40	1.11	0.00	1.39	2.00	0.04	0.00	2.77	1.45	1.51	1.30
23.00	8.10	8.10	7.81	0.00	0.19	1.39	0.00	2.51	2.74	0.75	0.77	0.88	0.12	0.62	1.58	0.51	0.58	0.22	1.12	0.00	0.21
24.00	8.10	8.10	7.80	0.00	0.00	0.00	0.00	0.00	0.00	0.00	0.00	4.91	0.00	0.00	0.72	0.00	0.00	0.47	0.00	0.00	0.00
25.00	8.10	8.10	7.80	0.00	0.00	0.00	0.00	0.00	0.00	0.00	0.00	4.80	0.00	0.00	0.00	0.00	0.00	0.00	0.00	0.00	0.00
26.00	8.09	8.09	7.81	0.00	0.00	0.00	0.00	0.00	0.00	0.00	0.00	4.80	0.00	0.00	0.00	0.00	0.00	0.00	0.00	0.00	0.00
27.00	8.10	8.10	7.80	0.00	0.00	0.00	0.00	0.00	0.00	0.00	0.00	2.33	0.00	0.00	0.00	0.00	0.00	0.00	0.00	0.00	0.00
28.00	8.10	8.10	7.80	0.00	0.00	0.00	0.00	0.00	0.00	0.00	0.00	0.00	0.00	0.00	0.00	0.00	0.00	0.00	0.00	0.00	0.00
29.00	8.10	8.10	7.81	0.00	0.00	0.00	0.00	0.00	0.00	0.00	0.00	0.00	0.00	0.00	0.00	0.00	0.00	0.00	0.00	0.00	0.00
30.00	8.10	8.10	7.80	0.00	0.00	0.00	0.00	0.00	0.00	0.00	0.00	0.00	0.00	0.00	0.00	0.00	0.00	0.00	0.00	0.00	0.00
31.00	8.10	8.10	7.80	0.00	0.00	0.00	0.00	0.00	0.00	0.00	0.00	0.00	0.00	0.00	0.00	0.00	0.00	0.00	0.00	0.00	0.00
32.00	8.10	8.10	7.81	0.00	0.00	0.00	0.00	0.00	0.00	0.00	0.00	0.00	0.00	0.00	0.00	0.00	0.00	0.00	0.00	0.00	0.00
33.00	8.09	8.09	7.80	0.00	0.00	0.00	0.00	0.00	0.00	0.00	0.00	0.00	0.00	0.00	0.00	0.00	0.00	0.00	0.00	0.00	0.00
34.00	8.10	8.10	7.81	0.00	0.00	0.00	0.00	0.00	0.00	0.00	0.00	0.00	0.00	0.00	0.00	0.00	0.00	0.00	0.00	0.00	0.00
35.00	8.10	8.10	7.80	0.00	0.00	0.00	0.00	0.00	0.00	0.00	0.00	0.00	0.00	0.00	0.00	0.00	0.00	0.00	0.00	0.00	0.00
36.00	8.10	8.10	7.80	0.00	0.00	0.00	0.00	0.00	0.00	0.00	0.00	0.00	0.00	0.00	0.00	0.00	0.00	0.00	0.00	0.00	0.00
37.00	8.10	8.10	7.81	0.00	0.00	0.00	0.00	0.00	0.00	0.00	0.00	0.00	0.00	0.00	0.00	0.00	0.00	0.00	0.00	0.00	0.00
38.00	8.10	8.10	7.80	0.00	0.00	0.00	0.00	0.00	0.00	0.00	0.00	0.00	0.00	0.00	0.00	0.00	0.00	0.00	0.00	0.00	0.00
39.00	8.09	8.09	7.80	0.49	0.00	1.12	0.00	2.17	2.21	1.10	0.00	0.91	0.02	0.75	0.33	0.37	0.00	0.99	0.78	0.00	0.32
40.00	8.10	8.10	7.81	0.00	0.13	4.31	1.53	5.09	1.74	2.32	1.44	3.42	1.14	1.74	0.99	0.58	1.02	2.46	0.47	0.00	1.20
41.00	8.10	8.10	7.80	0.02	0.00	5.66	0.52	5.12	3.24	0.53	0.00	1.54	3.59	0.08	1.25	1.50	0.00	2.56	0.19	0.00	1.75
42.00	8.10	8.10	7.80	3.51	0.00	4.49	2.52	5.10	3.42	4.51	2.60	1.26	2.18	1.93	1.53	0.02	0.00	2.93	0.13	0.00	0.42
43.00	8.10	8.10	7.81	0.00	0.82	3.26	0.99	3.13	1.85	1.15	0.49	2.16	1.19	0.75	0.04	0.75	0.00	1.24	0.00	0.00	0.88
44.00	8.10	8.10	7.80	0.05	2.12	2.72	1.77	4.37	4.60	2.51	0.00	4.83	1.04	1.83	0.94	1.07	0.00	2.03	0.40	0.00	0.64
45.00	8.09	8.09	7.81	0.00	0.73	0.74	1.75	5.30	1.12	0.72	0.00	0.80	0.14	0.00	0.26	1.02	0.25	1.24	0.49	0.00	1.48
46.00	8.10	8.10	7.80	0.99	0.15	2.79	0.55	4.07	4.11	4.97	0.33	1.58	0.59	0.69	0.88	0.38	1.10	2.73	2.87	0.00	1.19
47.00	8.10	8.10	7.80	1.95	0.49	3.54	1.25	4.35	1.17	4.27	1.44	3.83	3.53	0.40	0.26	0.35	0.00	1.63	1.11	0.00	1.33
48.00	8.10	8.10	7.81	2.25	1.18	5.22	0.19	5.10	1.14	2.73	2.52	4.75	3.30	1.13	0.99	1.37	0.18	3.14	0.93	0.00	1.20
49.00	8.10	8.10	7.80	0.09	1.21	4.09	3.11	2.27	4.64	3.12	0.02	2.59	0.32	1.24	1.13	0.00	0.98	1.27	0.31	0.00	0.16
50.00	8.10	8.10	7.80	0.47	1.58	4.11	1.18	5.62	3.06	4.89	1.04	4.38	1.83	0.49	0.93	1.08	1.78	3.39	1.97	0.00	2.00
51.00	8.09	8.09	7.81	0.44	1.91	4.30	1.18	3.09	3.20	0.68	0.65	3.19	2.10	0.00	0.00	0.01	0.69	1.97	0.86	0.00	1.35
52.00	8.10	8.10	7.80	0.58	0.71	4.96	0.00	4.02	2.71	1.21	0.13	3.00	2.31	0.47	1.38	0.00	2.90	2.67	1.52	0.00	0.32
53.00	8.10	8.10	7.80	0.05	0.00	2.37	0.49	4.16	5.26	3.93	1.92	0.97	2.39	0.73	0.64	0.55	0.42	2.92	1.33	0.00	0.86
54.00	8.10	8.10	7.81	0.00	0.00	6.15	3.24	5.09	4.89	4.98	3.10	1.14	2.12	1.47	0.00	0.02	0.01	3.30	2.99	0.00	0.99
55.00	8.10	8.10	7.80	0.15	0.00	4.79	1.26	2.30	2.04	4.98	0.00	0.49	0.54	0.05	0.89	0.89	0.68	2.99	1.08	0.00	1.38
56.00	8.10	8.10	7.81	0.00	0.13	1.95	0.75	4.68	4.72	3.14	0.06	2.27	0.00	0.00	0.09	0.52	1.65	2.33	1.46	0.00	0.72
57.00	8.10	8.10	7.80	0.00	1.14	3.62	0.40	4.56	2.61	2.48	0.00	2.39	0.02	0.05	0.01	0.00	0.00	3.09	1.60	0.00	0.52
58.00	8.09	8.09	7.80	0.00	1.38	3.00	0.78	4.35	2.60	1.20	0.64	4.39	0.55	0.84	0.49	1.61	0.18	1.86	0.69	0.00	0.91
59.00	8.10	8.10	7.81	0.00	0.92	2.83	1.11	4.69	2.86	2.56	0.00	3.64	0.00	1.72	0.00	0.08	0.00	0.15	0.45	0.00	1.19
60.00	8.10	8.10	7.80	0.45	2.50	6.08	3.50	4.27	3.89	0.49	2.03	4.79	1.64	0.73	0.00	1.31	0.98	2.31	1.67	0.00	1.51
61.00	8.10	8.10	7.80	0.47	1.41	2.54	0.01	2.91	3.99	4.55	0.00	4.64	0.00	1.67	0.49	0.00	0.31	1.60	1.19	0.00	1.71
62.00	8.10	8.10	7.81	0.01	0.15	4.36	0.00	5.49	5.10	4.37	0.05	2.38	1.21	1.64	1.53	0.00	1.40	1.64	1.60	0.00	1.00
63.00	8.10	8.10	7.80	0.00	0.01	0.49	0.00	4.62	4.69	3.65	0.00	0.06	0.19	0.55	3.09	1.30	0.58	3.29	1.08	0.00	1.80
64.00	8.09	8.09	7.80	0.00	3.96	4.80	0.18	5.10	2.07	2.01	0.48	1.81	1.28	1.67	0.51	1.07	0.11	3.31	0.00	0.00	0.32
65.00	8.10	8.10	7.81	1.21	1.08	4.80	1.15	4.38	3.32	3.69	0.00	2.11	2.01	1.01	1.20	0.54	0.20	0.93	1.27	0.00	0.95
66.00	8.10	8.10	7.80	1.67	2.48	3.20	3.25	3.79	3.60	3.52	0.62	3.31	1.79	0.73	1.22	0.00	0.99	2.57	1.42	0.00	0.00
67.00	8.10	8.10	7.81	0.97	0.00	3.43	1.73	4.98	3.54	4.10	0.18	2.66	0.77	0.01	2.40	0.00	1.64	2.06	0.37	0.00	0.86
68.00	8.10	8.10	7.80	1.48	2.65	1.83	1.21	5.09	2.31	3.11	0.35	2.36	0.27	1.15	1.40	0.00	0.49	2.78	0.45	0.00	1.72
69.00	8.10	8.10	7.80	0.00	0.00	0.01	2.58	3.20	2.14	1.44	0.00	2.71	0.41	0.06	1.38	1.44	1.80	1.07	0.00	0.00	1.24
70.00	8.09	8.09	7.81	0.53	0.72	4.89	2.78	3.32	5.09	4.49	0.84	4.00	1.18	0.00	0.00	1.81	0.14	2.97	2.72	0.00	1.54
71.00	8.10	8.10	7.80	0.54	0.12	3.56	0.47	4.51	3.37	1.44	1.27	3.30	0.26	1.79	0.00	0.60	0.69	2.23	0.00	0.00	0.82
72.00	8.10	8.10	7.80	1.17	0.62	5.29	0.67	5.08	4.22	2.07	0.95	1.79	0.57	0.15	0.46	0.32	1.77	1.98	0.01	0.00	1.15
73.00	8.10	8.10	7.81	0.00	0.49	4.36	0.34	3.97	2.85	4.36	1.05	4.51	1.06	0.00	0.72	0.00	1.25	3.38	1.97	0.00	0.68
74.00	8.10	8.10	7.80	1.02	0.15	4.66	0.12	3.79	1.18	1.28	0.67	3.70	0.19	0.74	1.07	0.02	0.29	0.89	1.15	0.00	1.71
75.00	8.10	8.10	7.80	0.79	0.51	2.39	1.06	4.50	1.80	1.45	0.45	2.97	0.26	0.58	1.34	0.00	0.01	3.34	0.27	0.00	0.13
76.00	8.09	8.09	7.81	0.74	1.24	2.60	0.59	2.61	4.31	2.76	0.35	1.74	0.00	1.80	1.48	0.00	1.02	1.55	1.63	0.00	0.79
77.00	8.10	8.10	7.80	0.12	0.49	3.97	0.00	3.05	5.04	2.10	0.29	4.22	0.06	1.88	0.31	0.86	0.44	2.23	0.40	0.00	0.31
78.00	8.10	8.10	7.81	0.18	0.29	0.62	1.18	6.17	4.92	4.79	0.04	0.69	0.07	0.00	1.71	0.01	1.65	3.03	0.52	0.00	1.73
79.00	8.10	8.10	7.80	2.17	0.49	1.45	1.11	3.37	4.00	0.29	0.09	4.19	0.39	0.97	1.19	0.00	1.04	0.77	0.57	0.00	0.59
10.2.1.4	7.95	8.43
10.2.1.2	8.25	8.36
10.2.1.3	8.25	21.66
10.1.1.4	0.53	165831.28
10.1.1.15	0.89	172338.58
10.1.1.5	0.72	240326.10
10.1.1.13	0.83	105729.65
10.1.1.19	0.92	87654.50
10.1.1.7	0.80	115503.02
10.1.1.8	3.27	23066.32
10.1.1.9	2.91	56789.10
10.1.1.10	2.14	75746.83
10.1.1.6	2.58	45529.19
10.1.1.14	0.72	121190.34
10.1.1.11	0.57	159552.08
10.1.1.12	2.18	47551.48
10.1.1.20	0.92	307727.23
10.1.1.16	0.43	218650.87
10.1.1.17	0.40	343997.40
10.1.1.18	1.78	65085.25
10.1.1.21	0.84	44021.88
