Waf: Entering directory `/home/synrg-sc1/Desktop/Jiaming/ns-3.29-mesh/build'
Waf: Leaving directory `/home/synrg-sc1/Desktop/Jiaming/ns-3.29-mesh/build'
Build commands will be stored in build/compile_commands.json
'build' finished successfully (4.959s)
CreateVariables () DONE !!!
Creating 14 APs 50.00 m apart.
CreateApNodes () DONE !!!
Creating 0 CLs 20.00 m away from each AP.
CreateClNodes () DONE !!!
CreateNodes () DONE !!!
CreateMeshDevices () DONE !!!
CreateWifiDevices () DONE !!!
CreateCsmaDevices () DONE !!!
CreateDevices () DONE !!!
InstallInternetStack () DONE !!!
Gateway is connect to AP 0
InstallApplications () DONE !!!
Starting simulation for 80.00 s ...
-------------------------------------------------
Time[s]	ap-0	ap-1	ap-2	ap-3	ap-4	ap-5	ap-6	ap-7	ap-8	ap-9	ap-10	ap-11	ap-12	ap-13
2.00	0.00	0.00	0.00	0.00	0.00	0.00	0.00	0.00	0.00	0.00	0.00	0.00	0.00	0.00
3.00	6.16	0.00	0.00	0.00	0.00	0.00	0.00	0.00	0.00	0.00	0.00	0.00	0.00	0.00
4.00	9.30	0.00	0.00	0.00	0.00	0.00	0.00	0.00	0.00	0.00	0.00	0.00	0.00	0.00
5.00	9.29	2.12	1.58	1.22	4.75	4.49	0.00	3.82	0.00	2.74	0.00	0.00	2.48	0.25
6.00	9.30	4.38	3.43	0.79	5.52	5.65	0.00	4.89	0.54	1.57	0.00	0.00	3.12	1.18
7.00	9.30	1.92	0.82	0.78	4.40	3.78	1.59	3.63	1.64	2.06	0.57	0.00	3.12	0.08
8.00	9.30	5.49	5.15	0.51	4.64	4.24	0.00	1.60	0.52	2.25	1.00	1.08	1.53	0.55
9.00	9.29	0.77	0.67	1.93	2.74	2.81	1.31	3.10	0.16	0.01	0.11	1.66	2.87	0.04
10.00	9.30	1.58	2.37	1.54	3.79	2.52	1.78	4.44	0.97	0.62	0.71	1.08	3.34	0.07
11.00	9.30	1.81	1.68	0.99	3.10	3.97	1.48	2.39	0.34	0.57	0.00	0.02	3.31	1.08
12.00	9.30	0.00	2.40	1.04	6.29	2.43	0.00	1.98	0.99	2.52	0.49	0.00	3.30	0.06
13.00	9.29	0.00	1.73	0.00	6.38	0.00	0.48	0.99	2.33	2.73	0.11	0.00	3.30	0.00
14.00	9.30	0.00	7.31	0.31	5.91	5.63	1.20	2.96	2.21	2.79	0.00	2.10	3.06	0.00
15.00	9.30	1.70	1.25	2.79	6.44	5.46	2.57	4.23	0.48	0.57	0.97	1.40	3.31	0.68
16.00	9.30	2.56	2.43	0.00	3.23	2.85	2.87	1.59	0.00	0.32	1.07	1.48	2.10	0.55
17.00	9.29	0.00	2.13	0.00	5.25	2.20	3.57	0.99	0.49	2.30	0.49	0.00	2.66	0.49
18.00	9.30	2.66	1.57	1.00	2.48	3.19	1.27	1.50	0.00	2.68	1.32	0.48	0.71	0.28
19.00	9.30	0.16	8.11	3.52	6.62	5.52	1.05	0.12	3.04	0.11	2.31	0.02	0.49	0.04
20.00	9.30	3.26	1.98	0.33	4.85	1.73	1.14	1.26	0.87	3.01	1.14	3.56	0.49	1.77
21.00	9.29	3.99	1.20	1.27	2.43	5.89	1.15	0.00	0.49	0.31	0.00	3.44	0.82	1.45
22.00	9.30	3.38	3.56	0.00	6.61	3.27	1.97	1.37	0.00	0.87	1.12	2.74	3.30	0.67
23.00	9.30	0.57	0.00	1.45	3.57	0.99	0.00	3.84	0.00	1.18	0.00	0.00	3.30	0.11
24.00	9.30	7.42	8.41	0.93	5.25	0.94	5.18	5.36	1.54	0.61	1.08	3.06	3.31	0.00
25.00	9.29	3.26	3.27	3.19	5.98	1.41	1.57	2.67	0.00	0.01	0.00	0.59	3.24	0.00
26.00	9.30	1.91	6.54	3.66	5.91	3.12	0.45	4.18	2.96	0.88	0.00	1.83	2.97	0.00
27.00	9.30	2.27	2.17	0.86	4.29	0.74	2.18	2.13	1.30	0.01	0.11	0.48	3.26	0.13
28.00	9.30	0.00	2.11	1.21	4.83	5.88	0.49	0.04	0.99	0.06	1.38	2.44	3.30	0.54
29.00	9.29	3.14	1.42	0.00	6.42	4.23	3.24	2.50	0.51	1.79	1.22	0.11	3.32	1.04
30.00	9.30	3.04	4.11	0.00	6.59	6.01	4.82	2.48	2.24	0.78	0.25	3.79	3.30	1.46
31.00	9.30	2.78	1.91	1.25	6.29	5.69	0.32	4.26	0.73	1.67	0.00	0.16	3.27	0.45
32.00	9.30	1.45	1.48	0.00	3.60	2.94	0.49	2.61	3.92	0.54	0.06	0.62	1.80	0.66
33.00	9.29	5.06	4.31	5.12	0.93	0.99	0.00	3.74	1.67	0.26	0.00	0.99	3.36	0.75
34.00	9.30	5.49	4.23	0.00	4.99	5.58	0.99	4.57	3.70	0.00	0.00	3.11	3.20	1.18
35.00	9.30	3.47	5.16	1.18	5.95	5.61	0.49	3.31	0.00	0.02	1.10	2.66	3.31	0.48
36.00	9.29	3.50	5.85	0.11	6.56	5.98	0.00	5.31	3.30	3.37	0.20	3.26	3.30	1.15
37.00	9.30	6.75	4.60	2.85	4.46	4.19	0.20	2.64	1.91	1.52	0.00	1.47	2.59	0.26
38.00	9.30	3.16	5.13	4.60	5.30	5.43	1.64	2.71	3.00	0.39	0.64	3.52	1.27	0.79
39.00	9.30	5.73	4.65	1.32	1.71	5.16	0.20	2.97	2.39	0.86	0.00	2.34	3.12	0.75
40.00	9.29	6.01	0.19	0.00	0.65	5.56	0.00	4.50	2.00	1.81	1.68	3.25	2.54	0.07
41.00	9.30	1.65	0.31	1.78	0.45	5.76	4.58	4.37	2.20	1.24	0.00	2.54	3.13	0.86
42.00	9.30	6.83	0.00	1.35	4.13	4.64	4.22	5.39	1.74	2.43	1.60	0.49	1.71	1.13
43.00	9.30	6.45	1.31	2.56	4.42	6.16	2.37	4.64	0.92	3.57	0.01	1.53	3.29	1.25
44.00	9.29	2.14	4.96	3.27	6.25	5.65	1.01	5.37	2.05	1.05	2.13	2.12	3.12	0.73
45.00	9.30	2.37	4.23	1.02	6.61	5.85	0.00	5.19	1.58	1.47	0.14	0.00	3.31	1.05
46.00	9.30	2.28	5.06	0.99	5.61	5.09	3.18	3.92	2.14	0.39	2.24	0.00	2.24	0.91
47.00	9.30	2.34	4.00	2.04	6.59	5.88	1.24	5.19	2.37	0.01	0.49	0.06	3.30	0.00
48.00	9.29	0.00	0.00	2.28	6.59	6.01	6.02	5.48	2.36	0.98	0.05	0.48	3.30	1.15
49.00	9.30	5.26	3.90	3.53	4.58	5.24	2.19	4.63	3.54	0.71	0.79	0.13	3.05	0.69
50.00	9.30	5.61	6.04	0.79	6.41	3.67	1.05	4.78	3.09	2.90	3.21	3.32	3.19	0.92
51.00	9.30	2.85	3.44	1.22	2.30	3.14	0.60	4.22	0.79	0.08	0.34	1.86	3.21	0.12
52.00	9.29	4.04	0.34	1.91	7.32	2.79	0.40	0.67	2.13	2.93	0.49	1.79	3.30	1.26
53.00	9.30	2.70	2.21	2.30	6.59	3.12	0.44	5.29	2.51	0.68	0.00	1.08	3.30	0.66
54.00	9.30	2.53	2.71	4.02	6.19	3.66	0.77	5.10	0.98	1.02	1.61	1.47	2.96	0.00
55.00	9.30	3.58	0.54	0.00	2.54	1.86	0.00	2.17	0.00	1.12	0.00	1.39	1.37	1.17
56.00	9.29	1.42	2.84	0.00	0.00	2.89	2.27	2.83	0.64	0.72	0.00	3.13	0.14	1.18
57.00	9.30	0.99	1.74	0.47	3.21	2.74	0.48	1.73	1.10	0.04	1.21	2.59	2.36	0.04
58.00	9.30	0.77	2.52	3.26	5.02	2.93	0.00	4.86	0.86	2.26	0.00	1.73	3.26	0.45
59.00	9.30	1.98	1.61	0.46	5.55	1.40	1.68	3.34	0.33	0.71	0.49	1.78	1.85	0.16
60.00	9.29	2.04	1.94	3.49	2.46	3.27	0.60	2.72	1.15	0.05	1.19	2.38	1.98	0.45
61.00	9.30	4.84	3.18	0.91	2.98	4.95	0.60	1.70	2.81	1.63	0.00	0.41	2.44	0.00
62.00	9.30	7.94	6.70	0.49	6.59	5.00	0.00	4.39	1.34	4.05	0.07	0.00	3.30	0.00
63.00	9.30	5.24	6.30	0.00	6.55	3.79	1.22	5.20	1.92	2.64	0.00	1.81	3.31	1.04
64.00	9.29	7.04	0.62	2.53	6.50	5.73	0.13	4.70	0.00	2.37	0.87	1.91	3.30	0.94
65.00	9.30	4.57	0.62	3.54	5.05	5.12	1.24	5.42	0.59	1.84	0.40	3.05	0.81	0.58
66.00	9.30	4.10	2.10	1.86	3.78	4.99	0.61	3.45	0.73	0.06	1.45	3.54	2.25	0.77
67.00	9.29	2.73	4.84	1.18	3.50	3.93	0.82	1.88	0.49	0.01	0.00	1.53	1.30	0.72
68.00	9.30	0.00	3.10	1.11	6.59	3.96	0.00	4.15	0.00	0.80	0.13	1.68	3.42	1.41
69.00	9.30	1.48	2.94	2.05	2.41	5.76	0.00	1.53	2.41	1.65	1.17	3.50	3.30	0.58
70.00	9.30	5.43	4.13	0.66	5.92	6.01	4.00	5.59	0.98	1.02	0.49	1.85	3.30	1.00
71.00	9.29	2.72	5.11	1.18	5.00	4.93	1.02	2.54	0.25	1.97	1.38	1.38	3.30	1.15
72.00	9.30	1.14	8.05	1.15	4.57	5.58	1.13	2.60	0.02	2.81	1.94	3.00	3.25	0.45
73.00	9.30	3.62	5.88	0.54	7.05	4.42	0.60	3.17	1.90	0.78	1.83	0.33	3.27	0.19
74.00	9.30	3.94	2.97	1.30	5.72	4.76	2.43	4.49	1.65	1.68	0.00	0.78	2.97	0.20
75.00	9.29	4.36	1.12	5.30	6.25	3.19	1.14	0.00	0.08	0.00	0.00	1.01	3.16	0.00
76.00	9.30	4.78	1.66	1.83	3.26	4.29	0.35	1.59	0.62	1.19	0.49	1.08	3.09	0.27
77.00	9.30	0.25	0.00	2.58	5.94	1.91	1.18	3.72	2.94	0.48	0.00	0.02	3.10	0.57
78.00	9.30	6.17	0.00	0.25	4.62	5.33	2.36	4.45	1.20	1.18	0.49	3.94	3.30	0.00
79.00	9.29	1.04	1.14	0.00	5.63	5.70	2.63	2.48	0.93	1.26	0.00	3.14	3.30	1.14
10.2.1.2	9.48	8.50
10.1.1.6	4.21	30204.73
10.1.1.7	1.41	110394.73
10.1.1.11	0.65	323148.93
10.1.1.12	1.67	112691.98
10.1.1.9	1.40	150335.97
10.1.1.4	1.52	198171.28
10.1.1.5	4.87	23864.68
10.1.1.8	3.34	63521.22
10.1.1.2	3.13	95291.72
10.1.1.3	3.09	91381.42
10.1.1.10	1.31	99268.13
10.1.1.14	0.61	174950.79
10.1.1.13	2.81	25490.86
