Waf: Entering directory `/home/synrg-sc1/Desktop/Jiaming/ns-3.29-mesh/build'
Waf: Leaving directory `/home/synrg-sc1/Desktop/Jiaming/ns-3.29-mesh/build'
Build commands will be stored in build/compile_commands.json
'build' finished successfully (4.795s)
CreateVariables () DONE !!!
Creating 19 APs 50.00 m apart.
CreateApNodes () DONE !!!
Creating 0 CLs 20.00 m away from each AP.
CreateClNodes () DONE !!!
CreateNodes () DONE !!!
CreateMeshDevices () DONE !!!
CreateWifiDevices () DONE !!!
CreateCsmaDevices () DONE !!!
CreateDevices () DONE !!!
InstallInternetStack () DONE !!!
Gateway is connect to AP 0
InstallApplications () DONE !!!
Starting simulation for 80.00 s ...
-------------------------------------------------
Time[s]	ap-0	ap-1	ap-2	ap-3	ap-4	ap-5	ap-6	ap-7	ap-8	ap-9	ap-10	ap-11	ap-12	ap-13	ap-14	ap-15	ap-16	ap-17	ap-18
2.00	0.00	0.00	0.00	0.00	0.00	0.00	0.00	0.00	0.00	0.00	0.00	0.00	0.00	0.00	0.00	0.00	0.00	0.00	0.00
3.00	7.37	6.54	6.28	0.00	0.00	0.00	0.00	0.00	0.00	0.00	0.00	0.00	0.00	0.00	0.00	0.00	0.00	0.00	0.00
4.00	8.10	7.21	6.90	0.00	0.00	0.00	0.00	0.00	0.00	0.00	0.00	0.00	0.00	0.00	0.00	0.00	0.00	0.00	0.00
5.00	8.10	7.20	6.90	4.65	0.61	2.25	0.28	3.77	0.39	2.14	2.11	4.56	2.13	0.00	0.00	2.36	0.24	0.13	1.52
6.00	8.10	7.21	6.90	2.03	0.06	1.22	0.82	3.13	4.63	1.52	0.53	4.80	4.37	0.46	0.99	2.25	0.00	0.45	2.70
7.00	8.10	7.20	6.90	5.46	0.00	3.64	1.05	2.52	5.28	0.12	3.10	4.77	3.79	1.08	0.04	2.91	2.21	0.97	1.33
8.00	8.09	7.20	6.90	4.13	0.05	3.09	0.15	0.57	4.71	2.03	3.13	4.25	3.99	1.02	0.89	3.25	1.92	2.21	2.80
9.00	8.10	7.21	6.90	6.09	1.64	2.98	2.33	1.87	3.25	0.66	0.80	2.47	1.51	3.66	0.55	0.72	0.00	1.20	1.07
10.00	8.10	7.20	6.90	3.86	2.86	6.01	3.89	1.00	2.84	0.00	2.59	1.90	1.34	2.80	0.38	1.86	2.12	2.31	1.72
11.00	8.10	7.21	6.90	5.39	5.59	2.28	4.71	2.05	0.49	0.00	0.00	0.00	0.65	1.08	0.00	0.99	2.43	0.98	0.95
12.00	8.10	7.20	6.90	6.45	4.70	5.95	5.06	1.21	1.84	0.00	0.53	4.72	1.39	2.45	0.00	3.42	3.30	3.00	2.17
13.00	8.10	7.20	6.90	5.89	2.89	4.42	1.90	0.04	1.52	0.00	4.95	0.07	0.79	0.37	0.00	3.31	2.73	2.20	1.60
14.00	8.09	7.21	6.90	5.57	1.59	3.83	1.31	0.19	2.03	0.00	2.65	0.68	2.44	1.50	0.00	2.81	1.99	1.85	2.14
15.00	8.10	7.20	6.90	1.67	5.09	4.32	0.00	0.12	0.07	0.00	0.00	0.79	2.71	1.21	0.00	1.41	3.43	2.50	2.66
16.00	8.10	7.21	6.90	3.44	3.99	4.05	3.26	1.08	2.39	0.00	2.13	0.00	4.04	1.65	0.79	3.39	1.08	2.26	2.91
17.00	8.10	7.20	6.89	3.46	0.98	4.78	4.58	0.95	0.52	0.00	4.45	0.49	1.53	3.05	0.00	2.78	3.27	3.00	2.31
18.00	8.10	7.21	6.90	5.16	0.52	3.10	3.56	0.04	2.51	0.00	4.80	1.46	4.50	0.28	0.00	2.66	3.30	2.30	0.68
19.00	8.10	7.20	6.90	4.68	1.68	3.34	4.83	1.01	0.91	0.00	1.83	0.73	3.56	1.22	0.61	1.30	2.14	2.60	1.77
20.00	8.09	7.20	6.90	4.92	2.54	5.31	2.90	0.04	1.67	0.00	2.80	3.01	1.88	2.14	1.13	2.57	2.83	3.00	2.39
21.00	8.10	7.21	6.90	4.71	0.55	3.63	1.10	0.61	1.46	0.00	0.53	0.89	0.68	1.24	0.32	1.70	1.72	2.78	2.28
22.00	8.10	7.20	6.90	5.49	4.42	4.30	5.86	0.94	1.20	0.00	1.42	2.12	0.01	1.02	0.91	0.57	2.19	2.94	2.45
23.00	8.10	7.21	6.90	3.92	1.26	5.12	2.96	0.06	3.66	0.00	1.10	2.08	3.50	0.75	0.00	1.00	1.06	3.00	0.15
24.00	8.10	7.20	6.90	3.45	0.00	5.99	5.33	1.06	2.23	0.00	2.83	0.00	3.94	2.28	0.72	1.86	3.30	3.00	1.60
25.00	8.10	7.20	6.90	3.70	0.48	2.13	3.18	0.07	1.80	0.00	2.46	0.00	1.90	1.95	0.49	3.05	1.84	2.70	1.37
26.00	8.09	7.21	6.90	6.63	3.85	5.36	0.78	0.29	4.62	0.00	1.52	2.03	1.28	1.19	0.00	1.42	2.67	3.00	1.81
27.00	8.10	7.20	6.90	5.49	2.83	2.14	4.66	0.20	1.14	0.00	2.30	0.00	1.12	2.20	2.17	1.33	0.51	3.00	2.87
28.00	8.10	7.21	6.90	2.63	5.90	5.45	5.41	2.50	3.94	0.00	0.00	0.82	0.49	1.01	0.00	3.40	0.00	3.00	2.19
29.00	8.10	7.20	6.90	3.37	4.88	3.62	4.23	1.37	0.91	0.00	1.21	2.21	2.31	0.41	0.92	2.47	1.88	2.99	2.93
30.00	8.10	7.20	6.90	1.61	6.01	6.02	5.42	0.00	1.84	0.00	3.82	1.20	2.66	0.38	1.93	1.92	1.40	3.00	3.00
31.00	8.10	7.21	6.90	4.78	1.46	4.20	3.30	0.02	3.69	0.00	2.48	2.05	2.06	2.90	0.00	0.53	2.72	2.81	2.28
32.00	8.10	7.20	6.90	6.61	2.18	5.36	5.38	0.37	0.57	0.00	1.19	0.29	2.34	3.86	1.27	0.02	3.16	2.92	1.20
33.00	8.09	7.21	6.90	6.10	1.66	3.01	2.78	0.01	2.57	0.00	0.32	0.26	0.00	0.13	0.00	0.97	2.91	2.43	2.74
34.00	8.10	7.20	6.89	6.23	5.82	1.61	5.11	0.33	5.41	0.00	3.72	1.33	0.00	1.08	0.00	3.59	3.18	3.00	3.00
35.00	8.10	7.21	6.90	5.92	2.05	3.47	2.73	0.00	2.56	0.00	2.32	0.88	0.49	1.90	0.00	2.44	1.73	2.51	1.39
36.00	8.10	7.20	6.90	6.19	0.00	1.83	3.93	0.08	0.00	0.00	1.64	1.41	5.11	2.56	0.99	3.60	3.27	3.00	1.58
37.00	8.10	7.20	6.90	4.17	1.58	3.99	0.15	1.05	3.04	0.00	4.79	0.74	2.50	1.33	0.00	0.74	1.93	3.00	2.98
38.00	8.10	7.21	6.90	4.85	3.25	5.88	0.00	0.52	1.77	0.00	4.80	0.00	3.19	1.28	2.54	1.60	3.39	2.99	2.99
39.00	8.09	7.20	6.90	5.98	2.56	5.94	0.00	1.73	0.87	0.00	4.79	1.64	1.45	0.49	0.13	1.37	3.01	3.00	3.00
40.00	8.10	7.21	6.90	6.44	3.46	5.66	2.94	4.58	2.07	0.00	4.11	0.01	0.09	1.93	0.00	0.32	3.05	2.98	2.56
41.00	8.10	7.20	6.90	1.39	1.08	2.86	3.00	0.00	1.75	0.00	2.05	1.91	1.04	0.82	0.00	1.50	1.48	1.74	0.81
42.00	8.10	7.20	6.90	6.25	5.53	0.55	5.39	1.08	3.67	0.00	4.79	3.10	1.70	0.00	0.00	2.81	2.64	3.00	2.87
43.00	8.10	7.21	6.90	2.39	5.90	4.78	5.41	0.00	0.00	0.00	4.80	1.22	2.77	0.00	0.00	1.17	1.31	2.53	0.51
44.00	8.10	7.20	6.90	0.44	1.70	5.99	5.33	1.66	4.02	0.00	4.80	1.53	1.41	3.99	0.00	1.13	4.07	3.00	3.00
45.00	8.09	7.21	6.90	0.86	4.50	4.82	2.61	0.12	1.57	0.00	3.00	0.69	0.00	2.41	1.41	0.69	1.08	2.40	2.90
46.00	8.10	7.20	6.90	1.81	0.99	5.68	5.43	0.65	3.84	0.00	1.97	0.22	1.34	2.74	0.97	0.13	1.67	2.87	1.74
47.00	8.10	7.21	6.90	1.87	1.83	3.13	5.04	1.39	2.08	0.00	1.57	0.89	3.12	1.72	0.00	0.86	1.26	3.00	2.73
48.00	8.10	7.20	6.90	6.18	5.05	1.99	3.69	3.76	3.42	0.00	0.78	1.31	3.83	1.80	1.11	0.93	2.31	2.99	1.25
49.00	8.10	7.20	6.90	5.28	2.46	5.91	2.18	1.77	1.94	0.00	0.61	0.11	2.84	0.86	0.00	2.06	1.75	2.39	2.93
50.00	8.10	7.21	6.89	4.75	4.15	5.84	3.74	0.58	2.56	0.00	2.72	0.01	3.96	3.65	0.21	1.14	0.99	2.99	2.99
51.00	8.09	7.20	6.90	4.35	2.34	4.97	3.38	0.49	0.49	0.00	4.62	0.00	3.06	2.19	0.00	2.41	2.43	2.98	2.94
52.00	8.10	7.21	6.90	5.86	3.40	4.70	3.84	0.04	2.57	0.00	4.70	0.33	2.12	2.72	0.41	2.32	1.79	2.65	2.10
53.00	8.10	7.20	6.90	1.25	0.19	0.38	0.00	1.21	0.59	0.00	3.94	1.97	0.13	2.07	0.48	2.67	2.44	2.85	0.95
54.00	8.10	7.20	6.90	2.45	5.19	5.59	4.37	0.65	2.18	0.00	1.02	0.91	1.04	2.28	0.49	3.12	2.37	3.00	3.23
55.00	8.10	7.21	6.90	1.47	0.25	4.95	2.12	1.67	3.24	0.00	0.00	0.33	4.51	1.04	1.21	1.40	3.30	3.00	1.57
56.00	8.10	7.20	6.90	2.89	0.62	5.99	1.98	0.61	2.92	0.00	2.08	2.00	4.50	1.73	1.33	2.19	3.29	3.00	0.55
57.00	8.10	7.21	6.90	6.59	0.00	6.01	0.49	0.37	1.59	0.00	0.99	0.49	3.94	1.05	0.11	3.60	3.19	3.00	0.88
58.00	8.09	7.20	6.90	6.06	5.02	4.66	3.37	1.25	0.86	0.00	0.09	0.31	3.45	1.40	0.01	3.58	2.79	2.34	2.81
59.00	8.10	7.20	6.90	3.43	0.98	4.36	1.12	2.50	2.64	0.00	1.70	1.41	3.18	2.60	0.49	3.05	1.33	1.66	3.00
60.00	8.10	7.21	6.90	5.13	0.07	4.51	6.21	1.25	2.46	0.00	4.55	0.18	3.99	2.00	0.66	2.07	1.21	3.51	2.99
61.00	8.10	7.20	6.90	1.59	4.51	3.12	5.29	0.00	2.18	0.00	0.78	1.71	1.83	0.34	0.29	3.30	1.79	2.28	1.46
62.00	8.10	7.21	6.90	2.24	3.98	3.06	4.66	0.99	0.79	0.00	1.54	2.20	3.24	0.41	0.37	2.41	3.06	2.99	2.96
63.00	8.10	7.20	6.90	3.10	1.34	0.74	2.25	1.00	1.42	0.00	1.02	1.91	4.49	1.30	0.85	4.50	2.93	2.77	3.00
64.00	8.09	7.21	6.90	5.28	1.05	5.50	3.32	0.52	4.26	0.00	3.64	1.25	4.36	1.61	1.20	3.39	3.30	3.00	2.31
65.00	8.10	7.20	6.90	4.36	4.27	3.32	1.35	2.26	2.19	0.00	3.63	0.75	2.60	2.41	0.81	0.13	1.37	2.37	1.12
66.00	8.10	7.20	6.89	4.68	1.05	5.00	2.45	0.75	2.20	0.00	1.44	0.42	0.79	2.76	1.21	1.88	2.01	2.83	1.70
67.00	8.10	7.21	6.90	3.79	0.40	5.48	1.80	1.27	0.47	0.00	0.84	0.00	3.05	4.04	0.99	2.50	3.30	2.97	2.93
68.00	8.10	7.20	6.90	5.95	3.60	5.94	1.26	2.63	2.63	0.00	0.00	0.00	4.12	3.62	1.74	1.74	3.30	2.64	3.00
69.00	8.10	7.21	6.90	2.24	1.22	1.57	1.33	0.00	1.57	0.00	3.96	1.33	3.62	0.97	0.51	1.99	3.11	2.71	2.80
70.00	8.09	7.20	6.90	5.26	0.00	3.84	2.92	2.40	0.80	0.00	4.79	4.46	2.57	2.99	0.01	2.08	3.30	1.93	2.99
71.00	8.10	7.20	6.90	2.94	0.68	4.25	1.70	0.74	3.84	0.00	3.56	1.06	2.23	2.84	0.19	2.43	2.58	2.74	0.97
72.00	8.10	7.21	6.90	3.09	5.52	5.88	0.75	1.46	0.97	0.00	1.31	0.00	0.26	0.02	0.00	3.59	3.30	2.96	2.52
73.00	8.10	7.20	6.90	3.60	0.28	5.65	0.39	0.00	3.96	0.00	2.45	0.32	0.00	0.20	0.00	3.33	2.87	2.73	1.45
74.00	8.10	7.21	6.90	4.55	0.07	6.01	1.33	0.16	5.39	0.00	3.17	2.43	2.97	2.65	0.00	3.60	3.26	2.93	2.65
75.00	8.10	7.20	6.90	0.49	3.44	5.10	0.82	0.57	2.28	0.00	0.65	1.28	1.28	3.33	0.14	2.81	3.30	2.26	0.45
76.00	8.09	7.20	6.90	4.93	2.58	5.39	1.44	2.54	0.69	0.00	3.92	0.31	2.36	3.34	0.44	3.12	3.11	3.25	0.78
77.00	8.10	7.21	6.90	2.41	0.00	2.81	0.99	0.54	1.66	0.00	3.96	0.00	2.36	3.24	0.00	0.59	3.05	2.98	2.92
78.00	8.10	7.20	6.90	1.22	4.30	6.16	3.39	3.45	3.01	0.00	3.50	1.63	2.43	1.66	0.79	2.97	2.67	1.28	1.74
79.00	8.10	7.21	6.90	1.25	0.71	3.40	3.19	0.26	1.48	0.00	0.75	0.55	2.12	2.13	0.20	3.29	2.32	2.23	2.79
10.2.1.2	8.25	8.53
10.2.1.4	7.03	8.46
10.2.1.3	7.34	9.12
10.1.1.7	2.99	56038.04
10.1.1.8	1.07	164609.13
10.1.1.9	2.28	67520.45
10.1.1.5	2.46	83803.42
10.1.1.6	4.27	26164.68
10.1.1.18	2.63	17212.00
10.1.1.19	2.17	27755.89
10.1.1.4	4.16	32398.89
10.1.1.17	2.37	52193.75
10.1.1.16	2.17	65601.12
10.1.1.15	0.51	343517.44
10.1.1.14	1.84	47214.00
10.1.1.13	2.38	71839.77
10.1.1.11	2.44	98118.29
10.1.1.12	1.28	102450.30
10.1.1.10	1.76	40043.66
