Waf: Entering directory `/home/synrg-sc1/Desktop/Jiaming/ns-3.29-mesh/build'
Waf: Leaving directory `/home/synrg-sc1/Desktop/Jiaming/ns-3.29-mesh/build'
Build commands will be stored in build/compile_commands.json
'build' finished successfully (4.777s)
CreateVariables () DONE !!!
Creating 15 APs 50.00 m apart.
CreateApNodes () DONE !!!
Creating 0 CLs 20.00 m away from each AP.
CreateClNodes () DONE !!!
CreateNodes () DONE !!!
CreateMeshDevices () DONE !!!
CreateWifiDevices () DONE !!!
CreateCsmaDevices () DONE !!!
CreateDevices () DONE !!!
InstallInternetStack () DONE !!!
Gateway is connect to AP 0
InstallApplications () DONE !!!
Starting simulation for 80.00 s ...
-------------------------------------------------
Time[s]	ap-0	ap-1	ap-2	ap-3	ap-4	ap-5	ap-6	ap-7	ap-8	ap-9	ap-10	ap-11	ap-12	ap-13	ap-14
2.00	0.00	0.00	0.00	0.00	0.00	0.00	0.00	0.00	0.00	0.00	0.00	0.00	0.00	0.00	0.00
3.00	7.94	0.00	0.00	0.00	0.00	0.00	0.00	0.00	0.00	0.00	0.00	0.00	0.00	0.00	0.00
4.00	8.70	0.00	0.00	0.00	0.00	0.00	0.00	0.00	0.00	0.00	0.00	0.00	0.00	0.00	0.00
5.00	8.70	2.25	1.51	2.58	0.00	0.98	2.98	0.00	2.59	1.92	2.51	0.92	0.00	0.00	1.08
6.00	8.69	8.41	2.23	3.94	0.69	1.74	3.11	1.65	1.83	0.71	4.51	3.18	0.00	0.27	0.55
7.00	8.70	4.11	2.14	3.91	0.51	0.37	2.17	1.17	3.27	0.33	3.84	1.90	0.65	0.71	2.08
8.00	8.70	6.92	3.85	3.60	3.07	0.06	4.76	0.58	0.02	0.00	3.86	1.11	1.11	0.00	3.13
9.00	8.70	4.97	2.38	3.00	1.42	0.00	2.63	2.53	0.08	1.35	4.58	3.69	0.38	0.58	1.46
10.00	8.70	3.23	6.06	2.41	3.90	1.34	2.23	0.77	0.33	3.31	4.25	3.36	0.00	1.08	0.37
11.00	8.69	3.96	6.72	4.31	0.11	0.82	3.44	0.00	0.00	0.79	2.50	4.02	0.00	0.00	0.62
12.00	8.70	6.47	5.72	6.23	5.30	0.46	5.70	2.19	0.59	4.80	4.79	4.49	0.01	1.06	0.87
13.00	8.70	6.01	6.25	4.02	0.48	1.18	2.84	2.40	0.19	1.30	3.11	2.25	1.54	0.00	0.00
14.00	8.70	7.80	6.87	6.23	0.75	0.00	5.23	2.28	2.86	0.00	4.45	4.37	3.24	1.24	0.26
15.00	8.70	3.46	3.07	1.64	1.17	0.00	2.38	0.13	0.26	2.08	3.47	2.60	0.48	0.08	0.15
16.00	8.69	4.24	6.89	5.95	0.00	0.00	0.00	2.86	1.88	4.69	5.39	3.47	0.67	0.00	1.57
17.00	8.70	1.85	6.71	4.56	0.00	0.00	2.45	1.74	0.68	4.64	4.22	3.07	1.21	0.00	0.07
18.00	8.70	0.49	6.76	6.30	0.00	0.00	5.69	5.41	0.00	4.63	4.80	2.96	0.40	2.37	1.37
19.00	8.70	8.49	5.32	1.71	0.00	0.00	4.26	2.61	0.00	3.64	4.16	1.81	0.09	0.00	2.17
20.00	8.70	5.92	6.47	3.94	0.00	0.00	4.93	0.64	4.66	2.44	4.44	2.33	0.08	0.04	0.34
21.00	8.69	4.76	1.99	6.24	1.90	0.19	1.66	1.35	0.73	2.48	3.39	0.07	1.81	0.06	0.19
22.00	8.70	8.71	5.79	5.08	0.33	4.15	2.00	0.00	1.01	1.71	4.38	1.58	2.44	0.99	0.64
23.00	8.70	2.10	0.82	4.57	1.00	0.00	3.04	0.98	0.00	0.00	3.32	2.98	0.00	0.00	0.00
24.00	8.70	6.30	6.21	5.33	1.18	4.07	2.31	0.09	0.21	0.00	4.79	4.44	0.00	0.00	4.49
25.00	8.69	2.39	6.90	4.40	2.14	0.00	1.19	1.33	0.00	0.00	3.97	2.86	0.00	0.00	0.60
26.00	8.70	2.71	2.91	3.71	1.72	1.18	1.67	1.50	0.80	3.17	4.49	1.99	0.14	0.20	3.44
27.00	8.70	5.26	1.95	3.97	0.21	0.21	2.92	0.58	1.19	1.53	4.63	1.72	1.71	0.57	0.15
28.00	8.70	8.64	4.07	6.12	2.98	0.02	1.04	0.71	1.93	0.00	4.65	4.95	0.34	0.06	1.90
29.00	8.70	7.71	6.76	4.55	1.01	0.00	5.55	1.75	0.92	3.33	4.80	4.39	0.54	0.00	1.98
30.00	8.69	7.78	6.82	2.93	0.00	0.65	5.66	2.71	0.00	2.36	4.71	3.42	0.52	0.00	0.92
31.00	8.70	6.12	3.89	4.99	1.79	0.08	1.61	0.34	0.54	1.41	2.07	1.51	0.26	0.09	0.53
32.00	8.70	5.92	1.68	4.59	0.57	0.00	3.85	0.57	3.72	0.31	3.27	1.63	0.00	2.78	1.24
33.00	8.70	3.51	2.97	2.16	1.73	3.26	1.72	1.84	0.00	0.00	5.03	1.73	0.40	0.02	0.08
34.00	8.70	5.48	3.43	4.84	0.26	0.35	3.78	0.00	0.00	4.04	4.63	3.70	0.00	0.00	2.84
35.00	8.69	6.70	5.39	6.18	0.99	0.28	4.95	1.64	0.88	1.65	4.79	3.42	1.71	1.54	0.00
36.00	8.70	5.70	5.94	6.23	0.95	3.59	5.65	0.28	1.25	0.00	3.64	3.69	2.38	0.25	1.22
37.00	8.70	7.36	2.61	3.00	0.01	4.20	5.09	1.04	0.16	0.00	3.97	4.38	0.49	0.00	2.71
38.00	8.70	6.08	6.74	6.28	0.52	0.60	3.23	1.14	3.64	0.00	4.62	4.40	2.26	0.55	0.21
39.00	8.70	3.29	1.52	6.01	0.97	4.95	2.36	0.85	0.58	0.00	4.40	1.97	1.59	0.86	0.00
40.00	8.69	3.97	2.87	6.19	1.05	4.49	3.79	0.28	0.00	0.00	4.79	4.10	0.15	0.18	1.74
41.00	8.70	4.00	3.66	6.14	0.19	1.18	6.02	0.98	0.77	2.19	4.64	2.97	0.00	0.33	2.45
42.00	8.70	8.23	5.66	3.32	2.64	0.00	4.91	0.00	0.84	3.98	3.96	2.71	0.99	0.00	3.45
43.00	8.70	4.97	0.69	4.82	0.67	0.14	3.57	1.70	0.18	0.55	3.06	1.34	0.00	0.00	0.92
44.00	8.70	7.56	4.35	5.82	0.00	0.51	4.78	0.53	2.96	1.61	4.16	2.90	0.45	0.00	0.00
45.00	8.69	2.74	6.06	5.46	1.65	1.12	2.58	1.32	2.72	0.05	4.77	2.24	0.49	0.00	0.00
46.00	8.70	4.92	4.35	5.12	0.00	4.19	3.90	2.89	1.34	1.04	4.63	2.46	1.40	0.00	1.59
47.00	8.70	5.42	4.27	0.71	0.00	0.02	4.38	0.25	2.85	3.13	4.63	4.57	0.00	1.15	2.52
48.00	8.70	7.80	6.17	3.72	0.49	0.00	5.53	0.88	2.40	0.08	4.80	4.03	0.00	0.80	0.49
49.00	8.69	6.24	4.07	5.46	1.27	1.64	1.77	0.55	0.04	0.26	3.63	1.74	0.22	1.02	1.51
50.00	8.70	6.02	4.15	5.35	1.57	1.00	1.44	2.80	2.87	1.24	3.50	0.98	0.57	0.01	1.65
51.00	8.70	6.28	5.55	4.95	3.62	0.00	4.59	0.82	0.09	1.30	3.71	2.68	0.12	0.20	0.55
52.00	8.70	7.81	6.61	6.10	3.03	2.70	2.90	0.05	1.12	1.46	4.84	4.66	1.55	0.65	0.00
53.00	8.70	7.27	2.18	5.45	1.55	1.46	2.19	0.09	1.48	0.00	3.72	1.53	0.09	0.05	0.01
54.00	8.69	8.14	1.71	4.38	0.00	0.00	3.37	2.61	0.34	3.34	4.51	3.54	1.50	0.00	3.52
55.00	8.70	3.26	5.97	4.26	0.01	1.80	3.53	0.80	1.80	2.87	4.56	3.84	3.39	0.46	1.22
56.00	8.70	1.95	4.84	4.33	2.00	0.66	2.04	0.11	0.75	3.37	3.57	2.86	1.35	1.51	0.29
57.00	8.70	3.49	1.40	0.67	1.00	1.34	3.73	0.00	0.69	2.58	4.16	4.15	2.01	0.39	2.25
58.00	8.70	6.16	5.72	1.60	0.65	1.42	4.17	0.89	0.73	2.54	4.44	3.00	0.24	0.00	0.09
59.00	8.69	7.62	3.58	2.78	0.00	2.63	3.11	1.77	0.00	0.67	4.22	1.71	0.48	0.00	2.19
60.00	8.70	3.91	2.85	3.29	1.52	0.00	1.08	0.66	0.89	0.54	4.24	1.50	0.73	0.09	1.06
61.00	8.70	2.64	1.51	2.23	0.01	0.72	1.86	0.18	0.00	1.52	4.07	3.77	0.00	0.00	1.20
62.00	8.70	4.45	5.25	6.41	0.00	1.20	0.18	0.69	0.00	3.21	4.79	4.68	0.00	0.00	1.17
63.00	8.70	7.73	3.42	5.72	2.28	0.14	1.86	2.60	1.92	0.95	4.62	4.05	0.18	0.74	0.02
64.00	8.69	3.60	4.60	5.68	0.88	0.99	4.92	1.07	2.71	3.58	3.96	4.00	0.29	1.13	3.00
65.00	8.70	3.43	2.17	3.60	0.60	0.00	3.44	1.35	0.74	1.33	4.80	2.40	2.40	0.00	0.06
66.00	8.70	6.75	0.49	4.03	1.01	0.00	4.60	2.38	0.99	1.79	4.76	4.35	0.77	0.49	0.53
67.00	8.70	2.70	5.32	5.45	2.57	0.00	3.51	0.66	0.20	0.93	4.55	2.52	0.00	0.05	1.17
68.00	8.69	7.29	4.13	4.26	1.08	0.00	4.15	2.18	2.86	2.13	4.02	3.83	1.26	2.23	0.48
69.00	8.70	4.59	2.67	5.12	0.49	0.00	3.93	0.00	2.96	1.07	4.77	3.16	0.18	0.00	0.00
70.00	8.70	7.58	5.92	5.24	1.20	0.00	1.39	3.93	1.18	4.13	4.73	0.99	2.27	0.00	0.62
71.00	8.70	4.93	0.74	6.14	1.15	0.00	4.12	1.57	0.35	0.00	2.19	2.83	0.99	0.72	2.60
72.00	8.70	3.99	4.30	6.17	2.81	0.00	3.11	0.09	2.47	2.03	4.16	4.19	0.00	1.24	1.81
73.00	8.69	3.59	5.63	4.36	2.28	0.00	4.20	0.67	0.24	2.20	4.78	2.73	0.33	0.55	0.00
74.00	8.70	0.16	6.69	6.35	2.56	0.00	1.81	0.00	0.13	4.66	3.14	4.39	1.61	1.99	1.18
75.00	8.70	4.02	2.79	4.77	3.45	0.00	3.87	0.00	1.67	2.00	1.46	4.19	0.80	1.07	0.48
76.00	8.70	7.81	3.77	5.83	1.14	0.00	5.03	4.91	0.00	2.60	1.70	4.50	0.22	0.05	0.00
77.00	8.70	4.82	4.32	2.74	0.12	0.00	2.20	1.51	1.27	0.93	3.01	3.26	0.94	0.00	1.37
78.00	8.69	6.81	4.71	6.32	4.65	0.00	4.98	4.73	2.16	0.00	4.79	1.90	0.00	0.49	4.06
79.00	8.70	3.39	3.84	0.77	0.05	0.00	2.11	0.04	0.40	2.26	3.38	3.04	0.49	0.00	0.26
10.2.1.2	8.87	8.69
10.1.1.3	4.35	40310.22
10.1.1.8	1.30	107776.50
10.1.1.2	5.39	40224.84
10.1.1.4	4.57	26996.32
10.1.1.5	1.22	110147.42
10.1.1.10	1.75	34651.91
10.1.1.11	4.19	20295.08
10.1.1.6	1.10	96656.07
10.1.1.7	3.38	61498.99
10.1.1.13	0.77	222424.86
10.1.1.14	0.46	354664.44
10.1.1.15	1.20	194030.73
10.1.1.9	1.16	137294.28
10.1.1.12	3.07	49779.75
