Waf: Entering directory `/home/synrg-sc1/Desktop/Jiaming/ns-3.29-mesh/build'
Waf: Leaving directory `/home/synrg-sc1/Desktop/Jiaming/ns-3.29-mesh/build'
Build commands will be stored in build/compile_commands.json
'build' finished successfully (5.110s)
CreateVariables () DONE !!!
Creating 22 APs 50.00 m apart.
CreateApNodes () DONE !!!
Creating 0 CLs 20.00 m away from each AP.
CreateClNodes () DONE !!!
CreateNodes () DONE !!!
CreateMeshDevices () DONE !!!
CreateWifiDevices () DONE !!!
CreateCsmaDevices () DONE !!!
CreateDevices () DONE !!!
InstallInternetStack () DONE !!!
Gateway is connect to AP 0
InstallApplications () DONE !!!
Starting simulation for 80.00 s ...
-------------------------------------------------
Time[s]	ap-0	ap-1	ap-2	ap-3	ap-4	ap-5	ap-6	ap-7	ap-8	ap-9	ap-10	ap-11	ap-12	ap-13	ap-14	ap-15	ap-16	ap-17	ap-18	ap-19	ap-20	ap-21
2.00	0.00	0.00	0.00	0.00	0.00	0.00	0.00	0.00	0.00	0.00	0.00	0.00	0.00	0.00	0.00	0.00	0.00	0.00	0.00	0.00	0.00	0.00
3.00	5.51	5.29	4.60	0.00	0.00	0.00	0.00	0.00	0.00	0.00	0.00	0.00	0.00	0.00	0.00	0.00	0.00	0.00	0.00	0.00	0.00	0.00
4.00	7.50	7.21	6.30	0.00	0.00	0.00	0.00	0.00	0.00	0.00	0.00	0.00	0.00	0.00	0.00	0.00	0.00	0.00	0.00	0.00	0.00	0.00
5.00	7.50	7.20	6.30	2.84	2.93	0.62	0.82	1.38	0.14	1.31	0.04	1.33	2.58	0.04	2.91	0.04	0.00	1.26	0.04	0.00	0.04	0.92
6.00	7.50	7.21	6.30	2.56	4.49	3.73	0.26	0.55	0.72	0.20	1.37	1.35	4.73	0.00	3.91	0.00	0.06	0.04	1.10	0.00	0.54	1.30
7.00	7.50	7.20	6.30	4.29	2.50	1.14	0.00	1.45	2.83	1.68	0.89	0.67	2.58	0.04	0.82	0.00	0.91	0.58	1.80	0.00	1.67	0.67
8.00	7.50	7.20	6.30	4.79	4.13	1.05	0.34	0.00	2.61	1.55	1.40	1.54	3.60	0.00	3.03	0.33	3.14	1.06	3.14	0.07	1.44	0.48
9.00	7.50	7.21	6.30	5.32	2.84	0.77	0.26	0.00	0.39	2.33	1.88	0.16	2.08	0.00	3.32	0.25	3.06	0.00	1.02	0.00	0.66	0.02
10.00	7.49	7.20	6.30	2.16	0.22	1.75	0.68	0.00	4.03	3.44	1.00	2.43	4.09	0.00	4.06	1.78	3.49	0.24	1.78	0.00	0.33	0.14
11.00	7.50	7.21	6.30	5.56	1.25	2.28	1.46	0.49	1.28	1.73	3.25	0.73	4.29	0.00	3.27	0.11	3.09	1.93	1.35	0.00	1.17	0.95
12.00	7.50	7.20	6.30	2.48	4.53	2.80	0.14	0.21	3.76	3.06	5.17	1.01	2.24	0.00	2.06	1.47	2.90	1.10	1.33	0.00	0.38	0.99
13.00	7.50	7.20	6.30	1.79	5.56	1.77	0.39	1.25	3.38	0.33	4.62	2.61	0.46	0.00	3.25	0.71	3.80	1.59	2.24	0.00	1.54	0.16
14.00	7.50	7.21	6.30	6.01	5.77	0.21	1.63	0.86	1.15	5.81	1.81	1.71	4.19	0.00	0.98	0.64	2.66	0.24	1.87	0.00	0.58	1.70
15.00	7.50	7.20	6.30	2.96	2.80	0.49	0.21	0.00	0.00	1.54	1.72	1.42	4.78	0.00	1.92	1.24	0.72	0.06	2.80	0.00	0.95	0.46
16.00	7.50	7.21	6.30	5.84	4.36	2.24	0.49	1.34	3.36	0.53	5.26	0.06	2.74	0.00	2.11	0.00	2.93	0.27	3.25	0.00	1.34	1.06
17.00	7.50	7.20	6.30	4.58	2.17	0.49	0.81	0.26	4.56	2.16	1.98	0.52	0.57	0.00	2.85	0.06	1.38	0.59	1.13	0.00	1.13	0.05
18.00	7.50	7.21	6.30	3.49	5.78	0.22	0.00	0.07	3.21	0.53	2.36	1.73	4.24	0.00	1.63	1.07	0.41	2.76	3.21	0.00	3.11	0.88
19.00	7.49	7.20	6.30	4.83	3.07	1.44	1.17	1.46	2.47	0.99	1.25	1.55	2.87	0.00	1.85	0.92	0.38	0.20	2.60	0.00	2.34	0.00
20.00	7.50	7.20	6.30	4.88	5.84	4.89	1.32	1.13	3.86	2.11	2.17	3.65	3.05	0.00	3.12	0.18	1.60	0.20	2.05	0.00	2.99	1.53
21.00	7.50	7.21	6.30	2.67	1.54	4.11	0.51	0.94	4.22	1.38	0.21	1.33	2.80	0.00	2.72	0.62	3.34	1.10	2.54	0.00	1.74	1.30
22.00	7.50	7.20	6.30	6.08	4.10	2.38	0.27	1.14	4.72	0.77	1.97	0.04	4.29	0.00	3.91	0.08	3.91	0.00	3.26	0.00	0.65	0.02
23.00	7.50	7.21	6.30	3.40	1.80	2.73	0.00	0.39	3.72	2.30	3.82	0.75	1.72	0.00	2.81	0.01	1.71	0.79	1.41	0.00	1.00	0.15
24.00	7.50	7.20	6.30	6.01	1.34	5.68	1.53	2.37	1.05	0.81	0.00	2.54	2.01	0.00	2.73	0.18	3.91	0.00	1.90	0.00	2.07	0.98
25.00	7.50	7.20	6.30	5.46	3.52	4.19	0.11	0.48	1.32	0.61	2.28	0.84	3.96	0.00	2.14	0.00	3.25	0.22	0.62	0.00	1.92	0.42
26.00	7.50	7.21	6.30	5.62	1.26	3.06	0.13	0.78	0.42	1.28	3.60	2.05	4.63	0.00	1.83	0.55	1.61	0.00	3.31	0.00	2.16	0.01
27.00	7.50	7.20	6.30	5.19	4.79	3.91	1.50	0.00	0.42	3.65	1.84	3.37	1.28	0.00	1.50	0.35	0.98	0.12	1.70	0.00	2.44	0.00
28.00	7.49	7.21	6.30	5.13	4.86	3.01	1.28	0.69	1.26	1.52	1.50	4.03	2.37	0.00	0.80	0.35	3.31	1.07	3.30	0.00	1.34	0.00
29.00	7.50	7.20	6.30	2.78	2.94	3.00	0.00	0.04	3.39	0.57	0.86	1.77	2.90	0.00	1.86	0.00	2.12	0.09	1.38	0.00	1.38	0.55
30.00	7.50	7.20	6.30	5.99	5.43	6.58	0.22	0.00	4.91	4.53	1.39	0.21	3.51	0.00	1.22	0.55	3.91	0.00	2.97	0.00	2.28	0.33
31.00	7.50	7.21	6.30	2.57	4.76	1.84	0.14	1.20	2.70	2.43	0.12	0.12	1.39	0.00	0.82	0.71	0.44	0.00	0.08	0.00	1.41	1.98
32.00	7.50	7.20	6.30	5.98	5.70	0.92	0.42	0.07	1.77	1.24	2.33	0.00	3.58	0.00	0.20	3.03	3.94	0.00	0.20	0.00	1.74	1.91
33.00	7.50	7.21	6.30	4.17	5.23	2.18	0.48	1.18	0.89	4.11	0.57	2.78	2.14	0.00	3.77	1.42	3.91	0.24	2.85	0.00	1.75	0.34
34.00	7.50	7.20	6.30	5.89	4.39	0.81	0.00	0.02	0.46	4.75	0.00	3.50	4.19	0.00	3.91	0.04	3.90	0.22	1.39	0.00	2.40	1.58
35.00	7.50	7.21	6.30	5.26	2.59	0.31	0.27	0.00	4.27	1.52	0.00	0.85	4.62	0.00	4.20	0.00	3.91	0.61	3.27	0.00	1.30	0.78
36.00	7.50	7.20	6.30	2.11	1.47	5.53	0.59	2.65	3.26	4.85	2.70	0.71	4.73	0.00	3.07	0.00	3.13	1.11	2.04	0.00	1.55	0.49
37.00	7.49	7.20	6.30	4.49	4.07	0.20	0.58	0.05	1.93	0.98	0.74	1.22	4.43	0.00	0.48	0.00	1.31	0.78	1.21	0.00	0.51	0.75
38.00	7.50	7.21	6.30	4.96	4.86	2.37	0.13	2.72	4.20	1.74	0.00	3.54	2.57	0.00	3.74	0.00	0.81	0.04	3.34	0.00	0.24	0.12
39.00	7.50	7.20	6.30	4.11	3.31	2.07	0.53	0.00	2.25	3.17	1.22	0.49	4.22	0.00	1.39	0.53	2.30	0.34	3.06	0.00	1.32	0.00
40.00	7.50	7.21	6.30	2.79	4.95	2.78	0.01	0.31	2.78	3.57	5.04	4.05	2.46	0.00	1.95	0.00	2.89	0.00	2.93	0.00	0.07	0.92
41.00	7.50	7.20	6.30	2.66	2.38	0.29	0.52	0.48	2.67	2.47	2.84	1.40	2.51	0.00	2.08	0.37	2.54	0.31	1.91	0.00	1.67	0.72
42.00	7.50	7.20	6.30	5.70	1.48	4.56	1.86	0.52	1.61	3.37	3.72	1.61	3.70	0.00	2.68	0.55	1.10	1.12	1.99	0.00	2.52	0.82
43.00	7.50	7.21	6.30	3.36	0.95	1.71	0.02	0.01	1.24	1.33	0.00	0.77	4.05	0.00	0.27	0.25	0.97	1.83	1.90	0.00	2.21	0.20
44.00	7.50	7.20	6.30	1.15	4.27	4.31	0.02	0.85	2.79	3.01	0.20	2.78	4.24	0.00	3.39	0.15	3.90	0.20	1.73	0.00	0.65	0.92
45.00	7.50	7.21	6.30	4.46	3.12	4.16	0.00	1.66	0.13	3.79	0.00	1.21	4.19	0.00	2.03	0.00	1.55	1.34	1.92	0.00	2.18	0.01
46.00	7.49	7.20	6.30	1.07	2.56	2.63	1.80	0.45	2.12	2.10	0.04	2.44	4.20	0.00	0.81	0.06	1.15	0.00	2.48	0.00	2.24	0.86
47.00	7.50	7.21	6.30	1.83	3.45	2.46	0.04	0.00	3.73	1.46	0.00	0.14	4.15	0.00	1.60	0.00	3.64	0.00	0.45	0.00	3.14	0.00
48.00	7.50	7.20	6.30	5.97	4.26	4.60	0.00	1.86	0.73	1.68	0.00	2.18	4.26	0.00	3.76	0.00	4.03	0.13	2.24	0.00	1.20	0.87
49.00	7.50	7.20	6.30	0.85	3.63	0.39	0.12	1.81	3.65	1.65	0.80	0.20	3.38	0.00	3.16	1.06	2.46	0.81	1.93	0.00	1.66	0.00
50.00	7.50	7.21	6.30	4.23	5.83	3.52	0.98	2.45	3.64	2.71	2.51	1.50	4.69	0.00	3.31	0.49	2.16	0.02	3.50	0.00	2.40	1.00
51.00	7.50	7.20	6.30	5.96	5.42	1.94	1.65	0.49	1.74	3.52	1.60	2.19	1.99	0.00	2.86	1.24	1.97	0.01	1.55	0.00	1.15	1.57
52.00	7.50	7.21	6.30	4.77	1.55	2.58	2.80	0.00	2.37	2.46	2.85	2.73	2.21	0.00	3.56	0.38	4.29	0.77	3.30	0.00	0.60	0.45
53.00	7.50	7.20	6.30	2.93	3.57	2.85	1.70	0.00	2.38	2.71	3.87	1.42	3.01	0.00	4.03	0.04	2.23	0.29	1.24	0.00	1.68	1.33
54.00	7.50	7.20	6.30	5.99	4.59	2.21	0.42	1.51	1.60	3.24	1.65	1.37	4.80	0.00	4.13	1.20	3.24	0.00	2.53	0.00	3.18	0.00
55.00	7.49	7.21	6.30	3.77	2.91	1.15	0.64	2.36	3.31	1.87	2.50	0.31	2.13	0.00	3.01	0.31	3.01	0.28	1.17	0.00	1.70	1.87
56.00	7.50	7.20	6.30	4.73	3.93	4.40	0.11	0.11	3.96	1.15	2.44	0.94	3.31	0.00	4.03	0.58	4.04	0.53	2.78	0.00	0.92	1.18
57.00	7.50	7.21	6.30	2.51	4.13	4.12	0.11	1.08	0.55	3.26	1.92	0.75	4.44	0.00	3.72	1.58	3.33	2.39	1.85	0.00	0.26	0.37
58.00	7.50	7.20	6.30	2.45	5.45	5.23	1.42	0.02	4.69	3.73	1.79	0.04	4.49	0.00	4.20	0.22	1.02	0.00	2.32	0.00	2.70	1.41
59.00	7.50	7.20	6.30	5.96	2.92	3.52	0.29	0.18	2.20	1.02	1.46	2.19	3.13	0.00	3.27	0.00	2.31	1.31	1.97	0.00	2.11	0.49
60.00	7.50	7.21	6.30	5.06	3.17	5.39	0.00	2.07	4.91	4.40	0.00	0.00	3.86	0.00	0.49	0.88	3.78	0.00	3.00	0.00	2.33	0.15
61.00	7.50	7.20	6.30	5.64	3.90	1.41	0.28	0.98	0.49	0.80	0.00	1.33	3.79	0.00	0.00	0.09	3.29	0.57	2.39	0.00	2.19	0.77
62.00	7.50	7.21	6.30	5.69	3.19	2.14	0.39	0.27	1.59	0.24	3.17	3.26	1.63	0.00	4.98	0.00	3.77	1.13	3.30	0.00	2.76	1.06
63.00	7.50	7.20	6.30	5.69	2.87	0.00	0.00	0.24	3.71	2.44	0.00	0.99	4.23	0.00	3.54	0.00	3.91	0.92	1.91	0.00	0.13	0.52
64.00	7.49	7.21	6.30	5.29	6.59	1.67	0.00	0.00	3.39	3.05	1.27	2.78	3.45	0.00	4.45	0.00	3.90	0.16	2.20	0.00	0.68	0.00
65.00	7.50	7.20	6.30	5.57	2.23	0.84	1.87	1.15	4.76	2.59	2.47	1.15	3.60	0.00	3.13	1.15	3.50	0.07	2.57	0.00	2.06	0.00
66.00	7.50	7.20	6.30	2.31	4.79	2.63	0.32	0.04	5.05	1.40	1.97	1.54	4.66	0.00	1.37	0.00	3.90	1.51	1.53	0.00	0.22	0.00
67.00	7.50	7.21	6.30	4.92	1.81	1.58	0.06	0.01	3.84	1.66	0.00	2.16	3.14	0.00	1.91	0.58	3.65	1.37	1.68	0.00	1.88	0.05
68.00	7.50	7.20	6.30	6.01	3.09	5.37	0.05	0.59	3.43	4.27	0.85	0.94	4.79	0.00	2.36	0.22	3.97	2.08	2.53	0.00	2.08	0.44
69.00	7.50	7.21	6.30	3.65	0.82	1.58	0.00	0.49	1.94	1.59	1.01	0.53	0.33	0.00	1.50	1.53	3.89	2.74	0.60	0.00	1.97	0.00
70.00	7.50	7.20	6.30	5.28	1.42	5.72	0.87	0.09	4.51	2.92	0.00	1.74	0.00	0.00	3.14	0.00	3.91	2.44	3.31	0.00	2.17	0.58
71.00	7.50	7.20	6.30	2.98	1.08	1.78	0.87	0.01	1.40	2.50	1.67	2.13	2.31	0.00	2.97	0.26	1.20	0.22	1.58	0.00	1.78	0.49
72.00	7.50	7.21	6.30	4.96	4.43	3.09	2.47	2.05	1.63	3.12	3.76	3.36	3.78	0.00	4.20	0.53	0.67	0.00	3.16	0.00	0.57	0.12
73.00	7.49	7.20	6.30	2.47	2.33	4.13	0.07	0.00	1.93	0.92	2.50	0.08	4.02	0.00	3.01	0.54	0.98	0.00	0.86	0.00	1.52	0.53
74.00	7.50	7.21	6.30	5.28	4.57	4.40	0.61	0.33	1.97	1.12	4.35	0.89	2.04	0.00	1.70	0.00	1.98	0.00	2.10	0.00	1.81	0.28
75.00	7.50	7.20	6.29	2.14	1.65	3.54	0.11	0.01	3.59	2.16	0.62	1.12	3.18	0.00	0.88	0.06	3.13	0.00	3.01	0.00	1.71	0.91
76.00	7.50	7.20	6.30	5.96	1.00	0.69	1.59	0.27	0.79	3.63	1.91	3.91	4.80	0.00	2.20	0.27	3.90	1.33	2.87	0.00	3.00	1.79
77.00	7.50	7.21	6.30	3.74	2.38	0.99	0.79	0.61	0.58	2.76	1.34	0.46	4.23	0.00	0.61	0.80	2.71	0.08	2.03	0.00	0.74	0.15
78.00	7.50	7.20	6.30	6.01	4.86	2.65	2.25	1.21	1.44	2.84	1.39	0.00	4.79	0.00	3.91	1.61	3.90	0.00	3.30	0.00	1.80	0.00
79.00	7.50	7.21	6.30	1.70	4.17	1.81	0.78	1.40	1.07	1.86	2.71	0.84	3.84	0.00	2.39	0.00	2.85	0.00	2.16	0.00	1.51	0.46
10.2.1.3	7.34	8.21
10.2.1.4	6.42	9.50
10.2.1.2	7.64	8.89
10.1.1.4	4.33	26376.83
10.1.1.5	3.54	37400.63
10.1.1.13	3.41	26367.67
10.1.1.9	2.53	68579.45
10.1.1.10	2.26	68221.30
10.1.1.11	1.75	64374.02
10.1.1.12	1.56	73201.88
10.1.1.16	0.47	141167.27
10.1.1.17	2.73	30552.67
10.1.1.18	0.64	89157.06
10.1.1.15	2.61	58985.08
10.1.1.6	2.62	75251.89
10.1.1.7	0.68	188335.70
10.1.1.8	0.72	149154.42
10.1.1.14	0.04	1089304.00
10.1.1.21	1.61	37575.44
10.1.1.19	2.17	28308.85
10.1.1.20	0.14	3558430.17
10.1.1.22	0.64	228218.87
