Waf: Entering directory `/home/synrg-sc1/Desktop/Jiaming/ns-3.29-mesh/build'
Waf: Leaving directory `/home/synrg-sc1/Desktop/Jiaming/ns-3.29-mesh/build'
Build commands will be stored in build/compile_commands.json
'build' finished successfully (4.766s)
CreateVariables () DONE !!!
Creating 11 APs 50.00 m apart.
CreateApNodes () DONE !!!
Creating 0 CLs 20.00 m away from each AP.
CreateClNodes () DONE !!!
CreateNodes () DONE !!!
CreateMeshDevices () DONE !!!
CreateWifiDevices () DONE !!!
CreateCsmaDevices () DONE !!!
CreateDevices () DONE !!!
InstallInternetStack () DONE !!!
Gateway is connect to AP 0
InstallApplications () DONE !!!
Starting simulation for 80.00 s ...
-------------------------------------------------
Time[s]	ap-0	ap-1	ap-2	ap-3	ap-4	ap-5	ap-6	ap-7	ap-8	ap-9	ap-10
2.00	0.00	0.00	0.00	0.00	0.00	0.00	0.00	0.00	0.00	0.00	0.00
3.00	7.52	7.27	7.02	0.00	0.00	0.00	0.00	0.00	0.00	0.00	0.00
4.00	8.40	8.10	7.81	0.00	0.00	0.00	0.00	0.00	0.00	0.00	0.00
5.00	8.41	8.10	7.80	0.44	2.13	2.28	0.39	0.74	1.32	1.66	0.73
6.00	8.40	8.10	7.80	0.04	4.35	2.06	0.00	2.14	4.86	1.47	0.66
7.00	8.40	8.10	7.81	0.00	3.76	2.93	0.21	0.84	2.10	4.99	0.73
8.00	8.41	8.09	7.80	0.00	1.87	2.38	2.36	2.00	2.76	3.17	0.41
9.00	8.40	8.10	7.80	0.00	2.52	2.01	0.00	3.85	0.51	0.68	1.01
10.00	8.40	8.10	7.81	0.00	2.74	2.04	0.19	3.36	2.26	1.70	0.66
11.00	8.41	8.10	7.80	0.00	1.20	4.47	1.53	4.69	3.64	3.06	0.11
12.00	8.40	8.10	7.81	0.00	3.66	2.87	1.70	1.78	2.21	2.80	0.32
13.00	8.40	8.10	7.80	0.00	1.34	4.63	0.39	4.27	2.73	1.70	1.58
14.00	8.41	8.09	7.80	0.00	4.04	3.89	2.53	3.57	2.08	1.75	0.00
15.00	8.40	8.10	7.81	0.00	0.24	0.34	0.21	0.49	1.18	0.55	0.53
16.00	8.40	8.10	7.80	0.00	0.00	0.00	0.00	0.00	0.00	0.00	1.92
17.00	8.41	8.10	7.80	0.00	0.00	0.00	0.00	0.00	0.00	0.00	3.90
18.00	8.40	8.10	7.81	0.00	0.00	0.00	0.00	0.00	0.00	0.00	3.91
19.00	8.40	8.10	7.80	0.00	0.00	0.00	0.00	0.00	0.00	0.00	3.90
20.00	8.40	8.09	7.80	0.00	0.00	0.00	0.00	0.00	0.00	0.00	3.90
21.00	8.41	8.10	7.81	0.00	0.00	0.00	0.00	0.00	0.00	0.00	3.89
22.00	8.40	8.10	7.80	0.00	0.00	0.00	0.00	0.00	0.00	0.00	3.91
23.00	8.40	8.10	7.81	0.00	0.00	0.00	0.00	0.00	0.00	0.00	3.90
24.00	8.41	8.10	7.80	0.00	0.00	0.00	0.00	0.00	0.00	0.00	3.91
25.00	8.40	8.10	7.80	0.00	0.00	0.00	0.00	0.00	0.00	0.00	3.90
26.00	8.40	8.09	7.81	0.00	0.00	0.00	0.00	0.00	0.00	0.00	3.90
27.00	8.41	8.10	7.80	0.00	0.00	0.00	0.00	0.00	0.00	0.00	3.90
28.00	8.40	8.10	7.80	0.00	0.00	0.00	0.00	0.00	0.00	0.00	3.90
29.00	8.40	8.10	7.81	0.00	0.00	0.00	0.00	0.00	0.00	0.00	3.91
30.00	8.41	8.10	7.80	0.00	0.00	0.00	0.00	0.00	0.00	0.00	3.90
31.00	8.40	8.10	7.80	0.00	0.00	0.00	0.00	0.00	0.00	0.00	3.90
32.00	8.40	8.10	7.81	0.00	0.00	0.00	0.00	0.00	0.00	0.00	3.90
33.00	8.41	8.09	7.80	0.00	0.00	0.00	0.00	0.00	0.00	0.00	3.90
34.00	8.40	8.10	7.81	0.00	0.00	0.00	0.00	0.00	0.00	0.00	3.90
35.00	8.40	8.10	7.80	0.00	0.00	0.00	0.00	0.00	0.00	0.00	3.91
36.00	8.41	8.10	7.80	0.00	0.00	0.00	0.00	0.00	0.00	0.00	3.90
37.00	8.40	8.10	7.81	0.00	0.00	0.00	0.00	0.00	0.00	0.00	3.90
38.00	8.40	8.10	7.80	0.00	0.00	0.00	0.00	0.00	0.00	0.00	3.90
39.00	8.40	8.09	7.80	0.00	0.00	6.59	0.08	0.00	0.00	0.01	3.90
40.00	8.41	8.10	7.81	0.00	0.51	5.05	4.52	5.15	0.64	3.72	3.00
41.00	8.40	8.10	7.80	0.11	0.00	5.09	3.18	3.74	0.09	2.81	3.65
42.00	8.40	8.10	7.80	0.00	1.01	1.48	1.84	0.89	0.94	0.66	0.49
43.00	8.41	8.10	7.81	0.00	2.14	3.62	0.21	3.54	0.61	0.58	1.72
44.00	8.40	8.10	7.80	0.00	0.02	5.42	0.65	5.41	2.07	0.00	3.91
45.00	8.40	8.09	7.81	0.08	0.99	5.70	0.00	5.39	2.05	0.00	3.90
46.00	8.41	8.10	7.80	0.06	6.76	5.70	0.06	5.41	0.08	3.79	3.91
47.00	8.40	8.10	7.80	0.79	0.92	3.13	1.58	2.80	0.18	1.00	1.66
48.00	8.40	8.10	7.81	0.00	1.58	2.30	0.78	2.07	1.83	1.20	0.00
49.00	8.41	8.10	7.80	0.51	0.95	3.64	1.28	2.44	0.44	0.12	2.90
50.00	8.40	8.10	7.80	0.01	0.00	5.70	2.87	5.41	0.49	0.00	3.90
51.00	8.40	8.09	7.81	0.00	0.00	2.73	2.33	4.12	1.72	0.86	3.11
52.00	8.41	8.10	7.80	1.75	1.46	5.70	0.00	5.41	0.49	1.85	3.91
53.00	8.40	8.10	7.80	7.20	2.40	5.70	3.33	5.41	0.98	0.00	3.90
54.00	8.40	8.10	7.81	2.27	0.77	4.36	3.96	3.51	0.60	2.94	3.74
55.00	8.41	8.10	7.80	0.46	0.84	1.94	2.61	3.27	1.01	0.88	2.67
56.00	8.40	8.10	7.81	0.00	0.00	2.33	0.14	3.20	0.04	1.54	2.31
57.00	8.40	8.10	7.80	0.80	0.42	2.39	1.07	2.39	0.39	0.80	2.28
58.00	8.40	8.09	7.80	0.62	3.11	5.88	1.61	4.88	0.00	1.41	2.72
59.00	8.41	8.10	7.81	0.27	0.60	3.47	1.10	2.98	2.07	1.22	1.14
60.00	8.40	8.10	7.80	0.71	0.12	4.75	2.79	3.85	0.00	1.58	0.97
61.00	8.40	8.10	7.80	0.00	0.58	2.48	3.63	4.38	0.00	0.08	3.64
62.00	8.41	8.10	7.81	0.04	3.65	0.16	5.70	5.76	0.00	0.66	4.05
63.00	8.40	8.10	7.80	0.25	0.86	1.59	1.73	2.26	0.09	1.95	0.72
64.00	8.40	8.09	7.80	0.05	0.00	0.73	1.88	1.01	1.27	3.29	0.94
65.00	8.41	8.10	7.81	0.97	4.13	3.19	3.24	2.47	1.50	0.40	0.99
66.00	8.40	8.10	7.80	0.00	0.00	2.59	3.78	3.18	1.92	1.31	2.89
67.00	8.40	8.10	7.81	0.49	1.01	2.70	3.29	1.07	0.07	0.80	1.90
68.00	8.41	8.10	7.80	0.34	2.45	5.18	3.82	4.17	0.01	0.01	0.41
69.00	8.40	8.10	7.80	0.06	0.00	2.41	2.52	3.29	0.00	0.49	3.69
70.00	8.40	8.09	7.81	0.00	0.00	5.56	5.69	5.39	2.23	0.75	3.90
71.00	8.41	8.10	7.80	0.24	0.46	2.57	2.30	1.33	0.59	0.82	2.10
72.00	8.40	8.10	7.80	0.00	0.00	0.00	0.00	0.00	0.00	0.00	0.00
73.00	8.40	8.10	7.81	0.00	0.00	0.00	0.00	0.00	0.00	0.00	0.00
74.00	8.41	8.10	7.80	0.00	0.00	0.00	0.00	0.00	0.00	0.00	0.00
75.00	8.40	8.10	7.80	0.00	0.00	0.00	0.00	0.00	0.00	0.00	0.00
76.00	8.40	8.09	7.81	0.00	0.00	0.00	0.00	0.00	0.00	0.00	0.00
77.00	8.40	8.10	7.80	0.01	0.00	2.11	1.38	3.90	1.93	0.95	1.50
78.00	8.41	8.10	7.81	0.00	1.37	3.18	1.38	3.13	0.67	1.12	2.57
79.00	8.40	8.10	7.80	0.85	2.03	2.27	3.30	1.93	0.00	0.00	2.73
10.2.1.2	8.56	8.30
10.2.1.4	7.95	8.99
10.2.1.3	8.25	8.36
10.1.1.6	2.19	47952.91
10.1.1.7	1.23	91932.18
10.1.1.8	2.11	58608.82
10.1.1.9	0.73	240428.32
10.1.1.10	0.85	121074.62
10.1.1.4	0.27	123310.18
10.1.1.5	0.95	110345.81
10.1.1.11	2.54	32575.66
