Waf: Entering directory `/home/synrg-sc1/Desktop/Jiaming/ns-3.29-mesh/build'
Waf: Leaving directory `/home/synrg-sc1/Desktop/Jiaming/ns-3.29-mesh/build'
Build commands will be stored in build/compile_commands.json
'build' finished successfully (4.839s)
CreateVariables () DONE !!!
Creating 18 APs 50.00 m apart.
CreateApNodes () DONE !!!
Creating 0 CLs 20.00 m away from each AP.
CreateClNodes () DONE !!!
CreateNodes () DONE !!!
CreateMeshDevices () DONE !!!
CreateWifiDevices () DONE !!!
CreateCsmaDevices () DONE !!!
CreateDevices () DONE !!!
InstallInternetStack () DONE !!!
Gateway is connect to AP 0
InstallApplications () DONE !!!
Starting simulation for 80.00 s ...
-------------------------------------------------
Time[s]	ap-0	ap-1	ap-2	ap-3	ap-4	ap-5	ap-6	ap-7	ap-8	ap-9	ap-10	ap-11	ap-12	ap-13	ap-14	ap-15	ap-16	ap-17
2.00	0.00	0.00	0.00	0.00	0.00	0.00	0.00	0.00	0.00	0.00	0.00	0.00	0.00	0.00	0.00	0.00	0.00	0.00
3.00	7.58	6.21	0.00	0.00	0.00	0.00	0.00	0.00	0.00	0.00	0.00	0.00	0.00	0.00	0.00	0.00	0.00	0.00
4.00	8.40	6.90	0.00	0.00	0.00	0.00	0.00	0.00	0.00	0.00	0.00	0.00	0.00	0.00	0.00	0.00	0.00	0.00
5.00	8.41	6.90	0.64	1.74	0.19	3.94	0.00	1.48	0.22	0.31	2.28	1.87	0.20	0.62	1.18	0.94	0.53	0.34
6.00	8.40	6.90	1.83	0.97	1.17	4.86	0.00	4.15	0.52	1.06	2.70	4.29	1.25	0.71	2.13	1.77	2.11	0.72
7.00	8.40	6.90	3.37	0.35	0.67	2.44	0.97	3.31	0.61	0.99	3.66	2.93	0.24	1.17	1.99	1.37	1.48	0.62
8.00	8.41	6.90	3.37	1.44	1.71	3.76	0.25	4.85	2.00	0.00	4.97	4.65	0.88	1.66	2.67	1.12	1.65	0.33
9.00	8.40	6.90	4.42	0.49	0.55	2.50	0.00	4.64	1.47	0.18	4.82	3.06	0.54	0.58	1.98	1.28	1.48	0.33
10.00	8.40	6.90	5.84	0.49	0.06	4.50	0.88	4.22	1.15	0.00	3.13	2.68	1.30	0.21	1.42	1.22	1.92	0.78
11.00	8.41	6.90	3.56	1.32	2.20	4.18	0.00	5.76	0.64	0.91	4.30	2.85	0.49	0.52	3.19	1.72	0.81	0.75
12.00	8.40	6.90	2.11	1.99	2.14	4.86	0.00	4.12	0.01	1.80	4.45	3.06	1.12	0.62	2.87	1.80	1.55	0.09
13.00	8.40	6.90	0.98	1.07	2.92	5.38	0.00	4.79	0.66	0.00	3.63	2.28	1.04	2.01	2.28	0.67	0.89	1.92
14.00	8.41	6.90	2.01	0.49	0.85	5.64	0.00	5.68	0.02	0.24	4.89	4.82	0.59	0.45	2.85	1.88	2.32	1.40
15.00	8.40	6.90	4.78	0.31	3.01	5.02	0.12	4.95	0.00	0.00	4.11	4.17	0.00	2.34	2.47	1.21	1.59	0.05
16.00	8.40	6.90	4.36	0.13	2.46	2.91	0.29	4.99	0.61	0.06	3.43	4.53	0.60	0.14	2.27	0.86	1.65	0.49
17.00	8.41	6.89	2.10	0.47	2.25	3.74	0.49	2.28	2.18	0.04	4.77	3.46	2.05	2.90	1.32	1.98	1.86	0.00
18.00	8.40	6.90	2.63	1.73	1.88	4.62	0.05	4.68	1.33	0.13	5.08	1.78	0.51	2.46	3.00	1.02	2.06	0.00
19.00	8.40	6.90	5.64	1.12	2.07	1.51	0.00	5.39	0.18	0.09	5.04	4.12	0.14	4.15	0.74	2.72	2.10	1.63
20.00	8.40	6.90	5.32	0.79	0.40	2.94	0.00	3.21	0.14	0.95	4.84	4.68	1.61	3.37	3.12	2.03	1.67	1.04
21.00	8.41	6.90	5.28	2.28	0.73	4.56	0.00	0.73	0.00	0.00	4.19	2.96	1.37	2.41	2.76	1.91	1.98	1.41
22.00	8.40	6.90	1.79	1.32	1.14	4.18	0.49	5.97	1.21	0.82	4.42	2.91	0.65	0.61	3.30	2.00	2.13	0.61
23.00	8.40	6.90	2.38	2.80	0.00	2.61	0.05	2.45	1.88	0.00	3.24	2.03	2.56	0.73	2.63	0.37	1.90	0.27
24.00	8.41	6.90	6.56	2.71	0.82	5.59	0.49	5.41	1.21	1.28	3.31	3.05	3.32	0.31	2.60	2.11	2.01	0.00
25.00	8.40	6.90	2.44	1.48	0.11	5.15	0.00	4.40	1.42	0.00	4.82	0.93	3.59	0.13	2.65	1.61	1.86	0.02
26.00	8.40	6.90	4.37	0.86	0.11	1.25	0.00	5.41	0.01	0.94	4.20	4.39	0.65	0.25	2.97	1.55	1.77	0.35
27.00	8.41	6.90	3.24	1.97	0.00	1.25	0.04	5.11	1.51	0.57	4.32	4.17	1.73	0.78	2.43	1.27	1.01	0.00
28.00	8.40	6.90	4.49	1.75	1.86	3.80	0.41	5.30	0.92	1.71	3.21	4.44	0.20	0.41	3.12	2.11	1.05	1.04
29.00	8.40	6.90	2.87	1.64	1.51	5.57	1.59	5.41	1.72	0.91	3.31	4.64	1.28	0.93	0.94	2.01	2.53	0.93
30.00	8.41	6.90	3.92	0.39	1.72	5.70	0.00	5.41	1.42	0.58	3.93	4.55	2.43	3.20	3.27	2.10	2.10	1.20
31.00	8.40	6.90	1.81	0.00	0.09	1.10	0.27	5.02	1.11	0.61	5.10	3.85	1.40	2.46	2.47	2.10	1.68	1.65
32.00	8.40	6.90	4.36	0.00	1.86	6.83	1.59	5.33	0.72	0.00	4.30	4.55	1.06	1.45	2.50	2.08	0.66	0.54
33.00	8.41	6.90	3.82	0.11	2.26	4.90	0.02	5.05	1.97	0.01	4.42	4.55	1.97	1.45	2.12	1.79	0.81	0.00
34.00	8.40	6.89	2.32	0.65	1.64	5.26	0.00	4.60	0.40	0.00	4.10	2.96	1.59	0.00	1.39	2.05	1.71	0.48
35.00	8.40	6.90	1.25	0.48	0.20	4.77	0.06	3.06	0.00	0.00	1.64	3.64	0.78	0.00	1.66	0.46	0.99	1.10
36.00	8.41	6.90	3.43	0.00	2.17	3.45	0.00	4.73	0.55	1.21	3.09	3.56	2.27	0.99	2.45	2.92	1.46	0.21
37.00	8.40	6.90	2.58	1.68	3.39	3.99	0.53	5.04	0.16	0.12	4.39	4.07	1.65	1.66	1.02	2.07	2.39	0.19
38.00	8.40	6.90	0.57	1.30	1.51	5.02	0.06	3.91	4.05	1.50	5.10	4.16	3.64	3.63	3.99	2.00	0.99	0.07
39.00	8.40	6.90	4.98	3.16	1.41	4.12	0.00	5.58	3.27	0.09	4.78	2.90	1.31	2.21	1.80	1.81	1.90	0.46
40.00	8.41	6.90	3.65	0.49	0.00	5.02	0.00	5.41	1.01	0.04	5.03	2.41	0.59	1.81	1.06	0.57	2.05	0.33
41.00	8.40	6.90	0.71	0.00	1.38	3.37	0.00	4.59	0.02	0.06	2.25	2.48	0.72	1.25	2.93	1.84	1.98	0.05
42.00	8.40	6.90	2.06	1.28	2.38	4.93	0.00	5.39	2.19	0.05	5.72	2.50	0.11	1.97	2.25	1.34	1.64	0.45
43.00	8.41	6.90	3.90	0.92	2.41	4.43	0.00	3.69	2.07	0.29	4.83	4.29	0.19	1.65	2.30	1.88	2.10	1.50
44.00	8.40	6.90	5.75	0.61	0.00	5.15	2.26	3.46	0.52	0.58	3.86	4.36	1.99	0.85	1.72	1.42	2.06	0.89
45.00	8.40	6.90	3.77	0.59	2.44	3.73	0.00	5.30	0.00	1.41	3.26	4.27	0.00	0.55	4.04	1.05	0.47	0.11
46.00	8.41	6.90	1.68	0.49	1.25	5.38	0.00	4.97	0.16	0.09	3.47	3.84	2.30	0.13	1.33	1.19	2.05	0.35
47.00	8.40	6.90	1.24	0.00	2.96	5.26	2.08	4.58	0.13	0.28	2.12	3.00	1.20	0.64	2.52	1.08	1.90	0.57
48.00	8.40	6.90	5.62	1.41	1.74	4.00	0.44	5.39	2.16	0.02	4.17	3.07	0.33	1.11	3.17	1.50	1.90	0.00
49.00	8.41	6.90	3.12	0.49	0.39	2.57	0.00	3.16	2.19	0.51	4.09	3.00	3.01	1.33	2.56	1.50	1.08	0.21
50.00	8.40	6.89	4.24	0.52	0.31	5.70	0.00	5.41	2.58	0.00	5.09	3.93	1.08	3.78	3.30	2.11	2.10	1.57
51.00	8.40	6.90	1.44	0.00	0.52	5.23	0.04	4.02	2.23	0.44	4.53	3.45	1.57	1.10	3.24	1.98	1.67	1.25
52.00	8.41	6.90	0.49	0.04	1.71	5.56	0.72	5.37	0.01	1.68	5.11	4.47	3.80	1.80	3.29	2.10	2.07	1.38
53.00	8.40	6.90	3.71	1.05	2.17	2.24	0.00	3.13	0.69	0.13	4.88	3.16	2.33	1.24	0.99	1.28	0.33	0.07
54.00	8.40	6.90	6.56	1.79	0.00	5.73	0.78	4.36	0.18	0.48	5.12	3.94	1.41	1.48	2.94	1.88	1.47	0.06
55.00	8.41	6.90	1.72	0.64	0.94	5.66	0.58	5.42	1.92	0.24	5.09	3.78	0.84	0.04	3.24	1.05	2.01	1.88
56.00	8.40	6.90	5.17	0.62	1.33	4.86	0.00	4.55	0.00	0.00	4.90	3.52	1.90	1.11	2.48	1.54	2.01	0.88
57.00	8.40	6.90	3.89	1.53	0.49	0.72	0.00	5.08	0.91	0.00	3.86	4.53	0.00	0.89	2.05	0.95	1.83	0.00
58.00	8.40	6.90	3.47	1.95	0.85	3.33	1.17	5.39	2.18	0.94	2.86	3.24	0.14	0.37	1.95	0.95	2.10	0.54
59.00	8.41	6.90	3.12	0.99	1.53	4.85	0.25	5.30	2.04	0.72	4.91	1.85	2.14	0.54	2.24	0.93	0.64	0.00
60.00	8.40	6.90	0.00	0.51	3.19	4.09	1.78	4.22	2.57	1.79	5.10	4.88	1.95	0.00	1.46	1.08	2.59	1.44
61.00	8.40	6.90	0.00	1.38	0.14	0.97	1.66	2.45	2.96	0.11	1.55	2.66	0.44	2.51	1.34	1.95	0.27	0.00
62.00	8.41	6.90	4.90	1.35	1.12	5.43	0.00	5.39	0.01	0.62	5.09	3.57	2.99	1.21	1.99	1.19	2.56	0.00
63.00	8.40	6.90	1.15	1.05	0.98	5.29	0.00	4.98	1.25	0.47	4.97	4.36	2.06	0.04	1.66	1.90	1.72	0.05
64.00	8.40	6.90	3.59	0.97	4.66	0.00	0.00	5.43	1.50	0.62	5.10	2.13	2.31	1.77	3.21	2.11	2.11	0.60
65.00	8.41	6.90	2.34	1.42	2.08	5.51	0.00	5.19	0.01	0.66	5.10	3.65	0.00	0.05	2.45	1.77	2.10	0.00
66.00	8.40	6.89	4.38	0.49	1.27	1.31	1.35	2.07	2.13	0.14	5.10	2.33	0.49	1.57	2.48	2.11	2.11	0.01
67.00	8.40	6.90	3.57	0.28	0.06	3.54	0.28	6.31	0.14	1.37	5.10	2.03	0.02	0.49	3.25	1.61	2.10	0.33
68.00	8.41	6.90	1.37	0.33	0.00	5.43	0.00	5.41	0.00	0.52	5.10	2.87	1.48	0.01	2.53	2.10	2.10	0.00
69.00	8.40	6.90	1.12	1.67	0.57	4.30	0.00	1.79	0.24	1.02	3.97	3.99	1.92	0.00	1.67	1.83	1.05	0.55
70.00	8.40	6.90	4.60	0.60	1.14	3.71	0.00	4.31	4.19	1.51	4.96	3.26	0.99	1.73	0.82	1.01	1.22	0.11
71.00	8.41	6.90	2.84	1.24	1.21	4.84	0.00	4.20	2.41	1.12	2.97	1.53	0.00	0.48	2.31	0.12	1.70	0.00
72.00	8.40	6.90	0.99	1.15	1.79	2.05	0.25	5.24	0.47	0.82	3.69	2.33	0.16	3.97	2.24	1.99	1.97	0.00
73.00	8.40	6.90	2.10	0.02	1.35	0.00	0.00	5.20	1.46	0.80	4.39	3.71	0.42	0.19	2.37	1.24	2.10	1.19
74.00	8.41	6.90	5.61	0.37	2.30	3.04	0.18	5.39	1.19	0.84	5.11	4.80	0.04	2.50	2.85	1.93	2.07	0.14
75.00	8.40	6.90	4.85	0.11	0.98	4.03	0.99	5.41	0.00	0.74	3.99	4.64	3.27	1.32	3.30	2.05	2.11	0.71
76.00	8.40	6.90	5.31	0.08	0.02	2.01	0.00	4.88	2.86	0.05	3.97	4.03	1.46	1.60	2.66	1.94	1.50	1.06
77.00	8.40	6.90	2.71	1.07	0.65	6.55	0.06	3.63	0.88	0.47	4.13	2.54	0.98	1.42	1.57	0.66	1.05	0.54
78.00	8.41	6.90	3.84	3.27	1.59	5.36	0.12	5.31	0.93	0.53	4.95	3.99	1.28	1.11	1.58	0.51	1.48	0.00
79.00	8.40	6.90	2.05	0.44	1.70	4.52	0.00	4.56	0.53	0.00	3.64	2.94	1.74	1.05	2.50	2.10	0.15	0.00
10.2.1.3	7.03	8.84
10.2.1.2	8.56	7.98
10.1.1.5	1.37	126701.55
10.1.1.6	4.10	42646.84
10.1.1.7	0.34	219515.67
10.1.1.13	1.32	95251.20
10.1.1.14	1.32	93765.99
10.1.1.8	4.63	23208.42
10.1.1.9	1.17	186622.28
10.1.1.4	1.01	181672.84
10.1.1.18	0.55	146249.03
10.1.1.3	3.23	56829.02
10.1.1.10	0.55	218618.56
10.1.1.11	4.29	18238.51
10.1.1.15	2.40	33596.13
10.1.1.12	3.54	28326.05
10.1.1.16	1.60	35810.42
10.1.1.17	1.70	53692.90
