Waf: Entering directory `/home/synrg-sc1/Desktop/Jiaming/ns-3.29-mesh/build'
Waf: Leaving directory `/home/synrg-sc1/Desktop/Jiaming/ns-3.29-mesh/build'
Build commands will be stored in build/compile_commands.json
'build' finished successfully (4.762s)
CreateVariables () DONE !!!
Creating 20 APs 50.00 m apart.
CreateApNodes () DONE !!!
Creating 0 CLs 20.00 m away from each AP.
CreateClNodes () DONE !!!
CreateNodes () DONE !!!
CreateMeshDevices () DONE !!!
CreateWifiDevices () DONE !!!
CreateCsmaDevices () DONE !!!
CreateDevices () DONE !!!
InstallInternetStack () DONE !!!
Gateway is connect to AP 0
InstallApplications () DONE !!!
Starting simulation for 80.00 s ...
-------------------------------------------------
Time[s]	ap-0	ap-1	ap-2	ap-3	ap-4	ap-5	ap-6	ap-7	ap-8	ap-9	ap-10	ap-11	ap-12	ap-13	ap-14	ap-15	ap-16	ap-17	ap-18	ap-19
2.00	0.00	0.00	0.00	0.00	0.00	0.00	0.00	0.00	0.00	0.00	0.00	0.00	0.00	0.00	0.00	0.00	0.00	0.00	0.00	0.00
3.00	6.78	6.49	6.24	0.00	0.00	0.00	0.00	0.00	0.00	0.00	0.00	0.00	0.00	0.00	0.00	0.00	0.00	0.00	0.00	0.00
4.00	7.50	7.21	6.90	0.00	0.00	0.00	0.00	0.00	0.00	0.00	0.00	0.00	0.00	0.00	0.00	0.00	0.00	0.00	0.00	0.00
5.00	7.50	7.20	6.90	1.74	0.92	0.44	0.68	0.00	0.57	2.37	1.86	2.32	1.15	2.83	1.08	1.02	1.61	1.95	1.26	1.50
6.00	7.50	7.21	6.90	1.58	3.25	0.19	1.54	0.07	0.00	4.68	1.22	2.89	3.04	0.66	1.78	2.36	1.63	2.03	3.47	1.22
7.00	7.50	7.20	6.90	0.87	0.00	1.99	0.00	1.13	0.04	2.70	3.33	3.91	1.35	1.80	0.16	2.70	1.26	1.25	2.90	2.84
8.00	7.50	7.20	6.90	0.51	4.05	0.74	2.20	0.34	0.20	3.31	2.72	1.77	1.28	1.79	2.61	1.32	2.57	3.59	3.59	2.23
9.00	7.50	7.21	6.90	0.48	1.14	0.11	1.41	0.18	0.00	4.06	2.01	1.52	1.90	1.61	2.61	0.11	2.51	2.98	3.57	0.53
10.00	7.49	7.20	6.90	0.00	1.17	1.14	0.00	2.38	5.76	5.02	3.70	4.23	0.80	1.07	2.33	1.04	2.90	3.60	3.60	2.40
11.00	7.50	7.21	6.90	0.24	0.87	1.05	0.00	0.00	0.00	1.58	3.64	0.85	0.91	0.00	0.60	1.11	1.50	0.94	0.82	1.42
12.00	7.50	7.20	6.90	0.93	3.34	0.00	0.02	0.35	2.08	3.91	5.10	0.73	1.19	1.32	0.49	0.00	1.74	3.06	3.33	1.46
13.00	7.50	7.20	6.90	0.18	3.00	0.01	0.00	1.34	1.34	5.02	3.07	2.46	2.77	0.00	1.04	0.08	2.45	3.59	3.56	3.30
14.00	7.50	7.21	6.90	0.00	5.26	4.02	1.24	0.00	3.59	4.49	1.77	2.32	0.79	2.58	2.39	0.99	2.41	1.42	0.99	2.20
15.00	7.50	7.20	6.90	0.13	1.68	1.39	0.13	0.68	0.25	3.31	4.24	1.59	1.67	0.42	4.20	0.65	2.94	1.87	1.32	3.06
16.00	7.50	7.21	6.90	2.54	3.67	0.59	1.20	0.52	0.14	4.99	4.35	1.24	0.78	1.06	4.10	1.59	2.91	3.71	3.58	2.51
17.00	7.50	7.20	6.89	1.20	2.07	0.00	0.38	0.00	0.25	4.17	2.91	2.51	1.42	1.28	2.16	0.51	2.60	2.26	2.98	2.83
18.00	7.50	7.21	6.90	0.29	3.77	1.52	0.00	0.62	1.75	2.70	1.10	4.45	3.65	2.21	4.22	1.78	2.71	3.29	3.30	3.30
19.00	7.49	7.20	6.90	2.30	0.61	3.20	2.32	2.44	1.04	3.42	3.70	1.41	2.61	2.37	1.35	2.47	2.58	2.65	2.91	1.81
20.00	7.50	7.20	6.90	3.89	2.03	0.04	1.80	0.48	0.29	4.63	4.50	1.81	3.18	0.31	1.30	1.30	0.99	3.33	3.43	3.14
21.00	7.50	7.21	6.90	0.00	2.41	0.00	0.00	0.04	2.06	2.28	0.52	2.67	2.71	0.00	0.19	1.26	0.24	1.45	3.50	0.79
22.00	7.50	7.20	6.90	4.07	4.79	0.21	0.00	0.00	5.17	5.10	3.87	0.00	3.64	0.07	0.00	3.23	1.13	1.72	3.57	1.51
23.00	7.50	7.21	6.90	0.00	1.40	1.07	0.00	0.54	0.00	3.87	0.07	5.53	0.20	0.00	0.65	0.32	3.18	3.53	3.13	3.03
24.00	7.50	7.20	6.90	0.00	1.48	0.00	0.00	0.29	2.40	5.11	2.93	0.88	4.47	0.06	3.09	0.00	3.16	3.60	3.14	3.31
25.00	7.50	7.20	6.90	0.48	2.61	0.18	0.00	0.00	0.49	1.27	0.94	4.56	3.70	1.74	2.92	0.54	1.54	3.19	3.44	2.65
26.00	7.50	7.21	6.90	0.21	0.00	0.59	0.00	1.26	1.04	5.51	2.20	4.84	3.65	0.00	3.30	0.93	3.46	3.07	3.57	2.76
27.00	7.50	7.20	6.90	1.86	2.16	1.40	0.00	0.04	0.12	3.91	2.80	4.17	1.94	0.00	2.53	0.02	2.91	2.52	2.83	3.07
28.00	7.49	7.21	6.90	0.62	3.38	0.07	2.10	0.54	1.18	2.13	4.05	0.49	2.50	1.63	2.27	0.99	2.86	3.18	3.96	2.98
29.00	7.50	7.20	6.90	1.48	1.06	0.65	0.99	0.00	0.00	1.06	0.53	1.48	0.89	0.06	1.54	0.98	0.52	3.24	1.31	1.38
30.00	7.50	7.20	6.90	0.18	2.70	1.41	1.20	0.00	0.00	0.77	1.90	3.82	3.64	1.55	5.22	0.00	2.50	3.16	4.57	3.38
31.00	7.50	7.21	6.90	0.97	2.30	1.92	0.99	0.49	0.06	2.96	2.21	0.95	1.52	1.06	2.10	1.72	1.72	3.47	3.60	3.11
32.00	7.50	7.20	6.90	0.51	5.33	0.00	0.46	0.49	0.24	5.04	5.51	0.00	1.08	0.00	3.50	0.11	3.69	3.57	3.60	3.30
33.00	7.50	7.21	6.90	1.35	1.78	0.32	0.54	0.00	1.91	4.17	3.10	0.59	1.02	1.06	2.78	0.58	1.30	3.36	3.60	2.48
34.00	7.50	7.20	6.89	1.12	4.88	0.00	0.00	1.66	0.12	2.45	1.80	1.14	4.73	1.20	2.67	1.22	2.13	2.70	3.57	2.93
35.00	7.50	7.21	6.90	0.99	0.73	0.16	0.37	0.00	0.58	4.12	2.45	1.38	2.16	0.85	1.02	0.00	2.86	3.79	3.45	1.64
36.00	7.50	7.20	6.90	1.91	1.48	0.11	0.00	0.19	0.00	4.85	1.60	1.26	1.07	0.00	1.28	1.78	3.60	3.60	3.60	1.27
37.00	7.49	7.20	6.90	0.88	1.38	0.00	1.87	1.33	0.00	4.11	3.80	3.53	1.75	1.51	3.27	0.00	1.74	3.51	3.11	1.11
38.00	7.50	7.21	6.90	0.01	2.05	0.54	1.99	0.49	1.55	5.11	1.31	2.46	2.83	2.16	3.32	0.06	1.55	3.50	3.62	3.09
39.00	7.50	7.20	6.90	1.38	2.05	0.21	0.33	0.00	1.31	1.99	2.43	2.28	3.65	0.45	0.32	0.99	0.47	3.53	2.71	2.60
40.00	7.50	7.21	6.90	1.28	5.76	0.06	0.54	0.58	1.46	4.24	0.35	1.22	1.83	0.53	1.05	0.00	0.77	3.43	3.50	2.93
41.00	7.50	7.20	6.90	2.05	1.95	0.00	1.37	0.00	1.41	1.17	3.42	1.00	2.61	0.98	2.30	0.00	1.53	1.57	2.86	2.04
42.00	7.50	7.20	6.90	2.07	4.68	0.00	0.74	0.33	0.49	1.97	1.94	0.89	3.63	0.54	3.13	0.11	2.79	2.98	3.45	1.54
43.00	7.50	7.21	6.90	1.05	3.17	2.59	0.72	2.74	0.00	5.29	3.23	2.89	0.12	0.00	2.92	1.50	2.19	2.73	1.52	3.05
44.00	7.50	7.20	6.90	0.34	2.85	0.84	0.19	0.00	2.57	4.56	0.00	2.53	2.71	0.60	2.59	1.55	2.16	3.50	1.83	3.18
45.00	7.50	7.21	6.90	1.40	3.19	0.00	0.00	0.00	0.19	4.93	2.25	2.05	1.38	1.39	2.51	0.00	0.32	3.54	3.47	3.03
46.00	7.49	7.20	6.90	3.31	0.24	0.99	0.78	1.53	0.40	5.09	5.03	1.35	2.28	0.00	4.13	0.33	1.18	3.59	3.59	3.05
47.00	7.50	7.21	6.90	0.13	0.99	0.38	0.99	0.00	1.12	2.03	1.52	1.68	2.66	0.05	2.01	0.16	1.63	2.43	3.34	2.25
48.00	7.50	7.20	6.90	0.20	4.35	0.00	0.00	0.48	0.60	1.40	4.72	5.23	0.98	0.60	4.18	0.00	1.01	3.36	3.00	3.30
49.00	7.50	7.20	6.90	1.64	0.00	2.37	2.52	0.05	0.78	2.67	4.60	3.10	0.91	0.61	1.77	0.89	1.58	2.00	2.78	2.76
50.00	7.50	7.21	6.89	0.13	0.66	1.60	0.92	0.38	0.00	2.52	4.92	3.86	1.70	0.49	3.20	0.99	2.91	2.65	2.78	2.07
51.00	7.50	7.20	6.90	2.60	2.53	0.46	0.72	0.00	0.00	2.16	1.01	2.73	0.68	0.74	2.90	0.00	3.04	3.06	3.04	0.72
52.00	7.50	7.21	6.90	0.84	0.99	1.46	1.22	0.22	0.00	5.24	1.79	5.02	3.77	0.48	1.94	1.40	2.71	3.60	3.60	2.28
53.00	7.50	7.20	6.90	1.18	3.78	0.40	0.01	0.00	1.59	1.39	2.40	2.07	2.38	0.00	0.00	0.09	1.42	2.87	3.07	2.57
54.00	7.50	7.20	6.90	0.02	2.72	4.03	0.00	0.00	0.00	4.57	2.32	0.71	5.55	0.00	3.00	0.34	0.54	3.46	3.50	3.17
55.00	7.49	7.21	6.90	0.51	3.21	0.15	1.99	0.00	1.22	2.01	0.71	2.10	1.17	0.05	1.31	1.08	2.98	2.89	3.44	2.20
56.00	7.50	7.20	6.90	0.54	2.21	0.37	1.74	2.19	1.15	2.06	3.67	0.79	0.19	1.41	0.68	0.58	3.43	2.71	3.57	2.65
57.00	7.50	7.21	6.90	2.44	4.92	0.04	1.72	0.02	1.26	4.50	2.04	1.65	2.59	1.48	0.60	0.00	1.99	2.47	3.58	1.39
58.00	7.50	7.20	6.90	2.20	3.72	0.49	2.11	1.06	0.85	3.82	0.08	3.89	1.26	0.95	2.43	0.26	2.04	1.01	3.29	3.31
59.00	7.50	7.20	6.90	0.86	2.01	0.00	0.88	0.00	0.00	3.93	0.00	5.10	0.24	0.31	3.32	0.98	2.32	1.48	3.89	2.39
60.00	7.50	7.21	6.90	1.19	2.58	0.81	1.65	0.79	0.88	1.71	2.11	4.29	2.46	1.68	1.77	2.33	1.07	3.59	2.79	2.76
61.00	7.50	7.20	6.90	0.00	3.63	0.00	1.22	0.74	0.22	1.39	2.05	2.73	2.90	0.12	3.47	1.67	2.48	2.51	2.93	2.21
62.00	7.50	7.21	6.90	2.01	2.00	1.18	1.79	0.00	4.40	3.04	4.80	1.74	1.73	1.92	1.73	0.00	3.34	3.45	3.60	3.30
63.00	7.50	7.20	6.90	1.19	4.32	0.15	0.14	1.80	0.92	2.87	4.77	0.00	3.19	1.67	3.20	0.99	3.47	2.54	3.59	3.31
64.00	7.49	7.21	6.90	1.97	4.16	0.47	0.01	0.47	0.00	2.85	4.29	0.00	4.63	0.25	0.99	0.01	1.99	3.24	3.59	3.26
65.00	7.50	7.20	6.90	0.22	0.67	0.59	0.49	2.13	1.80	3.11	4.52	1.70	1.27	0.45	4.22	1.84	1.79	3.60	3.60	3.11
66.00	7.50	7.20	6.89	1.19	2.54	0.86	1.35	0.09	0.79	3.09	1.37	0.72	1.00	0.49	2.16	1.26	1.21	2.31	2.27	2.89
67.00	7.50	7.21	6.90	1.70	2.63	0.09	0.85	1.68	1.52	1.81	1.84	2.61	3.63	1.28	2.71	2.05	2.06	3.25	3.45	1.32
68.00	7.50	7.20	6.90	2.86	1.35	0.57	0.95	0.00	0.79	4.30	1.55	2.01	3.11	1.06	3.57	2.20	2.48	2.59	2.76	3.01
69.00	7.50	7.21	6.90	3.01	5.13	0.89	0.57	0.55	1.48	3.87	0.72	5.04	0.89	0.05	1.35	2.59	3.39	3.24	3.19	1.32
70.00	7.50	7.20	6.90	0.91	2.93	1.00	0.45	0.49	0.34	4.93	2.16	0.99	1.71	0.02	0.05	1.21	2.70	3.21	3.21	3.00
71.00	7.50	7.20	6.90	0.41	3.70	0.77	1.24	0.18	0.67	3.73	4.50	0.54	2.63	1.20	1.39	0.48	1.97	2.07	2.65	2.18
72.00	7.50	7.21	6.90	0.00	3.07	0.49	1.48	0.00	3.13	4.65	1.84	3.00	1.94	0.00	3.30	0.00	0.80	2.98	3.43	3.25
73.00	7.49	7.20	6.90	0.01	3.82	0.58	2.20	0.48	0.80	4.04	2.51	2.98	2.53	0.04	2.21	0.32	0.82	2.66	3.11	2.14
74.00	7.50	7.21	6.90	1.20	2.71	0.51	2.21	0.51	3.29	4.12	3.05	3.53	1.71	1.24	3.80	0.49	1.32	3.36	3.59	2.68
75.00	7.50	7.20	6.90	0.85	2.05	0.00	0.94	0.00	0.04	3.20	2.46	0.57	0.13	1.00	0.75	1.02	0.04	1.52	3.14	0.62
76.00	7.50	7.20	6.90	0.95	0.00	0.38	0.53	2.48	1.85	2.70	3.59	4.00	2.72	2.37	0.20	0.72	2.87	3.33	3.59	2.13
77.00	7.50	7.21	6.90	0.18	2.85	0.01	1.32	1.55	0.00	3.91	2.17	4.22	1.87	1.20	1.46	1.95	2.16	3.51	3.38	1.47
78.00	7.50	7.20	6.90	1.93	2.48	0.75	3.17	1.88	1.05	4.62	4.18	1.71	2.12	2.13	2.19	0.00	2.91	3.37	3.60	1.60
79.00	7.50	7.21	6.90	0.00	2.04	0.00	4.07	1.71	0.00	1.68	3.96	1.50	4.55	0.28	1.02	0.00	2.32	3.52	2.76	3.43
10.2.1.4	7.03	8.02
10.2.1.3	7.34	9.71
10.2.1.2	7.64	8.36
10.1.1.16	0.91	315661.62
10.1.1.7	0.96	221394.00
10.1.1.8	0.65	243719.66
10.1.1.9	1.02	151951.68
10.1.1.17	2.11	64331.39
10.1.1.18	2.95	24949.14
10.1.1.19	3.22	19986.29
10.1.1.10	3.51	37831.96
10.1.1.11	2.69	63243.78
10.1.1.12	2.37	89138.29
10.1.1.4	1.12	231555.13
10.1.1.20	2.48	33150.07
10.1.1.13	2.20	101029.40
10.1.1.5	2.59	110808.74
10.1.1.6	0.73	235525.13
10.1.1.14	0.88	207476.06
10.1.1.15	2.23	53943.37
