Waf: Entering directory `/home/synrg-sc1/Desktop/Jiaming/ns-3.29-mesh/build'
Waf: Leaving directory `/home/synrg-sc1/Desktop/Jiaming/ns-3.29-mesh/build'
Build commands will be stored in build/compile_commands.json
'build' finished successfully (4.692s)
CreateVariables () DONE !!!
Creating 15 APs 50.00 m apart.
CreateApNodes () DONE !!!
Creating 0 CLs 20.00 m away from each AP.
CreateClNodes () DONE !!!
CreateNodes () DONE !!!
CreateMeshDevices () DONE !!!
CreateWifiDevices () DONE !!!
CreateCsmaDevices () DONE !!!
CreateDevices () DONE !!!
InstallMeshInternetStack () DONE !!!
InstallWifiInternetStack () DONE !!!
InstallCsmaInternetStack () DONE !!!
InstallInternetStack () DONE !!!
Gateway is connect to AP 0
InstallApplications () DONE !!!
Starting simulation for 40.00 s ...
-------------------------------------------------
Time[s]	ap-0	ap-1	ap-2	ap-3	ap-4	ap-5	ap-6	ap-7	ap-8	ap-9	ap-10	ap-11	ap-12	ap-13	ap-14
2.00	0.00	0.00	0.00	0.00	0.00	0.00	0.00	0.00	0.00	0.00	0.00	0.00	0.00	0.00	0.00
3.00	8.58	7.76	0.00	0.00	0.00	0.00	0.00	0.00	0.00	0.00	0.00	0.00	0.00	0.00	0.00
4.00	9.15	8.30	0.00	0.00	0.00	0.00	0.00	0.00	0.00	0.00	0.00	0.00	0.00	0.00	0.00
5.00	9.15	8.30	0.42	1.12	0.38	1.02	0.00	0.00	3.27	0.00	0.00	0.00	1.33	0.93	0.00
6.00	9.16	8.29	7.52	0.04	0.00	4.59	0.00	0.00	5.02	0.00	0.00	0.00	3.37	3.52	0.00
7.00	9.15	8.30	7.34	0.06	0.00	2.83	0.00	0.00	4.57	0.00	0.00	0.00	1.68	1.44	0.00
8.00	9.15	8.30	7.70	0.63	0.00	0.98	0.00	0.00	5.27	0.00	0.00	0.00	4.03	4.16	0.00
9.00	9.15	8.30	7.73	0.10	0.00	4.16	0.00	0.16	5.15	0.00	0.00	0.00	0.64	3.72	0.00
10.00	9.15	8.30	7.73	0.00	0.00	5.73	0.00	0.00	5.14	0.00	0.00	0.00	0.00	3.72	0.00
11.00	9.16	8.29	7.73	0.00	0.00	5.72	0.00	0.00	5.15	0.00	0.00	0.00	0.00	3.72	0.00
12.00	9.15	8.30	7.72	0.00	0.00	5.73	0.00	0.00	5.15	0.00	0.00	0.00	0.00	3.72	0.00
13.00	9.15	8.30	7.72	0.00	0.00	3.55	0.00	0.00	5.13	0.00	0.00	0.00	0.00	1.44	0.00
14.00	9.15	8.30	7.74	0.00	0.00	2.65	0.00	4.01	5.17	0.00	0.00	0.00	0.00	3.63	0.00
15.00	9.16	8.30	7.73	0.00	0.00	1.62	0.00	0.02	5.10	0.00	0.00	0.00	0.04	0.11	0.00
16.00	9.15	8.29	7.73	0.00	0.00	0.01	0.00	0.00	5.15	0.00	0.00	0.00	0.16	0.00	0.00
17.00	9.15	8.30	7.70	0.01	0.00	2.06	0.00	5.23	5.09	0.00	0.00	0.00	0.00	0.00	0.00
18.00	9.15	8.30	7.75	0.86	0.00	1.46	0.00	1.35	5.21	0.00	0.00	0.00	0.01	0.17	0.00
19.00	9.15	8.30	7.72	0.00	0.00	2.30	0.00	0.38	5.15	0.00	0.00	0.00	1.13	1.12	0.00
20.00	9.16	8.30	7.73	0.11	0.00	0.00	0.00	6.14	5.14	0.00	0.00	0.00	0.01	0.00	0.00
21.00	9.15	8.29	7.70	0.37	0.00	5.13	0.00	4.60	4.60	0.00	0.00	0.00	0.94	0.53	0.00
22.00	9.15	8.30	7.75	0.13	0.00	3.63	0.00	5.03	5.06	0.00	0.00	0.00	1.56	0.00	0.00
23.00	9.15	8.30	7.73	0.02	0.00	3.34	0.00	5.03	5.03	0.00	0.00	0.00	0.04	0.00	0.00
24.00	9.16	8.30	7.72	0.00	0.00	4.51	0.00	3.85	5.30	0.00	0.00	0.00	0.00	0.00	0.00
25.00	9.15	8.29	7.73	0.01	0.00	0.36	0.00	1.29	5.15	0.00	0.00	0.00	0.00	0.00	0.00
26.00	9.15	8.30	7.70	0.02	0.00	3.89	0.00	0.00	5.14	0.00	0.00	0.00	0.00	0.00	0.00
27.00	9.15	8.30	7.75	0.02	0.00	5.27	0.00	0.02	5.11	0.00	0.00	0.00	1.86	0.00	0.00
28.00	9.15	8.30	7.73	1.74	0.00	2.39	0.00	0.00	5.19	0.00	0.00	0.00	1.45	0.00	0.00
29.00	9.16	8.30	7.73	1.16	0.00	5.49	0.00	0.00	5.15	0.00	0.00	0.00	0.83	0.00	0.00
30.00	9.15	8.29	7.73	0.94	0.00	5.45	0.00	0.03	5.15	0.00	0.00	0.00	0.43	0.00	0.00
31.00	9.15	8.30	7.73	1.50	0.00	0.00	0.00	3.58	5.14	0.00	0.00	0.00	1.07	0.00	0.00
32.00	9.15	8.30	7.61	2.19	0.00	0.00	0.00	1.98	5.15	0.00	0.00	0.00	0.60	0.00	0.00
33.00	9.15	8.30	2.98	2.07	3.59	0.00	0.00	2.43	1.94	0.00	0.00	0.00	1.84	0.00	0.00
34.00	9.16	8.30	0.00	6.30	5.72	0.00	0.00	0.00	0.00	0.00	0.00	0.00	4.00	0.00	0.00
35.00	9.15	8.29	0.00	6.29	5.73	0.00	0.00	0.00	0.00	0.00	0.00	0.00	4.01	0.00	0.00
36.00	9.15	8.30	0.00	6.30	5.72	0.00	0.00	0.00	0.00	0.00	0.00	0.00	4.00	0.00	0.00
37.00	9.15	8.30	0.00	6.29	5.73	0.00	0.00	0.00	0.00	0.00	0.00	0.00	4.01	0.00	0.00
38.00	9.16	8.30	0.00	6.30	5.69	0.00	0.00	0.00	0.00	0.00	0.00	0.00	4.01	0.00	0.00
39.00	9.15	8.30	0.00	6.29	5.73	0.00	0.00	0.00	0.00	0.00	0.00	0.00	4.00	0.00	0.00
10.2.1.2	9554.29	8.23
10.2.1.3	8658.69	8.55
10.1.1.13	1483.06	105910.06
10.1.1.15	0	0
10.1.1.10	0	0
10.1.1.4	1667.76	72603.21
10.1.1.3	7927.47	4225.47
10.1.1.5	1284.38	3827.41
10.1.1.6	3410.23	84574.18
10.1.1.7	0	0
10.1.1.11	0	0
10.1.1.12	0	0
10.1.1.8	1969.21	44888.36
10.1.1.9	5298.03	6178.44
10.1.1.14	2138.24	77600.00
