Waf: Entering directory `/home/synrg-sc1/Desktop/Jiaming/ns-3.29-mesh/build'
Waf: Leaving directory `/home/synrg-sc1/Desktop/Jiaming/ns-3.29-mesh/build'
Build commands will be stored in build/compile_commands.json
'build' finished successfully (4.684s)
CreateVariables () DONE !!!
Creating 11 APs 50.00 m apart.
CreateApNodes () DONE !!!
Creating 0 CLs 20.00 m away from each AP.
CreateClNodes () DONE !!!
CreateNodes () DONE !!!
CreateMeshDevices () DONE !!!
CreateWifiDevices () DONE !!!
CreateCsmaDevices () DONE !!!
CreateDevices () DONE !!!
InstallInternetStack () DONE !!!
Gateway is connect to AP 0
InstallApplications () DONE !!!
Starting simulation for 80.00 s ...
-------------------------------------------------
Time[s]	ap-0	ap-1	ap-2	ap-3	ap-4	ap-5	ap-6	ap-7	ap-8	ap-9	ap-10
2.00	0.00	0.00	0.00	0.00	0.00	0.00	0.00	0.00	0.00	0.00	0.00
3.00	6.61	0.00	0.00	0.00	0.00	0.00	0.00	0.00	0.00	0.00	0.00
4.00	8.10	0.00	0.00	0.00	0.00	0.00	0.00	0.00	0.00	0.00	0.00
5.00	8.10	0.00	3.34	2.68	3.67	2.46	2.33	2.37	0.00	0.00	2.36
6.00	8.10	0.99	1.78	3.11	4.75	2.86	1.83	1.18	0.00	0.06	1.57
7.00	8.10	2.06	0.65	3.51	6.49	5.41	5.46	0.73	0.00	1.00	0.66
8.00	8.09	3.27	1.48	3.84	2.66	1.98	2.23	0.64	0.05	0.01	0.49
9.00	8.10	4.59	1.95	2.61	0.65	1.53	1.65	0.00	2.73	0.00	0.12
10.00	8.10	3.29	1.30	1.19	1.53	1.28	2.10	0.53	0.72	0.71	0.18
11.00	8.10	0.45	0.61	1.34	0.97	3.06	1.22	0.18	0.89	0.65	0.51
12.00	8.10	0.65	0.91	1.32	1.51	0.80	3.24	0.00	3.07	0.68	1.40
13.00	8.10	2.20	1.90	2.52	3.47	1.40	1.48	1.39	0.00	0.47	0.51
14.00	8.09	3.47	2.36	4.24	3.33	5.94	2.16	2.61	0.00	0.28	1.01
15.00	8.10	2.37	0.99	3.69	6.91	6.30	2.20	5.39	0.00	0.00	0.00
16.00	8.10	8.10	0.00	7.21	6.89	6.30	0.00	5.41	8.73	0.00	0.00
17.00	8.10	3.85	1.50	4.05	2.71	1.55	1.90	1.24	1.91	0.00	0.33
18.00	8.10	1.61	3.49	1.39	2.63	2.13	2.24	0.08	2.64	0.00	0.00
19.00	8.10	0.48	1.66	5.43	4.06	3.66	2.47	0.91	2.16	0.54	0.37
20.00	8.09	0.99	0.99	4.73	2.24	4.75	2.70	0.00	1.52	1.04	1.53
21.00	8.10	2.13	1.64	2.92	1.85	2.78	2.28	0.04	2.73	1.28	0.24
22.00	8.10	2.48	1.26	3.50	1.68	2.99	4.02	0.00	2.10	0.67	0.00
23.00	8.10	1.87	1.19	0.00	0.31	2.53	2.25	0.00	0.00	0.71	0.66
24.00	8.10	0.41	1.41	2.48	0.79	1.87	2.47	0.69	1.33	0.02	0.62
25.00	8.10	3.39	0.58	2.32	5.38	1.60	1.30	0.40	1.41	0.14	0.72
26.00	8.09	6.65	4.95	3.84	6.43	5.02	4.55	1.02	3.56	2.93	0.00
27.00	8.10	3.16	0.69	1.98	1.67	1.52	0.00	0.00	2.40	0.00	0.04
28.00	8.10	1.25	2.37	1.39	2.71	2.46	1.40	0.00	2.38	0.01	0.00
29.00	8.10	3.51	3.05	4.68	3.21	3.80	3.30	0.19	4.09	0.34	2.13
30.00	8.10	0.00	2.01	3.23	0.54	1.33	2.58	0.49	1.87	0.59	0.07
31.00	8.10	5.17	0.00	1.90	3.42	4.51	4.78	0.29	2.81	0.22	1.68
32.00	8.10	3.07	2.93	4.72	2.31	1.60	6.01	0.01	2.91	0.00	0.26
33.00	8.09	1.12	4.33	2.70	2.85	1.20	0.32	0.21	1.17	0.00	0.00
34.00	8.10	3.98	2.70	1.80	3.05	1.61	1.94	0.44	2.93	1.45	0.04
35.00	8.10	2.04	0.00	1.86	2.34	2.11	2.10	0.26	1.99	0.72	0.07
36.00	8.10	2.36	0.49	1.59	5.18	3.26	1.67	1.22	2.61	1.34	0.61
37.00	8.10	1.06	2.40	1.50	2.28	0.38	2.37	0.00	1.51	0.00	0.05
38.00	8.10	2.76	1.52	1.10	1.38	2.98	5.42	0.00	3.34	0.07	0.27
39.00	8.09	0.07	0.95	1.80	1.75	0.51	3.70	0.26	1.78	0.00	0.09
40.00	8.10	1.79	3.91	0.78	0.93	3.03	4.65	0.16	3.25	0.00	0.93
41.00	8.10	1.80	2.21	0.97	1.57	1.11	1.94	0.29	1.59	0.47	0.00
42.00	8.10	0.62	0.52	5.37	3.63	1.57	4.07	0.04	2.74	0.02	0.00
43.00	8.10	7.14	6.08	1.57	1.26	2.11	3.32	0.00	1.74	0.00	0.91
44.00	8.10	7.80	2.03	6.72	6.58	0.38	4.17	0.34	2.11	0.02	0.02
45.00	8.09	1.19	3.93	6.63	7.22	2.99	3.20	0.21	1.78	0.00	0.00
46.00	8.10	3.98	0.99	3.32	2.00	4.11	0.81	0.00	1.64	1.01	0.53
47.00	8.10	2.94	1.97	4.31	2.24	5.63	2.21	0.05	0.00	0.00	0.84
48.00	8.10	1.55	0.88	2.32	2.26	1.78	3.30	0.15	2.61	0.01	0.04
49.00	8.10	0.78	1.50	3.56	1.81	1.70	3.24	0.45	2.31	0.00	0.79
50.00	8.10	2.17	2.43	4.64	4.97	3.04	3.44	0.01	0.00	0.00	0.00
51.00	8.09	4.76	4.45	4.06	0.41	1.24	1.72	0.00	1.84	0.00	0.00
52.00	8.10	2.46	0.85	2.90	2.67	0.00	4.60	1.05	2.64	0.49	1.88
53.00	8.10	0.49	0.38	5.62	1.86	3.49	0.00	0.00	2.26	0.00	1.17
54.00	8.10	1.20	2.83	4.43	1.10	6.17	0.00	0.00	0.00	0.00	1.79
55.00	8.10	2.60	7.22	4.90	6.90	6.29	5.83	0.00	4.96	0.00	0.21
56.00	8.10	8.09	7.71	7.20	6.90	6.30	5.99	4.30	5.10	0.00	0.00
57.00	8.10	0.53	2.30	1.66	2.33	1.47	1.17	1.60	1.67	0.00	0.26
58.00	8.09	2.83	1.68	4.71	2.98	2.45	6.41	1.14	2.67	1.22	1.24
59.00	8.10	4.15	1.87	1.58	2.39	2.46	4.71	0.00	2.96	0.25	0.33
60.00	8.10	2.44	2.56	2.11	2.05	1.25	1.77	1.30	2.04	0.64	0.19
61.00	8.10	0.04	3.86	2.04	4.33	2.36	3.25	0.22	0.59	0.05	0.06
62.00	8.10	3.31	2.33	3.63	5.55	3.46	5.17	0.14	1.68	2.40	0.00
63.00	8.10	1.85	0.75	0.33	1.27	2.91	2.92	0.68	1.84	0.35	0.15
64.00	8.09	4.86	2.20	3.14	3.69	4.38	4.32	0.07	5.13	1.68	1.86
65.00	8.10	2.71	0.93	3.07	2.27	0.84	0.99	0.00	0.79	0.00	0.00
66.00	8.10	4.65	0.98	0.53	0.69	1.67	2.80	0.04	0.49	0.00	0.26
67.00	8.10	1.97	3.98	1.95	2.89	2.52	5.17	0.21	2.03	0.07	0.02
68.00	8.10	2.10	1.99	1.95	1.02	3.07	0.89	0.00	1.31	0.65	0.94
69.00	8.10	0.95	2.46	5.49	4.63	3.60	4.06	1.30	1.52	1.42	0.00
70.00	8.09	0.00	0.26	1.71	2.86	3.89	2.70	0.06	2.92	0.82	0.69
71.00	8.10	0.00	0.59	2.06	1.87	2.60	2.10	0.02	1.60	0.01	1.25
72.00	8.10	0.00	0.37	0.24	3.57	0.45	2.77	0.54	0.00	0.15	0.84
73.00	8.10	1.94	1.06	1.24	2.65	0.66	5.56	0.00	2.47	0.08	0.71
74.00	8.10	1.17	2.43	0.00	4.71	5.70	6.05	0.48	5.02	1.70	0.00
75.00	8.10	0.64	2.19	0.00	6.29	1.77	5.73	0.72	1.46	0.15	0.00
76.00	8.09	4.84	3.52	0.00	5.58	4.64	4.77	0.07	0.00	0.00	0.24
77.00	8.10	1.74	1.77	4.59	1.21	0.00	1.24	0.40	0.00	0.29	0.00
78.00	8.10	1.24	0.49	6.37	4.44	3.67	5.30	0.00	0.00	1.12	2.17
79.00	8.10	1.57	0.48	3.00	1.80	3.18	3.59	0.25	1.02	0.31	0.00
10.2.1.2	8.25	8.59
10.1.1.7	3.06	36000.04
10.1.1.4	2.97	53872.56
10.1.1.2	2.49	88410.07
10.1.1.5	3.13	28739.24
10.1.1.11	0.54	129313.10
10.1.1.3	2.05	87891.50
10.1.1.8	0.61	88284.58
10.1.1.6	2.82	61672.82
10.1.1.9	2.06	117189.03
10.1.1.10	0.44	86705.40
