Waf: Entering directory `/home/synrg-sc1/Desktop/Jiaming/ns-3.29-mesh/build'
Waf: Leaving directory `/home/synrg-sc1/Desktop/Jiaming/ns-3.29-mesh/build'
Build commands will be stored in build/compile_commands.json
'build' finished successfully (4.823s)
CreateVariables () DONE !!!
Creating 21 APs 50.00 m apart.
CreateApNodes () DONE !!!
Creating 0 CLs 20.00 m away from each AP.
CreateClNodes () DONE !!!
CreateNodes () DONE !!!
CreateMeshDevices () DONE !!!
CreateWifiDevices () DONE !!!
CreateCsmaDevices () DONE !!!
CreateDevices () DONE !!!
InstallInternetStack () DONE !!!
Gateway is connect to AP 0
InstallApplications () DONE !!!
Starting simulation for 80.00 s ...
-------------------------------------------------
Time[s]	ap-0	ap-1	ap-2	ap-3	ap-4	ap-5	ap-6	ap-7	ap-8	ap-9	ap-10	ap-11	ap-12	ap-13	ap-14	ap-15	ap-16	ap-17	ap-18	ap-19	ap-20
2.00	0.00	0.00	0.00	0.00	0.00	0.00	0.00	0.00	0.00	0.00	0.00	0.00	0.00	0.00	0.00	0.00	0.00	0.00	0.00	0.00	0.00
3.00	7.64	0.00	0.00	0.00	0.00	0.00	0.00	0.00	0.00	0.00	0.00	0.00	0.00	0.00	0.00	0.00	0.00	0.00	0.00	0.00	0.00
4.00	8.70	0.00	0.00	0.00	0.00	0.00	0.00	0.00	0.00	0.00	0.00	0.00	0.00	0.00	0.00	0.00	0.00	0.00	0.00	0.00	0.00
5.00	8.70	1.87	0.00	2.04	0.48	1.72	3.09	0.00	2.59	0.00	0.00	0.00	0.00	0.01	0.00	0.00	0.87	0.40	0.00	1.08	0.00
6.00	8.69	1.71	0.00	3.86	0.12	4.60	5.35	0.32	4.44	0.81	0.00	0.44	0.00	0.40	0.75	1.08	3.33	2.46	0.00	2.83	0.65
7.00	8.70	0.00	1.41	1.46	0.00	1.52	1.59	0.00	1.42	1.97	0.00	1.04	0.00	0.00	1.34	2.76	1.52	1.33	0.00	1.84	0.28
8.00	8.70	1.86	0.35	3.27	0.01	2.99	3.70	0.07	2.85	0.69	0.35	0.93	0.08	0.33	0.55	1.66	2.41	1.85	0.00	1.01	0.15
9.00	8.70	2.46	0.00	0.59	0.31	1.42	3.04	0.97	0.66	0.49	0.01	0.46	0.13	0.45	0.15	1.17	1.39	0.59	0.00	1.57	0.32
10.00	8.70	3.36	1.28	0.00	0.49	1.90	4.51	0.49	2.36	1.01	0.21	1.47	0.14	0.00	1.30	3.84	1.52	2.79	0.00	2.65	0.00
11.00	8.69	2.57	0.87	0.69	0.00	3.04	1.19	0.06	1.59	0.01	0.00	2.32	0.18	0.00	0.00	1.73	1.87	2.48	0.00	1.39	0.71
12.00	8.70	3.04	0.00	6.30	0.07	2.89	4.83	1.24	1.58	2.63	0.86	0.93	0.47	0.16	2.11	3.89	2.93	2.24	0.00	2.20	0.65
13.00	8.70	0.00	0.99	1.22	0.00	2.59	4.56	0.00	0.00	0.34	0.00	0.94	0.00	0.00	1.31	1.84	1.33	1.60	0.00	2.57	1.26
14.00	8.70	3.80	0.00	5.08	1.41	2.06	4.63	0.00	5.71	0.13	2.48	2.38	0.00	0.18	1.37	1.93	1.44	2.92	0.00	4.12	1.42
15.00	8.70	0.00	0.00	2.92	0.12	1.11	0.00	0.07	1.98	0.31	0.12	0.51	0.59	1.70	0.09	3.77	2.54	2.81	0.00	2.92	0.01
16.00	8.69	2.94	0.49	5.19	0.49	1.39	3.82	0.39	2.47	0.38	1.38	0.61	0.00	0.05	2.87	2.46	1.39	2.18	0.00	1.63	1.05
17.00	8.70	1.66	0.12	0.72	0.00	4.26	4.26	0.00	3.26	0.05	0.11	2.16	0.00	0.00	1.78	2.44	1.65	1.80	0.00	2.64	0.01
18.00	8.70	1.14	0.31	1.58	0.60	3.63	4.89	0.44	1.95	1.84	0.13	1.06	0.57	0.00	2.12	1.66	1.12	1.52	0.00	1.90	0.01
19.00	8.70	2.40	0.77	4.51	0.00	2.86	5.13	0.00	4.13	0.49	0.06	0.74	0.00	0.47	2.72	4.23	0.78	0.49	0.00	3.60	0.00
20.00	8.70	4.18	0.06	4.05	0.61	2.18	5.59	1.45	3.59	0.99	1.19	1.24	0.39	0.00	1.66	2.43	1.33	3.31	0.00	2.50	1.35
21.00	8.69	3.97	0.34	2.41	0.06	4.22	3.45	0.68	5.08	0.04	0.72	0.60	0.00	1.17	0.47	2.08	2.14	0.77	0.00	1.08	0.54
22.00	8.70	1.30	1.38	2.34	0.28	4.44	1.91	1.52	3.59	0.87	1.79	0.00	0.00	0.27	0.74	2.52	3.19	1.28	0.00	1.70	1.11
23.00	8.70	0.00	0.00	0.00	1.28	2.45	3.43	1.60	3.90	0.91	1.18	1.73	0.00	0.00	0.84	0.55	3.14	3.90	0.00	2.13	0.44
24.00	8.70	5.29	1.64	2.57	0.26	3.29	3.30	1.52	5.28	2.10	1.24	1.55	0.00	0.00	0.04	4.89	0.67	3.12	0.00	2.20	0.80
25.00	8.69	4.46	0.00	0.46	1.10	4.62	1.64	0.49	2.25	0.05	0.00	2.20	0.00	0.08	0.42	3.90	3.06	0.89	0.00	1.38	0.49
26.00	8.70	4.83	0.00	6.82	0.00	1.02	0.74	2.45	4.88	2.38	0.00	1.34	0.67	0.46	1.31	3.79	2.46	3.53	0.00	0.62	0.64
27.00	8.70	1.30	1.31	3.71	0.33	0.49	2.40	1.91	4.31	0.22	2.47	2.03	0.61	0.05	0.58	1.78	2.99	2.31	0.00	2.07	0.00
28.00	8.70	2.86	0.01	3.00	0.00	3.29	4.53	0.00	3.27	0.00	0.00	2.99	0.00	0.28	2.30	2.93	0.34	0.99	0.00	1.87	1.00
29.00	8.70	2.11	0.77	5.63	1.10	1.94	3.59	1.87	0.89	0.04	1.07	2.39	0.00	1.22	1.05	3.74	1.05	2.00	0.00	1.88	0.80
30.00	8.69	0.19	1.05	1.90	0.39	2.87	2.96	0.22	4.31	0.52	0.00	2.47	0.00	0.00	1.39	2.06	4.22	0.72	0.00	2.90	0.07
31.00	8.70	0.52	0.09	1.01	0.74	0.72	0.07	0.00	0.89	0.13	0.00	0.34	0.00	0.00	0.00	1.18	0.69	0.15	0.00	0.14	0.04
32.00	8.70	0.00	0.00	0.00	0.25	0.00	0.00	0.00	0.00	0.00	0.00	0.00	0.00	0.00	0.00	0.00	0.00	0.00	0.00	0.00	0.00
33.00	8.70	0.49	0.00	0.38	0.00	4.78	4.66	0.34	3.97	0.47	0.27	0.65	0.00	0.11	0.49	3.17	2.65	3.04	0.00	2.24	0.27
34.00	8.70	2.25	0.27	1.31	0.18	2.94	4.89	0.00	4.89	0.78	1.80	3.16	0.26	0.58	1.79	3.43	3.51	2.61	0.00	1.77	0.39
35.00	8.69	2.77	0.00	3.25	1.27	3.96	4.03	0.00	2.23	0.40	0.84	1.48	0.07	0.09	0.00	3.91	1.39	2.19	0.00	0.84	0.75
36.00	8.70	2.83	0.00	0.78	0.00	3.27	3.87	0.92	2.46	0.92	0.59	0.65	0.00	0.71	0.69	2.50	2.50	1.05	0.00	0.99	1.50
37.00	8.70	4.77	0.00	1.38	0.00	2.89	5.10	0.67	3.11	0.48	2.43	0.60	0.00	0.00	1.59	3.21	1.91	3.07	0.00	4.17	1.28
38.00	8.70	1.24	1.04	4.63	0.86	2.98	4.80	0.60	3.03	0.26	0.00	3.18	0.49	0.53	1.41	3.92	3.90	1.94	0.00	2.59	0.97
39.00	8.70	0.94	0.35	1.04	0.87	0.00	3.54	0.04	5.68	1.91	1.15	0.44	0.93	0.00	2.61	1.39	1.92	1.35	0.00	0.26	1.38
40.00	8.69	2.24	1.01	1.25	1.72	2.47	4.66	1.45	3.74	0.51	2.65	0.55	0.00	0.00	0.20	1.18	3.83	0.28	0.00	3.51	0.33
41.00	8.70	3.40	0.00	2.13	0.01	1.90	2.17	1.24	5.06	1.04	0.49	1.24	0.49	0.00	1.58	1.40	0.93	1.15	0.00	2.14	0.00
42.00	8.70	1.61	0.00	0.48	3.13	2.99	5.20	1.33	5.35	0.00	1.24	1.24	0.15	2.45	0.99	3.89	1.38	1.22	0.00	3.34	0.41
43.00	8.70	1.20	0.07	3.66	0.64	3.74	4.76	0.00	4.60	0.98	0.44	0.86	0.00	0.00	2.11	3.54	1.48	1.35	0.00	0.49	1.18
44.00	8.70	1.13	0.00	2.72	1.21	1.85	2.45	0.11	4.91	0.26	0.99	1.77	0.61	0.00	2.26	3.47	2.19	0.00	0.00	1.05	0.45
45.00	8.69	1.80	0.79	3.12	1.22	3.63	2.81	1.13	4.69	0.00	1.40	0.99	0.21	0.58	1.20	3.90	0.49	2.57	0.00	1.45	0.22
46.00	8.70	3.21	0.08	1.53	0.27	1.80	1.51	1.68	3.01	0.09	0.00	1.66	0.00	0.00	1.99	3.37	3.56	2.36	0.00	1.37	0.22
47.00	8.70	2.16	0.00	1.58	0.22	1.84	3.49	0.05	4.16	0.98	0.78	0.40	0.00	0.00	2.17	2.60	0.93	1.71	0.00	2.53	0.47
48.00	8.70	0.27	0.80	1.21	0.20	3.14	5.33	0.73	4.06	0.24	0.47	2.20	0.20	0.02	2.85	3.65	2.72	0.09	0.00	3.60	1.11
49.00	8.69	3.00	0.00	3.03	0.00	1.05	4.65	0.12	3.43	1.31	0.92	0.87	0.00	0.74	0.75	3.04	1.08	2.51	0.00	1.77	0.58
50.00	8.70	1.63	0.26	5.36	2.00	3.76	5.00	0.05	2.46	0.00	0.00	2.41	0.06	0.05	1.47	3.59	1.90	1.63	0.00	3.60	0.00
51.00	8.70	0.00	0.05	4.84	0.31	3.94	3.23	0.80	1.94	0.02	0.77	1.81	0.00	0.49	1.15	3.39	0.06	1.70	0.00	0.94	0.22
52.00	8.70	5.94	3.01	5.26	0.11	4.22	3.25	0.00	5.36	1.68	0.02	3.71	0.01	0.33	0.00	3.90	1.17	1.04	0.00	1.74	0.42
53.00	8.70	2.38	0.09	2.51	0.00	2.24	4.22	0.13	1.97	0.16	0.08	1.18	0.00	0.00	0.19	3.52	2.21	1.17	0.00	2.54	0.55
54.00	8.69	3.04	0.00	3.13	0.00	3.73	4.33	1.41	3.96	0.00	0.04	0.04	0.48	0.00	0.38	3.87	2.53	1.85	0.00	0.49	0.13
55.00	8.70	1.42	0.12	3.03	0.00	2.79	2.45	0.84	3.78	0.00	0.00	1.66	0.00	0.00	1.12	3.00	1.92	1.17	0.00	2.41	0.41
56.00	8.70	2.23	0.00	2.81	0.00	0.99	2.12	0.67	2.96	0.99	0.00	0.08	0.16	0.16	0.22	2.87	1.32	0.75	0.00	0.09	1.45
57.00	8.70	2.43	0.00	0.75	0.33	3.39	4.97	0.00	3.30	0.05	0.80	0.00	0.33	0.07	0.66	1.04	1.00	1.99	0.00	0.84	0.00
58.00	8.70	4.98	0.05	2.33	0.00	2.25	4.52	0.06	0.00	0.00	1.37	0.00	0.38	0.37	0.81	0.99	1.35	1.35	0.00	1.40	0.00
59.00	8.69	1.66	0.00	1.04	0.21	3.74	5.56	0.68	2.32	0.28	0.82	0.06	0.47	0.00	1.99	1.97	1.48	0.77	0.00	2.07	0.39
60.00	8.70	3.89	0.55	1.80	0.00	4.11	4.33	0.00	3.74	0.67	3.25	0.46	0.49	0.69	0.16	2.72	2.07	2.00	0.00	0.99	0.00
61.00	8.70	1.31	1.46	1.95	0.04	4.29	4.95	0.00	3.06	2.30	1.58	0.86	0.24	0.42	0.35	1.00	0.99	1.13	0.00	1.07	0.49
62.00	8.70	2.38	0.00	3.24	0.01	5.26	5.12	0.09	3.29	0.00	1.44	0.74	0.93	0.06	2.33	3.89	0.49	3.70	0.00	2.59	0.01
63.00	8.70	2.56	0.75	4.03	0.00	2.45	4.83	0.04	3.84	0.29	1.51	1.52	0.53	0.13	1.54	3.71	4.02	2.23	0.00	1.51	0.38
64.00	8.69	0.44	2.96	0.95	0.01	5.28	5.69	0.00	4.62	0.16	0.00	0.73	1.66	0.00	0.24	3.91	3.91	2.78	0.00	3.73	0.55
65.00	8.70	1.00	0.75	1.32	1.61	3.49	4.86	0.07	4.02	0.00	2.11	0.67	0.46	0.31	1.39	3.16	1.53	0.44	0.00	1.12	0.00
66.00	8.70	2.38	0.32	3.76	1.18	3.80	4.39	0.19	2.71	0.82	0.18	1.13	0.00	0.00	1.08	2.57	1.75	1.58	0.00	2.07	0.75
67.00	8.70	0.40	0.49	2.44	1.02	3.58	5.15	0.00	5.04	0.07	0.00	0.00	0.81	0.00	3.16	3.10	1.07	2.67	0.00	3.05	0.01
68.00	8.69	1.51	0.85	2.61	0.00	3.26	3.70	0.00	2.83	0.31	0.47	1.07	0.44	0.00	3.38	2.80	0.75	0.82	0.00	2.70	0.44
69.00	8.70	3.82	2.51	1.10	2.50	2.16	2.37	0.00	3.16	0.00	0.01	2.18	0.32	0.81	1.18	3.09	1.02	1.65	0.00	1.53	0.00
70.00	8.70	3.29	0.01	4.72	0.00	6.64	3.73	0.95	4.82	0.00	2.14	0.26	0.00	0.04	0.40	3.76	0.66	0.00	0.00	3.30	0.99
71.00	8.70	0.28	0.00	2.34	0.27	3.72	3.62	0.00	3.40	1.18	0.20	0.82	0.00	0.06	1.04	2.05	1.12	1.51	0.00	2.11	0.54
72.00	8.70	0.06	0.08	3.53	0.52	4.15	4.64	0.69	4.75	1.77	3.51	1.17	0.00	1.65	0.07	3.57	3.26	0.00	0.00	3.09	2.06
73.00	8.69	3.80	0.00	4.23	0.13	5.90	4.23	0.97	2.59	1.10	2.89	1.20	0.00	0.45	2.46	3.83	0.39	1.17	0.00	1.92	0.05
74.00	8.70	5.65	0.00	1.88	1.06	2.71	0.87	1.47	5.05	0.00	1.30	2.20	0.00	0.00	2.53	1.42	1.31	1.99	0.00	2.83	1.01
75.00	8.70	0.89	0.00	4.95	1.06	4.18	2.43	1.35	5.15	0.24	0.20	0.00	0.11	0.49	0.47	3.77	0.65	3.16	0.00	1.66	0.47
76.00	8.70	2.99	0.00	1.78	1.27	4.11	4.20	0.18	4.33	0.00	0.51	1.67	0.00	0.52	0.49	3.03	3.44	2.74	0.00	3.11	1.38
77.00	8.70	3.94	1.26	3.57	0.11	4.46	3.16	0.00	2.27	1.58	0.69	0.09	0.00	1.06	0.15	3.83	1.55	2.23	0.00	2.53	0.69
78.00	8.69	0.37	1.87	0.49	0.00	3.79	5.25	1.07	4.26	1.14	0.14	0.19	0.00	1.74	1.77	3.89	2.67	2.46	0.00	3.42	1.80
79.00	8.70	1.26	0.49	2.08	0.11	2.20	2.19	0.95	2.97	0.04	0.08	2.79	0.16	0.16	2.21	3.09	1.47	0.49	0.00	2.12	0.12
10.2.1.2	8.87	8.80
10.1.1.8	0.58	212571.49
10.1.1.9	3.45	39856.03
10.1.1.6	3.07	51574.87
10.1.1.7	3.77	32700.14
10.1.1.5	0.51	288299.20
10.1.1.3	0.51	230555.35
10.1.1.4	2.60	56966.41
10.1.1.2	2.25	85226.09
10.1.1.14	0.32	358108.85
10.1.1.10	0.64	119126.78
10.1.1.11	0.84	177545.09
10.1.1.12	1.21	122911.31
10.1.1.13	0.22	434065.82
10.1.1.21	0.59	82882.48
10.1.1.15	1.21	64428.37
10.1.1.16	2.89	48457.20
10.1.1.17	1.87	89790.70
10.1.1.18	1.74	86849.28
10.1.1.19	0	0
10.1.1.20	2.05	49627.52
