Waf: Entering directory `/home/synrg-sc1/Desktop/Jiaming/ns-3.29-mesh/build'
Waf: Leaving directory `/home/synrg-sc1/Desktop/Jiaming/ns-3.29-mesh/build'
Build commands will be stored in build/compile_commands.json
'build' finished successfully (4.800s)
CreateVariables () DONE !!!
Creating 15 APs 50.00 m apart.
CreateApNodes () DONE !!!
Creating 0 CLs 20.00 m away from each AP.
CreateClNodes () DONE !!!
CreateNodes () DONE !!!
CreateMeshDevices () DONE !!!
CreateWifiDevices () DONE !!!
CreateCsmaDevices () DONE !!!
CreateDevices () DONE !!!
InstallInternetStack () DONE !!!
Gateway is connect to AP 0
InstallApplications () DONE !!!
Starting simulation for 80.00 s ...
-------------------------------------------------
Time[s]	ap-0	ap-1	ap-2	ap-3	ap-4	ap-5	ap-6	ap-7	ap-8	ap-9	ap-10	ap-11	ap-12	ap-13	ap-14
2.00	0.00	0.00	0.00	0.00	0.00	0.00	0.00	0.00	0.00	0.00	0.00	0.00	0.00	0.00	0.00
3.00	9.37	0.00	0.00	0.00	0.00	0.00	0.00	0.00	0.00	0.00	0.00	0.00	0.00	0.00	0.00
4.00	9.90	0.00	0.00	0.00	0.00	0.00	0.00	0.00	0.00	0.00	0.00	0.00	0.00	0.00	0.00
5.00	9.89	4.60	4.16	2.74	4.26	0.34	1.98	0.00	0.78	0.00	2.58	3.05	1.68	0.73	0.00
6.00	9.90	2.96	1.94	3.29	3.06	0.78	2.32	0.49	2.54	0.00	2.58	1.48	1.40	0.81	1.28
7.00	9.90	3.04	1.75	4.86	2.57	0.53	1.75	1.79	2.38	0.00	2.79	2.72	0.59	0.15	0.62
8.00	9.89	7.17	6.30	1.13	4.22	0.61	0.98	0.80	4.46	0.41	4.42	1.55	1.87	0.00	1.99
9.00	9.90	7.08	3.87	3.71	1.54	3.38	1.27	1.57	3.45	0.12	4.03	0.77	2.30	1.34	1.75
10.00	9.90	6.19	2.66	3.79	5.56	1.80	0.94	0.44	1.73	1.61	4.70	0.01	0.79	0.42	1.86
11.00	9.89	3.42	2.05	4.63	4.51	3.27	1.58	0.00	1.32	1.10	2.63	3.12	1.59	1.52	0.79
12.00	9.90	2.08	4.62	4.97	4.85	1.54	1.72	0.00	0.49	1.61	2.92	4.50	1.99	0.32	2.10
13.00	9.90	1.65	3.63	3.30	2.87	2.17	0.13	0.00	2.12	0.88	4.78	3.43	1.40	0.00	1.35
14.00	9.90	2.27	5.62	2.20	3.04	0.27	1.00	0.25	3.42	0.34	3.74	4.06	2.70	0.81	1.18
15.00	9.89	4.07	2.80	2.48	2.81	3.13	3.56	1.05	4.71	1.53	4.80	2.97	2.70	0.99	2.10
16.00	9.90	7.78	6.30	2.84	0.00	0.00	1.55	0.02	4.77	1.54	4.79	2.61	2.71	0.00	2.08
17.00	9.90	7.81	6.28	4.18	4.83	1.83	0.29	0.27	2.47	0.75	2.26	0.84	2.70	0.12	2.12
18.00	9.89	1.70	3.18	5.90	5.11	1.06	5.23	0.87	2.25	0.54	1.57	0.49	2.68	0.00	2.08
19.00	9.90	2.08	3.91	2.17	5.79	2.32	2.37	0.01	1.24	0.99	1.20	1.44	2.54	0.49	2.11
20.00	9.90	7.28	8.00	3.76	6.02	1.33	1.10	1.51	2.65	1.21	0.00	1.48	2.44	1.51	2.11
21.00	9.89	3.25	6.36	4.05	1.79	3.78	1.00	0.55	3.44	0.55	1.98	0.54	2.24	0.60	2.04
22.00	9.90	6.63	6.90	5.90	5.90	1.37	3.34	0.74	4.62	3.87	3.52	0.00	1.21	0.06	2.00
23.00	9.90	1.71	1.54	3.65	3.29	4.05	3.34	1.90	3.85	1.15	5.53	0.39	1.98	1.19	1.45
24.00	9.89	2.50	5.62	3.92	5.35	0.75	0.61	0.00	3.52	0.00	4.62	4.33	2.11	0.04	2.01
25.00	9.90	3.26	4.60	0.51	6.12	1.78	4.97	1.35	4.78	1.15	4.80	4.50	2.27	0.12	2.05
26.00	9.90	7.21	2.40	2.19	5.70	0.49	5.11	1.24	3.19	1.26	3.82	1.11	1.70	0.12	1.02
27.00	9.90	7.49	1.28	1.45	6.01	2.18	3.70	3.64	4.19	0.33	4.39	1.18	2.71	0.00	1.31
28.00	9.89	7.73	0.05	0.59	2.37	3.17	3.62	2.07	1.80	3.96	2.12	1.57	2.18	0.68	2.07
29.00	9.90	4.39	3.50	2.18	5.33	1.11	2.50	0.12	4.00	0.19	3.45	3.71	1.57	0.82	1.88
30.00	9.90	7.80	3.82	6.23	3.33	0.55	4.59	0.09	2.38	2.13	4.80	1.98	0.94	0.09	2.10
31.00	9.89	5.31	3.77	5.43	5.52	0.98	3.93	0.51	0.84	1.26	4.33	1.94	1.32	0.02	1.87
32.00	9.90	4.64	2.79	3.44	4.44	1.54	2.70	0.00	0.49	0.25	4.19	3.87	1.70	0.05	1.92
33.00	9.90	4.26	4.46	1.93	5.38	3.74	0.06	0.60	1.68	1.28	4.60	4.32	1.26	0.00	2.00
34.00	9.89	7.54	4.84	1.48	5.57	3.91	1.24	0.00	0.40	0.74	1.08	4.43	1.61	1.31	0.84
35.00	9.90	4.06	2.05	2.84	5.12	5.28	2.98	0.49	0.48	0.64	0.84	3.58	0.98	1.06	3.06
36.00	9.90	5.18	1.57	4.31	1.00	4.97	0.00	0.00	4.76	0.34	4.80	2.65	2.44	0.79	2.10
37.00	9.89	6.84	1.26	4.40	2.73	2.19	2.14	1.07	4.05	1.95	4.60	2.19	2.33	0.09	1.80
38.00	9.90	7.80	0.92	4.46	2.32	2.58	2.20	0.00	3.70	1.63	2.91	5.03	2.70	1.94	2.11
39.00	9.90	7.80	2.92	0.49	0.00	2.60	3.33	0.00	3.27	1.86	0.59	3.45	2.68	0.01	2.08
40.00	9.90	7.81	6.61	1.37	0.97	4.36	5.66	0.00	1.20	0.57	0.49	3.43	2.63	0.01	2.11
41.00	9.89	6.17	4.92	0.78	2.14	4.03	2.06	0.00	3.25	1.78	1.00	4.20	2.51	1.93	2.08
42.00	9.90	7.81	5.83	2.68	6.01	4.71	1.52	2.71	2.66	2.93	0.00	4.00	2.12	1.14	2.12
43.00	9.90	7.74	6.09	0.00	5.85	0.60	1.48	0.53	1.57	1.71	3.00	4.26	0.74	1.10	2.08
44.00	9.89	7.80	5.03	4.24	5.91	5.50	1.88	0.00	2.89	0.00	0.49	3.97	1.64	0.00	2.10
45.00	9.90	3.86	5.35	0.97	4.02	2.41	2.83	1.77	3.92	0.57	3.29	1.02	2.45	0.00	1.24
46.00	9.90	4.43	6.12	5.57	4.77	2.27	4.07	0.79	2.80	1.44	4.64	2.44	2.46	0.75	2.10
47.00	9.89	5.06	1.77	3.11	4.52	4.11	0.68	1.39	1.83	0.48	4.52	2.98	1.94	1.37	1.80
48.00	9.90	4.15	2.17	3.25	6.02	5.45	1.45	0.00	2.23	2.33	3.54	2.34	2.18	1.92	2.11
49.00	9.90	2.38	3.71	1.73	5.31	4.24	2.60	1.81	4.60	1.60	2.19	2.04	1.04	1.24	1.74
50.00	9.89	7.80	6.68	3.67	5.79	5.70	0.80	0.12	4.79	0.18	5.11	3.57	0.66	1.40	2.07
51.00	9.90	3.57	4.63	2.73	2.86	1.07	2.57	0.42	1.85	0.64	2.19	1.44	1.28	0.00	1.85
52.00	9.90	8.73	5.02	3.25	2.34	2.89	1.27	1.77	1.66	1.73	3.91	0.49	3.03	1.52	2.07
53.00	9.90	6.70	1.83	2.05	0.21	2.65	3.60	1.45	2.26	1.02	5.00	0.69	2.60	0.71	1.98
54.00	9.89	7.78	5.82	2.27	3.82	0.00	4.77	1.48	4.78	0.00	4.38	1.32	2.68	0.71	2.07
55.00	9.90	6.89	2.27	0.49	2.70	1.90	4.37	1.98	1.81	0.93	4.33	2.30	1.90	0.27	2.12
56.00	9.90	3.36	1.14	1.40	2.83	4.78	2.45	1.88	0.59	2.05	4.26	3.18	0.21	0.49	2.10
57.00	9.89	2.14	0.00	1.25	0.59	2.45	0.40	0.02	3.80	0.59	1.66	0.49	0.52	0.00	2.10
58.00	9.90	7.80	5.86	0.78	4.77	1.65	1.13	0.00	5.18	0.99	1.32	2.57	1.17	1.04	2.11
59.00	9.90	7.80	0.40	3.16	5.94	4.03	0.42	1.24	4.73	3.59	0.00	4.37	1.50	0.13	2.11
60.00	9.89	4.05	3.51	5.91	5.75	5.03	1.17	0.57	3.04	1.86	2.14	4.16	1.32	0.00	1.97
61.00	9.90	4.60	5.49	3.67	5.71	2.14	2.14	1.51	5.72	0.65	2.50	4.04	1.40	0.69	2.08
62.00	9.90	1.46	6.30	3.73	2.24	1.65	1.38	0.00	4.44	2.81	2.94	3.71	1.68	0.16	0.58
63.00	9.89	5.37	3.39	4.98	3.77	1.05	0.49	0.99	1.57	1.33	4.95	3.97	2.03	1.54	1.22
64.00	9.90	5.06	5.91	1.99	5.99	3.30	2.03	0.00	3.31	1.77	1.95	4.04	2.38	0.97	2.52
65.00	9.90	7.81	4.02	4.42	2.34	4.35	1.63	0.14	2.89	0.00	4.26	2.53	1.19	2.67	2.11
66.00	9.90	5.12	3.46	4.72	2.54	0.06	0.00	1.01	1.33	1.53	4.42	1.67	2.40	1.48	2.00
67.00	9.89	6.56	2.89	3.38	1.00	0.92	3.73	1.28	2.16	0.95	4.06	2.98	0.92	0.04	2.12
68.00	9.90	7.81	5.31	1.26	2.12	2.76	2.72	1.97	1.19	3.24	4.53	3.58	3.03	1.35	1.81
69.00	9.90	3.01	6.22	1.75	1.04	4.32	4.47	1.12	3.13	2.44	4.80	1.13	2.21	1.08	2.30
70.00	9.89	7.63	4.31	4.45	0.04	3.13	3.11	1.38	4.70	0.99	4.56	1.87	0.14	2.26	1.64
71.00	9.90	7.80	2.39	5.77	3.05	0.52	4.30	0.00	3.70	0.61	3.52	2.20	0.58	1.31	1.95
72.00	9.90	7.52	4.90	5.18	5.79	1.27	1.42	0.13	3.49	1.33	5.45	1.08	2.21	0.22	2.06
73.00	9.89	7.81	6.31	2.57	0.01	2.44	1.11	2.32	1.81	1.75	4.79	0.49	2.71	0.00	2.04
74.00	9.90	6.34	4.24	4.22	4.52	4.77	1.95	0.00	2.00	1.13	2.76	2.43	2.70	0.00	2.10
75.00	9.90	7.78	0.47	4.80	5.98	5.66	1.25	0.00	1.77	5.16	0.07	2.99	2.67	0.57	2.10
76.00	9.90	6.49	5.13	3.09	2.96	3.18	3.43	1.68	1.98	3.82	0.07	1.78	1.57	1.33	1.99
77.00	9.89	5.91	5.90	5.04	5.62	5.05	3.57	0.89	2.24	0.57	0.52	1.15	1.81	1.06	2.10
78.00	9.90	6.34	5.25	3.00	5.46	3.47	0.41	1.91	4.18	2.06	3.01	2.03	1.90	1.31	2.06
79.00	9.90	5.39	5.58	1.70	5.53	2.79	2.43	0.14	4.07	0.99	4.12	0.00	2.11	0.11	1.31
10.2.1.2	10.09	8.63
10.1.1.12	2.52	73248.03
10.1.1.4	3.21	59026.72
10.1.1.13	1.92	46070.01
10.1.1.2	5.70	22101.86
10.1.1.3	4.08	41174.25
10.1.1.5	3.92	18243.05
10.1.1.7	2.28	131522.74
10.1.1.8	0.85	266344.09
10.1.1.6	2.64	53908.77
10.1.1.9	2.92	34146.35
10.1.1.10	1.42	154779.62
10.1.1.11	3.24	43212.03
10.1.1.14	0.71	242244.23
10.1.1.15	1.92	20162.59
