Waf: Entering directory `/home/synrg-sc1/Desktop/Jiaming/ns-3.29-mesh/build'
Waf: Leaving directory `/home/synrg-sc1/Desktop/Jiaming/ns-3.29-mesh/build'
Build commands will be stored in build/compile_commands.json
'build' finished successfully (4.743s)
CreateVariables () DONE !!!
Creating 20 APs 50.00 m apart.
CreateApNodes () DONE !!!
Creating 0 CLs 20.00 m away from each AP.
CreateClNodes () DONE !!!
CreateNodes () DONE !!!
CreateMeshDevices () DONE !!!
CreateWifiDevices () DONE !!!
CreateCsmaDevices () DONE !!!
CreateDevices () DONE !!!
InstallInternetStack () DONE !!!
Gateway is connect to AP 0
InstallApplications () DONE !!!
Starting simulation for 80.00 s ...
-------------------------------------------------
Time[s]	ap-0	ap-1	ap-2	ap-3	ap-4	ap-5	ap-6	ap-7	ap-8	ap-9	ap-10	ap-11	ap-12	ap-13	ap-14	ap-15	ap-16	ap-17	ap-18	ap-19
2.00	0.00	0.00	0.00	0.00	0.00	0.00	0.00	0.00	0.00	0.00	0.00	0.00	0.00	0.00	0.00	0.00	0.00	0.00	0.00	0.00
3.00	5.55	5.37	5.16	0.00	0.00	0.00	0.00	0.00	0.00	0.00	0.00	0.00	0.00	0.00	0.00	0.00	0.00	0.00	0.00	0.00
4.00	7.81	7.50	7.21	0.00	0.00	0.00	0.00	0.00	0.00	0.00	0.00	0.00	0.00	0.00	0.00	0.00	0.00	0.00	0.00	0.00
5.00	7.80	7.50	7.20	5.04	1.97	0.00	1.61	0.00	2.77	1.30	0.44	0.15	0.26	0.92	1.24	0.40	1.26	0.00	0.21	0.54
6.00	7.80	7.50	7.21	3.57	2.51	3.69	4.45	1.32	2.91	0.38	2.44	0.00	0.72	0.41	2.48	3.56	2.70	0.87	0.53	0.64
7.00	7.81	7.50	7.20	2.99	3.09	2.86	1.53	0.04	2.32	2.61	1.54	0.00	0.87	0.77	3.09	3.37	2.68	0.69	0.51	0.29
8.00	7.80	7.50	7.20	1.80	2.03	0.85	3.71	0.00	1.30	2.10	1.31	0.31	0.61	0.11	0.74	2.92	2.56	0.21	0.49	0.51
9.00	7.80	7.50	7.21	2.63	4.04	3.90	1.87	0.34	2.76	1.28	2.53	0.47	0.05	0.75	1.44	3.38	4.18	0.44	0.12	0.45
10.00	7.81	7.49	7.20	2.67	0.77	1.72	0.74	0.00	2.23	1.71	3.52	1.12	1.18	0.52	3.30	2.93	3.33	0.00	0.69	0.37
11.00	7.80	7.50	7.21	1.11	2.60	1.41	0.29	0.98	3.00	0.05	2.61	0.75	0.49	0.00	1.66	0.60	1.95	0.49	1.06	0.66
12.00	7.81	7.50	7.20	4.35	2.70	3.13	2.91	2.26	2.98	0.00	2.97	0.00	0.00	4.73	2.16	3.57	4.10	0.00	1.97	0.60
13.00	7.80	7.50	7.20	2.17	2.66	4.45	2.61	0.00	0.15	0.09	2.37	0.02	0.88	0.00	1.37	1.33	1.78	0.00	0.49	0.21
14.00	7.80	7.50	7.21	5.55	3.33	0.66	4.26	0.11	0.99	1.19	2.68	0.00	0.75	0.73	2.04	2.53	2.58	0.51	2.11	0.82
15.00	7.81	7.50	7.20	1.68	2.05	4.91	3.90	0.51	2.12	4.02	2.11	0.48	0.20	0.40	0.51	2.64	3.37	0.34	1.78	0.75
16.00	7.80	7.50	7.21	0.74	0.42	2.90	0.74	0.00	4.29	3.98	4.40	0.39	0.85	2.36	2.99	0.64	3.00	1.41	2.10	0.28
17.00	7.80	7.50	7.20	2.50	1.51	0.00	3.34	0.00	4.27	4.77	4.02	0.00	1.31	1.73	2.32	4.47	1.02	0.28	1.54	0.46
18.00	7.81	7.50	7.21	2.16	2.11	5.30	4.98	0.00	4.59	0.46	3.66	0.00	0.22	0.48	3.44	3.85	3.92	0.22	1.84	0.91
19.00	7.80	7.49	7.20	1.05	3.24	3.05	1.83	0.00	1.10	2.28	3.47	0.55	0.16	0.27	3.50	4.10	1.15	0.07	1.02	0.86
20.00	7.80	7.50	7.20	3.71	3.25	2.24	0.01	0.00	0.84	1.39	1.39	0.65	1.67	0.97	1.50	2.68	2.64	1.11	1.39	0.58
21.00	7.81	7.50	7.21	0.85	4.27	1.33	0.00	0.00	2.10	1.06	3.19	0.00	0.67	1.45	0.98	2.56	3.19	0.00	1.47	1.20
22.00	7.80	7.50	7.20	3.90	6.88	0.00	0.00	0.00	4.16	1.21	5.09	0.00	1.20	0.19	2.30	4.19	3.80	1.97	1.94	0.89
23.00	7.81	7.50	7.21	2.30	4.75	4.75	0.99	0.89	2.68	0.06	0.35	0.00	1.90	0.00	0.14	3.07	3.37	0.00	1.39	0.91
24.00	7.80	7.50	7.20	5.08	2.92	1.28	2.00	0.99	0.80	2.27	2.83	0.00	0.00	0.00	0.00	4.04	0.11	2.60	1.99	0.87
25.00	7.80	7.50	7.20	3.45	3.50	3.58	2.79	0.00	3.05	2.50	2.38	0.00	0.49	2.32	1.57	2.89	2.73	1.81	0.33	0.42
26.00	7.80	7.50	7.21	0.35	1.07	2.14	1.84	0.09	2.61	1.92	3.74	0.08	0.05	1.13	1.83	3.11	2.77	0.00	1.92	0.94
27.00	7.81	7.50	7.20	0.49	2.38	1.63	2.71	0.27	2.04	3.38	1.68	0.09	0.44	1.98	2.86	0.12	3.52	0.00	0.73	0.39
28.00	7.80	7.49	7.21	2.18	3.36	2.93	0.45	0.00	0.05	0.00	1.97	0.00	0.49	3.96	0.22	1.95	3.90	1.95	1.41	0.37
29.00	7.81	7.50	7.20	1.18	5.53	0.00	0.00	0.00	5.46	0.47	2.30	0.74	1.45	1.57	0.71	1.91	3.54	0.01	1.26	1.42
30.00	7.80	7.50	7.20	3.84	4.24	1.24	2.12	0.47	3.78	0.51	2.58	3.44	0.25	1.26	2.00	3.96	2.11	1.74	1.99	0.88
31.00	7.80	7.50	7.21	0.49	5.13	2.44	1.99	0.05	0.99	1.34	1.58	0.00	1.10	0.01	1.15	2.23	1.57	1.86	2.18	0.62
32.00	7.81	7.50	7.20	0.85	6.65	1.80	0.22	3.07	5.53	3.16	3.54	1.10	0.51	0.01	1.19	4.26	3.82	0.00	1.99	0.00
33.00	7.80	7.50	7.21	0.00	3.98	1.22	0.68	1.57	3.56	1.33	0.28	2.39	0.68	2.28	2.13	1.95	1.75	0.00	0.44	0.54
34.00	7.81	7.50	7.20	3.01	1.68	2.79	1.48	0.20	2.01	2.32	1.15	1.42	4.24	1.00	1.57	2.27	3.89	0.00	0.14	1.60
35.00	7.80	7.50	7.21	0.98	4.60	2.53	4.03	0.00	2.30	2.07	1.01	0.00	0.38	2.96	1.80	3.96	0.65	0.19	0.22	0.64
36.00	7.80	7.50	7.20	1.70	6.32	3.82	0.19	0.06	4.26	1.80	1.12	1.70	0.49	4.17	1.30	3.80	3.72	0.18	0.52	0.99
37.00	7.81	7.49	7.20	5.28	4.37	1.32	1.48	0.00	4.60	1.45	4.66	0.33	0.00	1.22	1.17	2.99	3.56	2.21	1.63	1.04
38.00	7.80	7.50	7.21	0.55	5.02	2.11	1.30	0.14	3.50	3.56	3.70	0.00	1.97	2.71	1.57	4.09	3.51	0.49	0.87	0.65
39.00	7.80	7.50	7.20	1.90	3.11	0.93	5.49	0.00	3.00	2.70	0.73	0.71	2.13	2.34	0.05	3.56	3.10	0.29	1.75	0.91
40.00	7.81	7.50	7.21	0.00	3.31	1.10	3.21	0.28	4.32	2.00	3.51	4.35	0.57	1.00	1.22	3.57	2.68	0.00	1.58	0.77
41.00	7.80	7.50	7.20	1.53	2.50	0.86	1.59	0.84	0.52	2.48	3.05	0.60	1.47	1.02	1.10	2.81	2.56	0.29	1.33	0.40
42.00	7.80	7.50	7.20	4.38	7.10	0.00	1.22	0.00	1.94	5.29	4.69	4.19	2.37	0.88	0.99	2.80	2.74	1.92	0.18	1.17
43.00	7.81	7.50	7.21	1.61	1.64	1.63	2.59	0.45	2.34	1.68	4.04	0.67	2.63	0.26	0.99	2.71	1.24	0.00	0.13	0.22
44.00	7.80	7.50	7.20	5.04	5.32	3.34	5.83	0.34	2.33	0.95	2.89	0.80	0.87	0.41	1.40	3.94	1.77	0.00	0.00	0.16
45.00	7.81	7.50	7.21	0.27	1.46	0.00	3.39	0.06	3.31	0.99	2.03	0.07	1.91	2.17	1.35	4.19	2.13	0.00	0.52	0.24
46.00	7.80	7.49	7.20	3.91	0.00	0.49	0.00	0.49	1.73	3.63	1.42	2.25	3.13	0.67	1.31	4.20	3.92	1.50	0.00	0.00
47.00	7.80	7.50	7.21	2.40	1.24	2.04	1.48	0.00	1.90	2.76	4.73	0.16	4.02	1.12	1.13	3.60	2.66	0.11	1.27	0.77
48.00	7.81	7.50	7.20	1.58	3.52	2.28	4.60	0.06	1.84	3.46	4.66	0.00	3.82	2.74	0.08	3.98	2.52	1.26	1.45	0.38
49.00	7.80	7.50	7.20	3.92	2.94	5.86	2.91	1.07	1.68	1.41	3.67	0.00	0.29	0.29	1.81	3.30	2.18	0.00	1.17	0.80
50.00	7.80	7.50	7.21	6.49	5.22	5.12	2.58	0.39	3.80	0.80	4.55	0.11	0.49	0.21	2.86	4.02	0.04	1.00	2.13	0.59
51.00	7.81	7.50	7.20	2.23	1.06	2.84	0.21	1.13	1.44	0.58	2.19	0.02	0.49	0.77	2.19	2.79	1.51	1.24	0.13	0.00
52.00	7.80	7.50	7.21	1.51	2.81	2.73	0.02	0.06	4.03	0.20	4.80	0.07	0.00	1.42	2.89	3.54	0.51	1.58	0.69	0.22
53.00	7.80	7.50	7.20	1.64	2.00	0.81	0.49	0.44	4.98	3.92	1.50	2.48	5.62	3.26	0.11	3.30	3.31	0.00	1.72	1.13
54.00	7.81	7.50	7.20	0.00	0.00	4.40	1.07	0.74	5.70	1.90	6.24	0.69	2.44	4.23	2.86	4.13	3.90	1.18	2.10	1.30
55.00	7.80	7.49	7.21	1.75	2.17	3.39	1.80	0.31	3.12	0.00	2.51	0.04	1.77	3.39	0.20	1.22	1.41	1.78	0.48	0.06
56.00	7.81	7.50	7.20	3.06	2.81	5.79	6.30	0.00	3.26	5.63	0.93	0.49	4.80	0.12	3.42	4.18	2.79	2.64	1.22	0.02
57.00	7.80	7.50	7.21	1.08	2.71	3.60	5.30	1.21	1.47	2.85	3.18	0.00	1.11	0.82	1.38	2.63	2.60	0.08	0.62	1.14
58.00	7.80	7.50	7.20	0.01	2.44	5.72	0.00	0.19	2.46	2.52	5.25	1.53	0.64	3.13	3.90	4.30	3.74	0.12	1.42	0.71
59.00	7.81	7.50	7.20	0.51	2.00	4.52	4.33	0.01	2.50	1.66	1.61	0.00	0.00	3.04	1.85	2.45	1.44	0.00	2.06	0.80
60.00	7.80	7.50	7.21	4.11	4.99	2.87	3.83	0.19	1.19	0.98	3.18	0.11	1.83	1.12	0.42	3.83	1.04	0.82	1.55	0.78
61.00	7.80	7.50	7.20	1.88	2.38	0.52	3.31	0.00	0.79	1.22	1.88	1.40	0.49	1.80	1.37	3.30	0.77	0.71	0.80	0.14
62.00	7.81	7.50	7.21	1.52	5.50	0.32	5.61	0.31	5.05	1.28	5.05	0.00	0.00	2.33	0.72	4.19	2.38	2.77	2.10	1.34
63.00	7.80	7.50	7.20	3.39	1.14	3.98	1.31	1.19	1.45	1.44	3.11	0.52	3.20	2.11	0.75	2.65	3.20	0.29	1.92	0.51
64.00	7.80	7.49	7.21	7.17	1.20	6.91	6.89	0.00	4.13	0.00	5.10	0.16	0.44	0.35	1.65	4.20	3.60	0.47	0.66	0.69
65.00	7.81	7.50	7.20	0.79	2.48	5.32	5.42	2.50	1.50	4.18	3.19	2.90	0.00	0.00	0.60	3.86	0.54	0.00	0.44	0.92
66.00	7.80	7.50	7.20	0.85	2.73	2.64	0.44	0.00	4.11	4.03	4.37	3.05	0.99	2.76	1.85	2.81	2.65	0.86	1.17	0.66
67.00	7.80	7.50	7.21	3.26	0.00	3.78	0.98	0.00	3.26	1.75	2.99	3.39	3.03	1.31	0.86	3.91	2.77	0.00	2.01	0.89
68.00	7.81	7.50	7.20	3.87	1.73	4.71	3.67	0.32	4.64	3.65	4.62	0.09	1.28	1.08	1.32	2.46	3.74	0.92	1.01	0.91
69.00	7.80	7.50	7.21	1.55	2.97	3.26	3.33	0.00	3.99	2.65	3.53	3.63	0.00	0.21	1.08	1.30	2.18	0.49	0.48	0.73
70.00	7.81	7.50	7.20	0.02	5.66	2.32	4.60	0.18	5.08	1.41	4.32	0.00	0.00	2.16	1.34	3.91	3.64	0.08	1.79	0.87
71.00	7.80	7.50	7.20	1.31	1.99	1.90	0.73	0.02	0.72	0.40	2.30	1.58	1.70	2.19	1.22	2.77	3.17	0.39	0.52	0.71
72.00	7.80	7.50	7.21	6.25	2.54	5.75	0.00	0.00	2.24	1.47	3.92	0.08	3.32	0.09	3.71	3.90	3.70	0.27	0.67	0.82
73.00	7.81	7.49	7.20	3.82	0.78	4.51	3.14	0.00	1.10	2.80	4.42	3.40	0.99	0.11	3.23	3.65	3.47	0.24	0.91	0.00
74.00	7.80	7.50	7.21	5.98	3.39	0.62	3.60	1.01	1.72	1.20	4.33	1.06	0.99	0.00	3.00	4.19	3.44	0.02	1.39	0.72
75.00	7.80	7.50	7.20	2.18	2.65	3.93	3.51	0.00	1.81	1.50	4.86	0.75	2.34	1.64	0.59	4.20	1.20	0.05	0.31	0.89
76.00	7.81	7.50	7.20	4.96	1.21	2.73	1.57	0.26	2.97	2.52	2.92	0.72	0.99	0.00	0.93	3.74	3.33	1.26	0.04	0.89
77.00	7.80	7.50	7.21	1.97	3.20	3.79	0.60	0.06	3.42	3.80	4.44	0.97	3.66	1.72	0.00	3.52	3.66	0.86	2.16	0.91
78.00	7.81	7.50	7.20	2.37	0.00	6.88	3.56	0.71	5.70	3.42	5.08	4.27	4.52	1.21	0.05	4.19	3.90	3.23	2.10	0.89
79.00	7.80	7.50	7.21	3.36	2.85	2.83	0.26	0.06	1.54	1.05	0.27	1.68	1.74	1.39	3.37	3.63	1.87	0.33	1.47	0.72
10.2.1.4	7.34	8.77
10.2.1.3	7.64	8.43
10.2.1.2	7.95	9.02
10.1.1.4	2.52	74947.53
10.1.1.14	1.41	89089.64
10.1.1.10	2.02	97445.52
10.1.1.7	2.41	115963.63
10.1.1.8	0.39	240474.49
10.1.1.20	0.69	90610.13
10.1.1.18	0.70	179820.19
10.1.1.9	2.85	44912.69
10.1.1.12	0.93	250830.37
10.1.1.13	1.39	169936.71
10.1.1.17	2.70	24388.24
10.1.1.5	2.98	79900.90
10.1.1.6	2.82	84104.43
10.1.1.11	3.10	32600.23
10.1.1.15	1.63	96062.23
10.1.1.16	3.23	30533.76
10.1.1.19	1.16	76533.39
