Waf: Entering directory `/home/synrg-sc1/Desktop/Jiaming/ns-3.29-mesh/build'
Waf: Leaving directory `/home/synrg-sc1/Desktop/Jiaming/ns-3.29-mesh/build'
Build commands will be stored in build/compile_commands.json
'build' finished successfully (4.886s)
CreateVariables () DONE !!!
Creating 18 APs 50.00 m apart.
CreateApNodes () DONE !!!
Creating 0 CLs 20.00 m away from each AP.
CreateClNodes () DONE !!!
CreateNodes () DONE !!!
CreateMeshDevices () DONE !!!
CreateWifiDevices () DONE !!!
CreateCsmaDevices () DONE !!!
CreateDevices () DONE !!!
InstallInternetStack () DONE !!!
Gateway is connect to AP 0
InstallApplications () DONE !!!
Starting simulation for 80.00 s ...
-------------------------------------------------
Time[s]	ap-0	ap-1	ap-2	ap-3	ap-4	ap-5	ap-6	ap-7	ap-8	ap-9	ap-10	ap-11	ap-12	ap-13	ap-14	ap-15	ap-16	ap-17
2.00	0.00	0.00	0.00	0.00	0.00	0.00	0.00	0.00	0.00	0.00	0.00	0.00	0.00	0.00	0.00	0.00	0.00	0.00
3.00	5.75	5.56	0.00	0.00	0.00	0.00	0.00	0.00	0.00	0.00	0.00	0.00	0.00	0.00	0.00	0.00	0.00	0.00
4.00	8.10	7.81	0.00	0.00	0.00	0.00	0.00	0.00	0.00	0.00	0.00	0.00	0.00	0.00	0.00	0.00	0.00	0.00
5.00	8.10	7.80	1.99	0.00	0.20	0.00	0.53	0.75	1.01	1.13	1.33	0.04	1.94	0.82	0.75	2.48	0.15	0.04
6.00	8.10	7.80	6.28	1.04	3.64	0.92	2.40	2.74	1.54	3.09	1.37	0.00	2.76	1.97	0.12	3.12	1.61	0.35
7.00	8.10	7.81	3.58	0.00	5.75	4.78	1.13	5.43	0.60	4.35	3.07	0.00	1.66	1.13	1.02	3.30	2.78	0.41
8.00	8.09	7.80	7.18	1.19	2.07	5.75	0.72	5.10	0.00	4.80	0.05	3.67	2.04	2.26	1.47	3.90	1.25	1.20
9.00	8.10	7.80	3.39	1.48	1.78	1.31	1.68	1.66	1.50	2.89	1.06	1.72	2.25	2.27	0.88	1.66	3.71	1.87
10.00	8.10	7.81	3.54	0.75	1.75	1.30	0.00	2.78	0.00	5.22	0.04	2.63	1.53	2.48	0.15	2.34	3.27	0.99
11.00	8.10	7.80	7.37	0.05	1.99	1.66	1.44	3.72	0.00	3.96	1.06	2.50	2.11	2.24	0.65	3.43	2.58	0.00
12.00	8.10	7.81	6.90	0.60	0.00	3.71	1.81	3.09	1.65	2.58	1.87	2.45	2.60	2.92	1.90	3.11	3.01	1.93
13.00	8.10	7.80	5.76	0.08	3.66	1.66	3.16	4.51	3.66	0.31	3.25	0.12	4.26	4.16	1.27	1.33	3.13	0.27
14.00	8.09	7.80	4.78	0.00	1.88	3.19	0.53	4.15	1.08	4.51	2.39	3.07	2.96	3.32	0.01	3.63	3.20	1.21
15.00	8.10	7.81	4.18	0.00	0.64	1.99	0.04	2.36	0.02	3.47	1.31	3.73	2.57	0.78	0.35	1.63	2.44	2.48
16.00	8.10	7.80	5.41	0.22	3.31	3.23	0.98	0.00	0.02	3.82	2.27	4.31	3.42	3.80	0.22	1.53	2.81	0.84
17.00	8.10	7.80	5.90	0.66	2.23	1.94	0.00	1.78	0.66	2.85	1.31	1.66	0.61	3.53	0.09	2.87	1.25	0.97
18.00	8.10	7.81	5.03	2.24	1.61	3.86	1.01	4.16	2.25	2.86	2.19	1.70	3.84	2.25	0.94	3.17	3.27	0.66
19.00	8.10	7.80	3.25	0.97	3.19	1.48	0.01	1.85	0.28	3.26	1.15	2.84	1.18	1.81	2.58	3.13	2.72	2.44
20.00	8.09	7.80	0.71	0.00	3.04	2.26	1.22	4.36	2.87	3.92	1.05	1.24	2.99	1.26	1.75	3.14	2.81	2.17
21.00	8.10	7.81	7.21	0.13	0.44	1.99	0.00	3.86	0.00	3.77	3.59	3.17	0.97	2.17	0.00	3.00	3.30	0.51
22.00	8.10	7.80	7.10	0.42	6.26	2.21	0.48	5.06	2.33	4.65	2.79	3.31	1.97	3.62	1.19	3.74	3.24	0.99
23.00	8.10	7.81	4.58	0.49	3.97	1.38	0.01	2.77	1.44	1.08	2.44	2.40	1.13	2.19	0.00	2.97	1.26	0.49
24.00	8.10	7.80	6.89	0.00	4.07	2.19	1.67	4.66	1.68	3.32	2.00	2.16	2.32	3.29	0.29	3.32	1.68	2.38
25.00	8.10	7.80	7.20	2.20	3.17	0.69	1.11	4.97	1.22	0.81	0.49	0.00	2.93	2.39	0.37	0.66	1.05	1.64
26.00	8.09	7.81	6.38	1.55	5.43	0.29	1.32	4.47	0.59	3.78	0.82	0.00	2.27	1.88	0.89	3.26	2.26	2.83
27.00	8.10	7.80	5.78	0.02	2.25	1.60	0.00	4.89	1.21	4.37	1.92	0.11	3.14	3.36	2.43	2.24	2.71	2.24
28.00	8.10	7.80	5.82	0.69	3.98	4.03	0.80	4.82	1.59	2.47	0.46	2.20	2.43	1.79	0.68	1.65	2.92	0.22
29.00	8.10	7.81	5.37	0.00	1.64	0.35	0.04	2.25	0.69	4.80	0.08	2.10	2.30	3.53	1.39	2.92	1.78	1.47
30.00	8.10	7.80	3.56	0.00	3.36	3.00	2.28	1.57	0.00	4.64	0.08	1.95	3.65	1.50	0.11	3.37	3.30	0.00
31.00	8.10	7.80	6.14	1.10	0.49	1.99	2.63	1.77	0.02	0.52	1.26	1.66	1.33	0.88	0.49	0.54	3.04	1.02
32.00	8.10	7.81	7.21	0.00	1.35	0.00	1.08	0.34	0.00	2.94	0.00	2.76	3.91	3.29	2.16	4.06	2.94	0.00
33.00	8.09	7.80	5.55	1.61	3.42	1.90	0.00	2.07	1.25	1.14	1.25	2.34	3.21	1.27	0.00	1.84	2.37	1.47
34.00	8.10	7.81	4.85	2.41	2.64	4.80	0.40	3.56	0.06	4.07	2.58	2.97	1.11	2.51	0.61	1.04	3.29	0.53
35.00	8.10	7.80	3.67	0.49	3.99	3.56	0.02	3.74	0.48	3.27	1.57	3.57	1.65	2.25	1.38	2.51	1.78	0.42
36.00	8.10	7.80	5.11	0.00	3.00	2.67	0.58	0.40	0.06	4.38	0.54	4.15	2.24	0.98	0.12	1.72	1.75	1.33
37.00	8.10	7.81	7.17	0.37	2.59	1.38	0.00	0.24	1.08	2.54	1.54	2.91	0.01	3.93	0.61	1.83	2.04	2.84
38.00	8.10	7.80	3.05	1.40	0.00	5.20	1.74	3.04	0.13	2.83	1.08	1.77	2.78	3.58	0.37	3.54	3.29	2.99
39.00	8.09	7.80	7.21	1.18	0.49	3.03	1.11	3.32	0.00	4.75	3.21	1.80	0.82	3.43	1.11	1.97	3.01	1.68
40.00	8.10	7.81	6.42	0.24	1.91	3.24	0.00	5.15	0.74	4.80	1.88	4.51	3.84	1.58	1.77	1.00	2.47	1.58
41.00	8.10	7.80	7.03	0.00	1.35	1.59	3.43	1.39	1.19	4.56	0.35	0.92	0.61	2.12	0.44	1.11	2.97	1.46
42.00	8.10	7.80	1.15	1.18	4.71	3.12	0.00	3.49	2.50	2.33	3.57	1.00	3.78	2.38	0.79	3.23	3.01	3.59
43.00	8.10	7.81	0.94	0.00	4.82	2.76	1.41	2.71	0.60	1.13	4.45	2.93	2.36	1.11	1.57	3.66	3.14	1.01
44.00	8.10	7.80	5.56	0.64	5.61	5.70	0.08	3.46	3.53	2.53	1.34	0.95	3.32	1.79	0.75	3.62	3.30	3.00
45.00	8.09	7.81	6.42	0.37	3.67	2.24	0.69	3.42	1.52	2.83	1.84	2.99	0.99	1.07	1.48	2.58	2.89	1.55
46.00	8.10	7.80	3.86	1.13	2.97	4.32	0.00	3.36	0.54	3.62	0.52	1.39	3.84	0.27	2.12	3.05	2.80	1.32
47.00	8.10	7.80	4.38	0.58	3.96	3.63	0.99	3.89	0.58	3.96	1.02	0.00	1.20	2.56	1.21	3.27	1.79	2.21
48.00	8.10	7.81	3.84	1.47	1.72	1.73	0.99	1.46	1.86	4.63	1.52	5.04	1.15	1.72	0.46	3.44	3.36	2.68
49.00	8.10	7.80	4.53	0.34	1.72	0.39	1.38	1.58	0.22	2.50	1.04	3.25	2.50	1.72	0.04	3.62	2.72	0.05
50.00	8.10	7.80	4.53	0.45	3.37	1.75	0.75	2.05	2.32	4.56	1.63	3.96	2.06	2.96	0.51	2.16	3.18	2.25
51.00	8.09	7.81	3.56	0.00	0.01	0.48	0.00	3.44	1.53	4.36	0.62	1.28	1.93	3.37	0.01	2.81	1.78	1.33
52.00	8.10	7.80	6.38	0.87	1.19	3.45	0.51	1.77	0.53	3.32	2.77	1.86	1.11	1.78	0.28	2.80	2.47	1.87
53.00	8.10	7.80	6.12	2.32	1.17	2.16	1.30	4.65	0.12	2.18	1.28	2.03	0.99	1.10	0.19	3.66	2.48	0.49
54.00	8.10	7.81	5.58	0.01	2.34	1.95	2.00	3.64	1.26	4.80	3.11	2.79	1.35	1.99	0.55	3.90	3.36	2.06
55.00	8.10	7.80	4.73	2.00	4.95	2.79	0.19	0.92	0.15	4.79	0.22	1.94	4.20	2.57	0.01	3.87	2.50	2.93
56.00	8.10	7.81	7.21	0.00	1.51	3.40	0.54	3.76	0.14	4.80	0.29	1.40	3.92	3.07	2.40	1.54	0.65	1.20
57.00	8.10	7.80	3.85	1.28	0.49	3.79	0.00	1.52	0.07	0.97	2.44	2.34	1.11	1.02	0.22	3.86	1.94	2.34
58.00	8.09	7.80	5.16	2.90	2.73	2.71	3.33	3.69	1.19	1.95	1.57	0.34	1.74	1.78	1.93	3.59	2.96	1.57
59.00	8.10	7.81	1.05	0.54	0.88	1.98	0.00	1.18	0.02	3.56	0.00	0.00	2.41	3.26	2.52	0.41	2.47	2.97
60.00	8.10	7.80	7.69	0.74	3.91	2.46	0.68	2.52	3.07	1.35	2.32	3.11	0.87	3.05	2.04	5.02	2.66	2.05
61.00	8.10	7.80	3.78	0.05	3.49	0.18	0.40	4.63	1.06	3.29	2.46	0.67	2.45	3.12	1.37	1.48	2.64	3.07
62.00	8.10	7.81	5.24	0.48	4.50	0.80	0.57	4.09	1.87	3.60	2.24	0.49	3.85	3.01	0.81	2.50	3.00	2.44
63.00	8.10	7.80	3.89	1.24	1.05	2.30	0.66	3.00	1.68	0.49	0.84	2.96	2.26	1.44	0.66	0.33	2.45	1.06
64.00	8.09	7.80	5.06	0.00	1.74	3.53	0.00	0.24	1.10	2.43	2.31	2.79	3.43	3.90	1.94	0.29	1.92	0.97
65.00	8.10	7.81	7.21	0.00	2.26	2.85	0.45	2.41	0.13	3.37	1.54	1.46	1.21	1.97	0.64	2.66	2.45	1.21
66.00	8.10	7.80	5.61	0.80	4.23	0.00	2.00	0.18	0.00	2.25	0.31	1.64	2.93	0.77	1.27	2.96	2.28	2.74
67.00	8.10	7.81	3.51	0.00	3.69	1.06	1.22	4.47	1.55	4.36	1.19	1.54	2.17	1.91	0.51	4.20	2.21	0.49
68.00	8.10	7.80	3.09	1.40	2.07	0.48	0.07	4.99	2.76	3.44	1.48	0.00	2.96	3.21	0.71	3.91	0.52	2.61
69.00	8.10	7.80	0.29	0.48	0.91	3.01	1.67	4.44	0.12	3.85	1.19	3.38	0.25	1.14	0.42	3.91	2.20	1.50
70.00	8.09	7.81	5.82	0.48	1.99	3.82	2.03	3.76	2.27	2.37	0.99	3.24	0.92	1.34	1.18	3.90	2.93	3.14
71.00	8.10	7.80	4.33	1.70	2.11	1.26	0.97	4.51	0.52	1.58	1.34	0.41	1.46	3.59	0.16	3.67	1.42	2.46
72.00	8.10	7.80	5.41	1.13	2.84	1.08	1.71	4.57	1.59	4.09	1.17	0.86	1.35	2.00	3.73	3.76	2.46	2.33
73.00	8.10	7.81	6.52	1.27	1.66	3.05	1.18	3.24	0.48	3.69	2.11	1.34	3.77	4.24	0.73	2.67	2.57	1.31
74.00	8.10	7.80	7.20	2.27	1.80	2.78	0.49	0.47	0.14	1.46	1.79	0.74	1.66	3.63	3.97	3.90	2.71	0.49
75.00	8.10	7.80	6.79	0.54	0.82	2.07	1.06	2.07	0.69	4.91	0.81	0.48	3.93	2.94	0.59	3.04	2.56	1.57
76.00	8.09	7.81	7.20	0.08	2.25	5.36	0.49	0.99	3.13	4.51	3.73	0.49	3.74	1.97	1.30	3.90	3.16	3.01
77.00	8.10	7.80	3.36	0.00	3.83	3.60	0.79	2.96	1.64	4.53	1.75	2.20	2.89	2.57	0.35	1.95	1.41	1.01
78.00	8.10	7.81	6.61	0.64	3.00	2.31	0.00	4.44	2.46	4.26	1.99	0.73	3.05	3.30	0.55	3.90	2.92	1.40
79.00	8.10	7.80	3.78	1.42	1.87	2.25	0.24	2.99	1.74	3.91	1.32	1.80	0.93	2.65	2.07	1.72	2.24	1.50
10.2.1.3	7.95	8.03
10.2.1.2	8.25	8.76
10.1.1.3	5.19	20723.31
10.1.1.9	1.12	114722.73
10.1.1.10	3.32	36567.31
10.1.1.11	1.60	100088.60
10.1.1.5	2.64	93073.01
10.1.1.6	2.44	78003.09
10.1.1.17	2.54	30703.72
10.1.1.13	2.34	86732.41
10.1.1.7	0.92	225451.58
10.1.1.8	3.05	54881.11
10.1.1.12	1.98	123425.23
10.1.1.4	0.76	304881.75
10.1.1.14	2.42	44996.49
10.1.1.15	1.00	138020.84
10.1.1.16	2.83	39428.51
10.1.1.18	1.61	156955.42
