Waf: Entering directory `/home/synrg-sc1/Desktop/Jiaming/ns-3.29-mesh/build'
Waf: Leaving directory `/home/synrg-sc1/Desktop/Jiaming/ns-3.29-mesh/build'
Build commands will be stored in build/compile_commands.json
'build' finished successfully (4.866s)
CreateVariables () DONE !!!
Creating 23 APs 50.00 m apart.
CreateApNodes () DONE !!!
Creating 0 CLs 20.00 m away from each AP.
CreateClNodes () DONE !!!
CreateNodes () DONE !!!
CreateMeshDevices () DONE !!!
CreateWifiDevices () DONE !!!
CreateCsmaDevices () DONE !!!
CreateDevices () DONE !!!
InstallInternetStack () DONE !!!
Gateway is connect to AP 0
InstallApplications () DONE !!!
Starting simulation for 80.00 s ...
-------------------------------------------------
Time[s]	ap-0	ap-1	ap-2	ap-3	ap-4	ap-5	ap-6	ap-7	ap-8	ap-9	ap-10	ap-11	ap-12	ap-13	ap-14	ap-15	ap-16	ap-17	ap-18	ap-19	ap-20	ap-21	ap-22
2.00	0.00	0.00	0.00	0.00	0.00	0.00	0.00	0.00	0.00	0.00	0.00	0.00	0.00	0.00	0.00	0.00	0.00	0.00	0.00	0.00	0.00	0.00	0.00
3.00	5.30	5.08	0.00	0.00	0.00	0.00	0.00	0.00	0.00	0.00	0.00	0.00	0.00	0.00	0.00	0.00	0.00	0.00	0.00	0.00	0.00	0.00	0.00
4.00	7.21	6.90	0.00	0.00	0.00	0.00	0.00	0.00	0.00	0.00	0.00	0.00	0.00	0.00	0.00	0.00	0.00	0.00	0.00	0.00	0.00	0.00	0.00
5.00	7.20	6.90	1.66	0.00	3.14	0.00	1.17	0.00	0.44	0.29	0.84	1.08	2.83	0.00	0.00	1.30	0.93	0.88	0.24	0.52	0.00	0.66	0.22
6.00	7.21	6.90	2.11	0.02	4.58	0.69	3.09	0.04	0.00	0.48	1.64	2.31	1.94	0.04	0.61	1.05	0.33	1.64	0.06	0.04	0.31	0.82	0.07
7.00	7.20	6.90	3.45	0.12	2.80	0.44	2.05	1.26	0.20	1.33	1.88	1.84	2.13	0.00	0.13	3.56	2.64	1.07	0.85	0.16	0.00	0.58	0.12
8.00	7.20	6.90	1.05	0.86	5.69	1.85	0.45	2.18	0.08	0.61	1.71	4.59	4.24	0.24	1.30	2.01	0.72	2.05	0.72	0.05	0.68	1.22	0.45
9.00	7.21	6.90	2.31	1.02	1.10	1.05	1.97	1.05	0.00	0.47	2.27	1.65	3.27	0.20	0.75	1.60	1.44	0.85	0.20	0.00	0.00	0.24	0.14
10.00	7.20	6.90	0.99	0.12	2.97	1.77	2.36	0.89	0.08	0.00	0.93	2.33	2.53	0.00	0.00	1.35	0.80	2.18	1.08	0.84	0.47	0.61	0.72
11.00	7.21	6.90	0.72	0.87	1.92	0.05	1.66	0.32	0.09	0.72	1.84	1.97	2.41	1.24	0.20	0.00	1.72	1.42	0.22	0.40	0.21	1.35	0.00
12.00	7.20	6.90	2.77	1.01	2.43	3.78	3.73	4.82	0.60	1.17	3.20	3.69	2.67	0.41	0.00	2.77	1.34	1.61	0.06	0.00	0.21	0.11	0.78
13.00	7.20	6.90	0.01	2.25	3.92	0.12	0.45	3.44	0.00	0.00	1.64	4.71	0.00	0.40	0.00	1.79	1.35	2.85	0.37	0.08	0.00	0.59	0.00
14.00	7.21	6.90	0.34	1.97	4.77	0.00	2.19	0.60	0.02	1.67	4.75	2.21	3.27	1.04	1.05	0.00	2.17	0.77	1.84	0.00	0.13	0.54	1.18
15.00	7.20	6.90	1.21	0.00	1.20	0.00	2.06	1.75	0.00	1.30	0.59	2.53	1.99	0.14	0.09	2.38	0.12	0.73	0.00	1.66	0.00	0.12	0.00
16.00	7.21	6.90	0.92	0.00	2.40	0.00	4.22	0.73	1.02	0.16	3.19	3.17	4.37	0.62	0.14	2.31	0.24	1.81	1.48	1.77	0.00	0.00	1.14
17.00	7.20	6.89	3.98	0.64	3.52	0.49	2.12	0.00	0.00	0.61	0.92	1.45	0.55	0.04	0.06	2.56	0.89	3.13	0.42	0.62	0.22	0.57	0.00
18.00	7.21	6.90	1.14	0.00	4.72	1.71	1.58	1.47	2.37	1.60	0.00	1.44	3.38	0.00	0.00	2.25	1.39	0.80	0.32	0.74	0.47	0.00	1.00
19.00	7.20	6.90	0.82	0.02	1.58	1.78	0.01	2.48	0.58	0.49	0.00	2.08	3.97	0.01	1.47	2.92	0.00	1.15	0.44	0.94	0.00	0.44	0.00
20.00	7.20	6.90	0.49	0.00	4.75	2.66	1.98	3.20	0.53	0.42	3.31	1.51	3.39	0.41	0.40	0.78	1.47	2.37	0.14	0.00	0.04	0.94	1.19
21.00	7.21	6.90	4.83	0.39	4.56	1.52	0.57	4.52	0.00	0.48	1.66	3.54	2.50	1.97	0.59	2.44	2.94	2.26	0.48	0.00	0.00	0.15	0.05
22.00	7.20	6.90	0.86	0.00	2.79	0.00	2.74	0.89	1.22	0.49	1.97	1.67	2.71	0.00	0.47	1.14	2.37	0.57	0.00	0.49	0.12	0.00	0.02
23.00	7.21	6.90	0.02	0.00	2.61	0.19	0.00	3.56	1.12	1.06	3.23	1.53	0.99	0.00	0.00	0.68	1.15	1.38	0.00	0.33	0.22	0.55	0.22
24.00	7.20	6.90	4.50	0.75	3.78	0.00	0.19	4.96	0.04	0.00	1.79	3.83	1.75	0.24	0.02	1.17	1.52	2.65	0.01	0.66	0.21	0.37	0.21
25.00	7.20	6.90	1.12	0.00	0.97	0.00	0.19	4.02	0.00	1.04	2.08	0.19	2.43	0.81	0.81	0.80	3.33	2.44	1.06	0.25	0.31	1.79	0.32
26.00	7.21	6.90	3.92	0.29	0.41	1.40	0.00	3.11	0.57	0.08	2.18	2.08	2.06	0.34	0.08	1.87	2.25	1.73	0.48	0.31	0.00	1.44	0.41
27.00	7.20	6.90	0.46	0.15	3.13	0.00	0.49	3.12	0.32	1.04	1.18	2.03	1.10	0.49	1.30	3.07	0.54	1.60	0.55	1.19	0.37	0.75	0.00
28.00	7.21	6.90	4.86	3.30	4.98	0.72	5.08	1.86	0.00	0.99	2.04	3.56	3.90	0.52	2.01	3.12	1.58	1.42	0.67	0.00	0.49	0.84	0.00
29.00	7.20	6.90	0.01	0.32	1.40	1.86	0.21	1.79	0.00	0.49	0.41	1.27	2.80	0.49	0.01	1.95	0.49	0.38	0.00	0.00	0.00	0.51	0.40
30.00	7.20	6.90	0.81	0.04	4.00	0.87	1.26	1.78	0.00	0.73	5.85	4.72	3.29	0.75	0.24	1.87	1.24	1.11	0.89	0.02	1.28	1.22	0.00
31.00	7.21	6.89	3.89	1.00	5.05	0.00	3.21	1.87	0.00	0.72	1.57	2.28	3.98	0.46	0.34	2.87	0.95	2.08	1.13	0.41	0.71	0.68	0.00
32.00	7.20	6.91	4.33	0.26	1.92	0.00	2.51	0.04	0.49	1.32	2.16	1.40	2.32	0.66	0.00	0.38	0.21	1.57	0.00	0.00	0.00	0.52	0.00
33.00	7.21	6.90	5.16	2.08	1.20	1.67	4.05	2.74	0.16	0.00	1.71	4.11	0.93	0.06	2.23	1.33	3.34	1.83	0.00	0.00	0.00	1.67	0.00
34.00	7.20	6.89	4.38	0.74	3.83	0.35	2.43	2.37	0.01	0.40	3.98	0.49	3.44	0.34	0.40	1.30	2.56	2.23	0.02	0.00	0.09	1.13	0.00
35.00	7.21	6.90	1.87	0.49	3.57	2.58	3.07	4.60	0.00	1.85	0.78	3.77	3.31	0.40	0.08	0.45	2.93	2.00	0.00	0.00	0.65	0.80	0.54
36.00	7.20	6.90	0.00	2.78	3.14	2.57	1.60	1.15	0.04	0.07	3.72	0.24	1.97	0.09	0.00	2.12	2.71	0.51	0.14	0.44	0.77	0.48	0.00
37.00	7.20	6.90	0.52	0.00	3.36	1.98	2.94	2.32	0.34	0.00	1.15	2.72	3.80	0.29	0.46	0.89	2.56	2.70	1.92	0.74	0.61	0.22	0.07
38.00	7.21	6.90	1.17	0.00	2.89	1.04	1.70	5.28	1.01	0.00	1.07	2.07	3.60	0.01	0.77	2.12	2.32	1.97	1.25	0.04	0.00	0.08	0.00
39.00	7.20	6.90	1.66	0.00	3.71	0.00	1.48	4.09	0.00	2.48	0.66	3.39	2.98	1.60	0.49	1.99	1.80	0.08	0.54	0.00	0.04	0.52	0.00
40.00	7.21	6.90	1.61	0.68	5.62	0.49	3.19	2.60	0.00	1.58	0.66	2.01	1.81	0.79	0.06	3.10	2.74	0.57	1.47	1.18	1.77	1.34	0.19
41.00	7.20	6.90	3.05	0.92	3.90	1.38	0.37	3.83	0.00	1.25	4.06	2.08	0.29	0.31	1.00	1.21	0.35	0.48	0.99	0.55	0.05	0.00	0.00
42.00	7.20	6.90	0.58	1.25	5.57	2.06	2.72	3.24	0.05	0.85	2.74	3.14	1.99	0.00	1.68	3.27	1.27	2.14	1.39	0.00	0.09	0.02	0.02
43.00	7.21	6.90	0.87	0.32	2.61	2.30	0.00	2.40	0.12	0.00	1.53	1.97	2.07	0.00	0.26	1.57	3.60	0.99	0.22	0.00	0.79	1.21	0.42
44.00	7.20	6.90	1.64	0.39	0.00	0.71	1.63	2.67	0.00	0.00	3.13	2.00	2.67	0.00	0.02	0.00	1.61	0.00	0.06	0.00	0.00	1.85	1.13
45.00	7.21	6.90	1.77	1.52	4.19	0.00	1.65	0.73	0.24	2.27	1.63	1.79	2.63	1.84	0.49	1.99	1.98	2.37	0.02	0.00	0.48	0.00	0.02
46.00	7.20	6.90	1.39	0.00	6.30	0.06	1.73	3.10	0.24	0.11	0.92	2.06	4.80	0.49	0.16	2.77	1.99	1.06	0.00	0.00	0.21	0.11	1.14
47.00	7.21	6.90	3.45	0.42	6.22	0.00	0.14	2.57	0.80	0.97	3.23	5.25	2.28	1.64	1.19	3.66	0.58	0.46	1.59	0.11	0.00	0.00	0.00
48.00	7.20	6.90	2.78	2.52	4.76	0.32	2.16	0.39	2.80	1.41	2.30	3.40	2.90	0.11	0.27	3.45	1.22	1.45	1.67	1.13	2.17	0.65	0.00
49.00	7.20	6.90	4.50	0.53	5.52	0.08	2.06	4.11	0.65	0.28	0.55	3.93	3.52	0.00	0.00	2.93	0.00	2.59	1.73	0.00	0.00	1.08	0.25
50.00	7.21	6.89	1.04	0.69	5.94	1.48	0.66	4.90	1.27	3.00	0.84	1.48	3.42	0.46	0.37	3.04	2.93	0.53	1.50	0.00	0.19	0.92	0.25
51.00	7.20	6.90	0.89	1.01	2.71	2.51	1.15	2.99	0.00	0.69	1.14	0.99	1.55	0.61	0.00	2.91	0.95	1.83	0.81	0.00	0.05	1.24	0.47
52.00	7.21	6.90	3.52	1.65	2.56	2.44	2.77	0.81	1.15	0.49	3.97	3.73	3.92	0.00	0.37	2.31	0.74	0.81	0.49	0.00	0.72	1.63	0.41
53.00	7.20	6.90	1.25	0.06	1.97	4.16	0.00	2.27	0.74	0.49	0.71	3.18	1.37	0.00	0.97	0.97	1.37	2.36	0.49	0.00	0.29	0.48	1.06
54.00	7.20	6.90	0.00	2.32	5.48	2.46	0.00	1.19	0.06	0.00	1.32	0.91	1.32	2.23	0.00	2.18	0.74	2.80	0.81	0.78	0.54	0.32	0.42
55.00	7.21	6.90	0.09	1.87	2.60	0.49	1.99	0.00	0.00	1.78	1.71	1.04	2.07	0.09	1.31	0.72	1.54	2.18	0.00	0.00	0.00	0.35	0.00
56.00	7.20	6.90	3.93	0.00	2.94	0.21	3.40	2.32	2.46	0.45	0.89	4.05	3.33	0.00	0.18	0.89	0.67	2.36	0.35	0.12	0.08	0.60	0.01
57.00	7.21	6.90	2.67	0.08	2.77	1.98	0.27	4.52	0.00	1.02	2.14	0.51	2.70	0.00	0.72	1.74	0.71	0.49	1.20	0.12	1.00	0.08	0.49
58.00	7.20	6.90	1.65	0.00	4.73	3.85	0.67	5.10	0.15	0.04	1.40	2.25	4.38	0.61	0.42	1.83	1.08	0.53	0.31	0.46	0.06	0.60	0.79
59.00	7.20	6.90	0.48	0.00	1.25	2.51	0.00	2.76	0.02	0.00	1.59	2.83	3.38	0.24	1.07	3.11	3.56	2.23	0.00	1.19	1.01	0.67	0.00
60.00	7.21	6.90	0.00	0.80	4.49	4.29	5.06	4.02	0.05	0.00	1.81	3.16	2.76	0.00	0.93	1.84	1.44	1.01	1.41	0.00	1.20	1.45	1.33
61.00	7.20	6.90	0.35	2.76	4.15	1.93	3.25	3.40	0.25	0.00	0.22	3.06	1.18	0.00	0.19	2.59	2.38	1.19	0.01	0.00	0.09	1.47	0.01
62.00	7.21	6.90	4.44	0.64	1.58	1.06	1.85	3.51	0.07	1.79	0.00	2.01	4.49	0.02	0.12	1.48	3.09	2.74	0.24	0.04	0.46	1.81	0.69
63.00	7.20	6.90	3.14	0.09	3.43	0.15	1.32	3.20	0.00	1.12	2.63	2.16	0.95	0.01	0.05	0.58	2.45	0.25	1.08	0.04	0.32	1.12	0.52
64.00	7.21	6.90	5.18	0.06	6.15	0.02	1.19	4.46	0.00	0.00	0.67	2.52	2.27	1.34	0.02	1.58	1.38	1.59	1.22	0.00	0.28	0.57	0.64
65.00	7.20	6.90	1.68	0.18	2.17	2.91	0.41	4.22	0.27	0.18	0.61	1.25	2.00	0.08	0.32	0.52	1.04	1.40	0.06	0.04	0.29	0.52	0.20
66.00	7.20	6.89	3.32	0.49	5.04	1.94	3.31	2.33	1.14	0.00	1.85	3.45	3.36	0.00	0.00	0.88	2.67	1.52	2.12	0.00	0.28	0.85	0.00
67.00	7.21	6.90	1.28	0.00	3.27	1.32	0.99	4.22	0.00	0.99	3.53	1.02	1.90	0.00	0.77	1.50	1.27	2.47	0.47	0.00	0.01	0.29	0.00
68.00	7.20	6.90	1.31	2.28	5.28	2.10	0.99	1.06	0.29	0.25	2.32	2.10	3.06	0.00	0.08	1.83	1.38	1.70	1.08	0.00	0.00	1.26	0.18
69.00	7.21	6.90	1.84	0.95	5.68	0.00	1.81	0.99	0.47	0.49	2.65	3.69	2.70	0.00	0.82	2.38	1.34	0.38	1.04	0.00	0.00	0.25	1.78
70.00	7.20	6.90	0.33	0.47	5.78	1.19	5.09	2.26	1.46	0.09	2.78	4.51	4.59	0.18	0.75	2.96	0.26	0.16	0.49	0.15	0.01	0.22	0.72
71.00	7.20	6.90	1.94	0.21	2.19	0.19	2.98	2.06	0.00	0.15	0.37	2.37	3.96	0.02	0.02	0.05	0.91	2.20	1.01	0.00	0.69	0.11	0.45
72.00	7.21	6.90	1.44	0.00	2.90	1.67	2.17	3.53	1.15	0.37	2.77	1.25	2.45	0.00	0.01	1.05	3.40	1.64	0.01	0.00	0.00	0.49	0.20
73.00	7.20	6.90	1.34	2.58	1.33	1.22	2.90	1.70	1.83	0.00	1.31	0.00	2.43	0.00	0.00	3.30	2.33	1.57	0.99	0.00	0.01	0.31	0.08
74.00	7.21	6.90	1.11	2.54	5.15	0.67	5.36	3.79	0.04	1.54	1.83	3.47	2.53	1.51	0.55	3.59	0.26	0.46	0.28	0.00	0.06	0.68	0.00
75.00	7.20	6.90	1.79	2.20	4.66	0.49	2.23	2.77	0.00	0.93	1.85	3.74	3.23	0.00	0.54	0.01	1.59	2.58	1.01	0.66	0.07	0.66	0.00
76.00	7.20	6.90	0.74	0.22	4.88	0.58	2.83	0.94	0.00	0.69	3.13	3.16	2.81	0.00	0.58	2.64	1.97	0.97	0.74	0.08	0.14	1.24	0.07
77.00	7.21	6.90	2.74	0.07	3.31	0.00	2.65	3.83	1.75	0.52	3.13	2.33	1.60	0.05	0.47	2.65	1.33	1.50	0.07	0.69	0.00	1.17	0.00
78.00	7.20	6.90	1.25	0.00	6.30	0.00	0.71	3.12	0.64	0.41	5.00	4.24	4.99	0.33	0.00	2.44	1.81	1.73	0.62	0.05	0.65	1.91	0.00
79.00	7.21	6.90	1.45	0.37	6.28	0.49	2.30	2.59	0.00	0.00	2.40	3.85	3.30	0.84	0.09	1.39	2.43	2.87	0.00	0.00	0.00	0.21	0.00
10.2.1.2	7.34	8.57
10.2.1.3	7.03	8.70
10.1.1.8	2.62	69094.73
10.1.1.16	1.91	94431.58
10.1.1.3	1.93	67980.58
10.1.1.6	1.19	208491.57
10.1.1.20	0.28	294139.20
10.1.1.11	1.97	60182.20
10.1.1.12	2.53	68518.01
10.1.1.13	2.74	36691.54
10.1.1.4	0.76	151277.34
10.1.1.5	3.70	42113.50
10.1.1.14	0.39	172665.42
10.1.1.15	0.47	216316.49
10.1.1.21	0.32	252748.38
10.1.1.7	1.94	170856.15
10.1.1.17	1.62	71012.40
10.1.1.9	0.44	150621.26
10.1.1.10	0.71	151142.64
10.1.1.18	1.57	105411.19
10.1.1.19	0.65	133203.07
10.1.1.22	0.71	116198.42
10.1.1.23	0.33	208130.07
