Waf: Entering directory `/home/synrg-sc1/Desktop/Jiaming/ns-3.29-mesh/build'
Waf: Leaving directory `/home/synrg-sc1/Desktop/Jiaming/ns-3.29-mesh/build'
Build commands will be stored in build/compile_commands.json
'build' finished successfully (4.744s)
CreateVariables () DONE !!!
Creating 14 APs 50.00 m apart.
CreateApNodes () DONE !!!
Creating 0 CLs 20.00 m away from each AP.
CreateClNodes () DONE !!!
CreateNodes () DONE !!!
CreateMeshDevices () DONE !!!
CreateWifiDevices () DONE !!!
CreateCsmaDevices () DONE !!!
CreateDevices () DONE !!!
InstallMeshInternetStack () DONE !!!
InstallWifiInternetStack () DONE !!!
InstallCsmaInternetStack () DONE !!!
InstallInternetStack () DONE !!!
Gateway is connect to AP 0
InstallApplications () DONE !!!
Starting simulation for 40.00 s ...
-------------------------------------------------
Time[s]	ap-0	ap-1	ap-2	ap-3	ap-4	ap-5	ap-6	ap-7	ap-8	ap-9	ap-10	ap-11	ap-12	ap-13
2.00	0.00	0.00	0.00	0.00	0.00	0.00	0.00	0.00	0.00	0.00	0.00	0.00	0.00	0.00
3.00	5.20	4.83	0.00	0.00	0.00	0.00	0.00	0.00	0.00	0.00	0.00	0.00	0.00	0.00
4.00	7.45	6.87	0.00	0.00	0.00	0.00	0.00	0.00	0.00	0.00	0.00	0.00	0.00	0.00
5.00	7.43	6.86	0.97	0.00	0.00	0.37	0.00	0.83	0.00	0.95	0.00	0.00	0.20	0.00
6.00	7.43	6.87	0.00	5.55	0.00	0.46	0.00	0.00	2.63	0.00	4.07	0.00	3.37	1.99
7.00	7.45	6.86	1.34	3.47	0.34	0.33	0.00	0.00	4.96	0.00	4.71	0.00	3.72	3.28
8.00	7.43	6.86	2.77	6.01	0.00	5.62	0.10	0.00	2.98	0.00	4.32	0.00	3.63	2.68
9.00	7.43	6.87	4.44	6.00	0.04	4.28	0.00	0.00	1.70	0.00	2.06	0.00	3.11	1.42
10.00	7.45	6.86	7.02	5.97	0.94	1.70	0.18	0.00	1.89	0.00	4.07	0.00	3.80	2.72
11.00	7.43	6.87	4.22	4.60	1.36	1.88	0.89	0.00	0.26	0.00	3.45	0.00	1.62	2.27
12.00	7.45	6.86	5.41	5.66	0.88	1.42	0.35	0.00	1.89	0.00	3.69	0.00	1.61	2.35
13.00	7.43	6.86	2.28	5.11	1.30	1.48	0.61	0.00	1.29	0.00	2.41	0.00	1.44	1.47
14.00	7.43	6.87	0.00	7.00	0.73	1.99	0.65	0.00	1.70	0.00	3.96	0.00	1.43	2.47
15.00	7.45	6.86	0.00	6.02	0.82	0.81	0.76	0.00	1.64	0.00	5.36	0.00	2.68	3.60
16.00	7.43	6.87	0.00	6.01	1.12	2.84	0.00	0.00	4.92	0.00	4.64	0.00	3.72	3.27
17.00	7.43	6.86	0.00	6.01	1.67	0.37	0.00	0.00	1.04	0.00	4.81	0.00	0.95	0.65
18.00	7.45	6.87	0.00	6.01	0.00	3.68	0.00	0.00	0.02	0.00	4.86	0.00	0.00	0.00
19.00	7.43	6.86	0.00	6.00	0.00	0.00	0.00	0.00	4.84	0.00	4.56	0.00	1.73	3.23
20.00	7.43	6.86	4.62	6.01	0.00	0.00	0.00	0.00	0.62	0.00	4.91	0.00	0.00	0.00
21.00	7.45	6.87	6.57	6.00	0.00	0.29	0.03	0.00	0.31	0.00	4.86	0.00	0.10	0.00
22.00	7.43	6.86	6.58	6.00	0.00	2.94	0.00	0.00	1.02	0.00	4.86	0.00	2.09	2.29
23.00	7.45	6.87	0.45	6.02	0.00	0.25	0.00	0.00	4.53	0.00	4.86	0.00	0.35	3.44
24.00	7.43	6.86	0.12	5.95	2.59	1.09	0.00	0.00	2.80	0.00	3.87	0.00	0.99	2.70
25.00	7.43	6.86	0.00	6.03	2.99	1.40	0.00	0.00	2.66	0.00	4.89	0.00	1.21	3.34
26.00	7.45	6.87	0.00	6.04	0.03	0.00	0.00	0.00	5.40	0.00	5.04	0.00	0.18	3.56
27.00	7.43	6.86	0.00	6.01	0.00	0.00	0.00	0.00	2.01	0.00	4.87	0.00	0.00	0.86
28.00	7.43	6.87	0.00	6.01	0.00	0.01	0.00	0.00	0.00	0.00	4.86	0.00	2.30	1.71
29.00	7.45	6.86	0.00	6.01	3.23	0.49	0.00	0.00	0.65	0.00	4.86	0.00	3.14	3.44
30.00	7.43	6.86	0.00	6.01	5.72	0.00	0.22	0.00	0.00	0.00	4.86	0.00	3.73	3.44
31.00	7.43	6.87	0.00	5.95	0.47	0.00	0.00	0.00	0.00	0.00	4.85	0.00	3.71	0.52
32.00	7.45	6.86	0.00	6.06	0.00	0.00	0.00	0.00	0.00	0.00	4.83	0.00	0.25	2.36
33.00	7.43	6.87	0.00	6.01	0.00	0.36	0.00	0.00	0.00	0.00	4.91	0.00	0.01	3.48
34.00	7.45	6.86	1.39	6.01	0.00	0.22	0.00	0.00	0.00	0.00	4.86	0.00	0.07	2.45
35.00	7.43	6.87	6.52	5.68	2.56	1.67	0.00	0.00	0.00	0.00	4.85	0.00	0.00	0.00
36.00	7.43	6.86	6.64	6.33	1.91	1.72	0.00	0.00	0.00	0.00	4.87	0.00	0.00	0.90
37.00	7.45	6.86	6.58	6.01	0.00	5.68	0.00	0.00	0.00	0.00	4.86	0.00	3.81	0.00
38.00	7.43	6.87	6.58	6.01	0.00	4.49	0.00	0.00	0.00	0.00	4.87	0.00	3.12	0.12
39.00	7.43	6.86	6.00	6.00	0.00	0.12	0.00	0.00	0.00	0.00	4.86	0.00	0.08	2.40
10.2.1.2	7763.32	8.81
10.2.1.3	7165.31	8.69
10.1.1.6	1407.92	136302.34
10.1.1.7	177.87	627484.63
10.1.1.4	6143.92	22863.25
10.1.1.3	2477.16	108961.31
10.1.1.5	1021.13	170955.41
10.1.1.8	1528.42	208772.70
10.1.1.9	2375.49	116997.82
10.1.1.12	0	0
10.1.1.14	2171.02	90246.12
10.1.1.10	5280.83	7608.29
10.1.1.11	4744.53	34366.60
10.1.1.13	1778.66	70915.58
