Waf: Entering directory `/home/synrg-sc1/Desktop/Jiaming/ns-3.29-mesh/build'
Waf: Leaving directory `/home/synrg-sc1/Desktop/Jiaming/ns-3.29-mesh/build'
Build commands will be stored in build/compile_commands.json
'build' finished successfully (4.678s)
CreateVariables () DONE !!!
Creating 10 APs 50.00 m apart.
CreateApNodes () DONE !!!
Creating 0 CLs 20.00 m away from each AP.
CreateClNodes () DONE !!!
CreateNodes () DONE !!!
CreateMeshDevices () DONE !!!
CreateWifiDevices () DONE !!!
CreateCsmaDevices () DONE !!!
CreateDevices () DONE !!!
InstallInternetStack () DONE !!!
Gateway is connect to AP 0
InstallApplications () DONE !!!
Starting simulation for 80.00 s ...
-------------------------------------------------
Time[s]	ap-0	ap-1	ap-2	ap-3	ap-4	ap-5	ap-6	ap-7	ap-8	ap-9
2.00	0.00	0.00	0.00	0.00	0.00	0.00	0.00	0.00	0.00	0.00
3.00	4.68	4.68	0.00	0.00	0.00	0.00	0.00	0.00	0.00	0.00
4.00	8.70	8.70	0.00	0.00	0.00	0.00	0.00	0.00	0.00	0.00
5.00	8.70	8.70	0.92	3.16	0.00	0.12	0.04	0.04	0.00	0.06
6.00	8.69	8.69	4.98	4.78	0.00	3.92	0.15	0.00	2.67	1.11
7.00	8.70	8.70	4.29	2.94	0.04	2.74	0.54	2.07	1.10	0.92
8.00	8.70	8.70	6.14	2.80	0.00	3.25	1.37	2.26	1.02	1.51
9.00	8.70	8.70	5.52	3.43	0.00	4.22	1.77	1.92	0.61	2.56
10.00	8.70	8.70	4.11	4.16	0.00	2.59	2.70	2.44	3.43	1.66
11.00	8.69	8.69	3.56	2.53	0.00	4.51	0.98	1.08	0.11	0.41
12.00	8.70	8.70	4.56	4.15	0.00	2.33	2.14	3.38	0.64	1.87
13.00	8.70	8.70	1.65	5.46	0.00	2.71	0.00	2.17	4.10	0.51
14.00	8.70	8.70	2.26	1.66	0.00	2.90	1.02	0.81	1.22	0.00
15.00	8.70	8.70	2.08	0.67	0.00	3.62	2.94	1.94	1.87	0.09
16.00	8.69	8.69	5.50	2.00	0.00	4.36	0.55	0.01	0.58	1.21
17.00	8.70	8.70	3.05	4.33	0.00	2.91	0.25	0.20	0.00	0.87
18.00	8.70	8.70	2.00	1.64	0.00	0.66	0.25	0.00	3.76	0.00
19.00	8.70	8.70	1.84	5.10	0.00	1.25	0.93	0.00	2.40	0.00
20.00	8.70	8.70	3.93	4.22	0.00	4.50	3.45	0.00	0.08	1.59
21.00	8.69	8.69	5.25	2.99	0.00	1.28	0.37	0.00	0.00	0.49
22.00	8.70	8.70	3.33	5.30	0.00	4.64	0.24	0.00	0.72	0.00
23.00	8.70	8.70	1.63	2.40	0.00	0.00	0.97	0.00	0.00	0.00
24.00	8.70	8.70	5.32	5.31	0.00	2.13	0.64	3.11	3.79	1.40
25.00	8.69	8.69	2.01	5.46	0.00	2.50	0.00	1.22	3.47	0.12
26.00	8.70	8.70	2.45	2.73	0.00	2.43	0.00	0.00	2.33	0.60
27.00	8.70	8.70	0.75	5.39	0.00	2.36	1.06	0.75	0.54	0.00
28.00	8.70	8.70	0.69	1.64	0.00	1.66	0.13	0.06	0.00	0.00
29.00	8.70	8.70	0.91	0.09	0.00	3.23	0.00	1.65	2.27	0.00
30.00	8.69	8.69	4.85	2.91	0.00	0.31	0.00	3.37	0.00	0.58
31.00	8.70	8.70	2.78	5.64	0.00	4.43	0.00	0.00	3.00	0.00
32.00	8.70	8.70	5.45	4.40	0.00	1.87	0.00	0.14	0.01	1.57
33.00	8.70	8.70	1.41	2.06	0.00	0.57	0.68	0.00	0.27	0.00
34.00	8.70	8.70	4.84	3.78	0.00	4.69	2.47	0.00	0.00	0.02
35.00	8.69	8.69	1.91	3.46	0.00	3.62	1.51	0.08	0.00	0.42
36.00	8.70	8.70	5.51	3.45	0.00	3.33	1.27	0.08	1.61	2.98
37.00	8.70	8.70	2.67	2.70	0.00	0.68	1.83	0.66	0.14	0.54
38.00	8.70	8.70	2.32	2.53	0.00	1.50	0.00	0.00	0.28	0.00
39.00	8.70	8.70	0.00	4.97	0.00	0.91	0.00	2.99	0.00	0.51
40.00	8.69	8.69	7.30	3.67	0.00	3.20	0.00	0.64	0.46	0.74
41.00	8.70	8.70	6.01	4.46	0.00	2.58	0.00	0.75	0.49	0.00
42.00	8.70	8.70	3.46	3.29	0.00	0.37	0.26	1.55	1.19	0.49
43.00	8.70	8.70	2.34	5.18	0.00	3.87	0.35	3.60	2.79	0.92
44.00	8.70	8.69	3.34	5.28	0.00	3.62	0.67	1.70	0.49	1.46
45.00	8.69	8.70	2.04	3.54	0.00	4.06	0.08	0.00	0.00	0.25
46.00	8.70	8.70	0.00	0.00	0.00	2.86	0.00	1.18	1.59	0.00
47.00	8.70	8.70	2.41	4.63	0.00	1.38	0.00	0.37	1.27	0.00
48.00	8.70	8.70	4.51	3.83	0.00	3.67	0.05	1.38	2.12	0.92
49.00	8.69	8.69	3.91	3.84	0.00	2.80	0.28	0.02	3.07	1.08
50.00	8.70	8.70	5.78	4.17	0.00	4.35	0.05	0.60	0.49	0.00
51.00	8.70	8.70	1.11	5.08	0.00	4.82	0.00	0.00	0.68	0.66
52.00	8.70	8.70	6.17	4.84	0.00	1.25	0.07	0.06	2.97	1.57
53.00	8.70	8.70	7.57	4.17	0.00	2.18	0.25	0.07	1.24	1.22
54.00	8.69	8.69	8.10	5.63	0.00	4.80	0.64	3.52	1.31	2.47
55.00	8.70	8.70	5.23	3.37	0.00	1.95	0.82	1.84	1.00	0.68
56.00	8.70	8.70	4.13	4.50	0.00	4.65	2.24	1.02	0.28	2.05
57.00	8.70	8.70	4.38	5.70	0.00	4.91	1.44	0.08	1.25	1.13
58.00	8.70	8.70	5.44	4.58	0.00	4.05	0.00	2.85	0.05	2.13
59.00	8.69	8.69	5.75	4.98	0.00	2.87	0.11	3.90	0.54	2.78
60.00	8.70	8.70	2.33	1.08	0.00	1.98	0.00	0.75	1.46	0.27
61.00	8.70	8.70	1.99	2.70	0.00	3.05	0.00	2.92	0.58	0.14
62.00	8.70	8.70	5.68	4.31	0.00	0.86	0.00	0.25	1.05	1.98
63.00	8.70	8.70	2.19	5.35	0.00	4.47	2.32	1.41	0.77	0.26
64.00	8.69	8.69	6.35	5.52	0.00	0.33	2.61	2.65	3.69	0.00
65.00	8.70	8.70	4.57	3.92	0.00	2.54	0.45	1.90	0.47	0.11
66.00	8.70	8.70	1.67	3.74	0.00	3.71	0.09	1.67	2.77	0.07
67.00	8.70	8.70	7.97	5.08	0.00	4.60	0.04	0.14	1.67	1.37
68.00	8.69	8.69	6.16	2.78	0.00	4.11	0.51	1.35	0.21	0.24
69.00	8.70	8.70	5.04	3.27	0.00	2.99	1.27	2.07	1.14	0.38
70.00	8.70	8.70	4.99	2.45	0.00	0.99	0.00	0.65	0.49	1.28
71.00	8.70	8.70	0.99	1.24	0.00	0.49	0.00	0.00	0.00	0.00
72.00	8.70	8.70	6.41	5.77	0.00	1.46	0.00	0.00	0.08	0.60
73.00	8.69	8.69	4.06	5.41	0.00	3.13	0.00	1.46	0.80	0.68
74.00	8.70	8.70	1.98	4.35	0.00	2.99	0.00	0.00	3.42	1.04
75.00	8.70	8.70	4.12	4.10	0.00	1.39	0.49	1.46	1.28	0.93
76.00	8.70	8.70	4.56	4.72	0.00	2.93	0.09	1.63	2.32	0.71
77.00	8.70	8.70	1.97	4.17	0.00	3.42	0.65	1.78	0.18	2.96
78.00	8.69	8.69	6.10	0.00	0.00	1.97	0.00	0.89	0.26	0.18
79.00	8.70	8.70	6.82	5.78	0.00	5.10	0.87	0.00	0.35	0.35
10.2.1.2	8.87	8.09
10.2.1.3	8.87	21.48
10.1.1.3	3.91	52341.47
10.1.1.4	3.83	32777.54
10.1.1.6	2.83	49381.01
10.1.1.5	817.88	2014921.67
10.1.1.9	1.24	275149.27
10.1.1.10	0.80	270389.76
10.1.1.7	0.64	40032.44
10.1.1.8	1.11	67098.84
