Waf: Entering directory `/home/synrg-sc1/Desktop/Jiaming/ns-3.29-mesh/build'
Waf: Leaving directory `/home/synrg-sc1/Desktop/Jiaming/ns-3.29-mesh/build'
Build commands will be stored in build/compile_commands.json
'build' finished successfully (4.787s)
CreateVariables () DONE !!!
Creating 10 APs 50.00 m apart.
CreateApNodes () DONE !!!
Creating 0 CLs 20.00 m away from each AP.
CreateClNodes () DONE !!!
CreateNodes () DONE !!!
CreateMeshDevices () DONE !!!
CreateWifiDevices () DONE !!!
CreateCsmaDevices () DONE !!!
CreateDevices () DONE !!!
InstallInternetStack () DONE !!!
Gateway is connect to AP 0
InstallApplications () DONE !!!
Starting simulation for 80.00 s ...
-------------------------------------------------
Time[s]	ap-0	ap-1	ap-2	ap-3	ap-4	ap-5	ap-6	ap-7	ap-8	ap-9
2.00	0.00	0.00	0.00	0.00	0.00	0.00	0.00	0.00	0.00	0.00
3.00	4.73	3.54	3.38	0.00	0.00	0.00	0.00	0.00	0.00	0.00
4.00	8.40	6.30	5.99	0.00	0.00	0.00	0.00	0.00	0.00	0.00
5.00	8.41	6.30	6.01	1.70	1.66	0.07	1.44	0.00	1.12	0.95
6.00	8.40	6.30	5.99	2.01	2.50	0.00	1.99	2.00	2.31	1.57
7.00	8.40	6.30	6.01	2.60	2.04	0.00	3.37	0.58	3.82	1.20
8.00	8.41	6.30	5.99	3.71	1.73	1.12	2.27	2.44	2.86	1.17
9.00	8.40	6.30	6.01	0.99	2.24	1.95	3.67	0.87	2.43	2.64
10.00	8.40	6.30	5.99	0.00	5.44	4.13	3.54	4.32	0.01	3.32
11.00	8.41	6.30	6.01	3.53	3.98	1.75	0.57	2.72	1.26	2.91
12.00	8.40	6.30	5.99	0.49	4.29	2.34	4.39	0.79	0.00	1.35
13.00	8.40	6.30	6.01	1.87	2.21	1.39	0.00	2.20	2.73	1.61
14.00	8.41	6.30	5.99	2.19	3.05	1.46	2.85	1.02	3.32	1.32
15.00	8.40	6.30	6.01	0.49	1.21	1.15	3.24	3.67	2.85	2.14
16.00	8.40	6.30	5.99	4.24	1.79	2.98	2.77	1.93	0.89	2.45
17.00	8.41	6.30	6.01	3.16	3.70	2.25	3.04	1.18	1.74	2.17
18.00	8.40	6.30	5.99	0.62	0.98	0.12	3.87	0.49	3.05	3.12
19.00	8.40	6.30	6.01	3.25	0.79	0.05	3.78	0.71	1.00	2.63
20.00	8.40	6.30	5.99	5.48	0.00	3.82	4.24	0.00	4.20	2.53
21.00	8.41	6.30	6.01	2.21	2.54	0.04	0.71	1.78	2.16	0.26
22.00	8.40	6.30	5.99	0.49	0.00	0.89	4.23	2.39	3.37	3.37
23.00	8.40	6.30	6.01	4.82	0.75	1.15	1.48	1.55	3.33	3.18
24.00	8.41	6.30	5.99	1.95	3.09	1.07	1.46	1.53	1.86	1.50
25.00	8.40	6.30	6.01	4.56	0.60	1.59	2.21	0.00	2.89	2.58
26.00	8.40	6.30	5.99	4.93	2.53	2.16	0.00	2.33	1.53	2.84
27.00	8.41	6.30	6.01	2.87	4.97	2.60	2.04	1.51	0.68	3.01
28.00	8.40	6.30	5.99	1.45	2.79	0.67	0.27	0.72	0.98	1.17
29.00	8.40	6.30	6.01	3.19	2.72	0.04	0.58	0.00	0.71	0.16
30.00	8.41	6.30	5.99	5.22	0.62	1.38	3.60	0.80	2.92	3.00
31.00	8.40	6.30	6.01	3.27	0.00	1.02	1.65	0.49	3.00	1.61
32.00	8.40	6.30	5.99	0.00	1.64	1.40	0.00	2.73	2.72	2.73
33.00	8.41	6.30	6.01	1.88	3.73	0.37	1.63	2.98	2.43	2.66
34.00	8.40	6.30	5.99	3.71	3.20	0.38	4.50	2.47	4.20	2.80
35.00	8.40	6.30	6.01	2.79	1.80	0.25	3.31	1.13	3.54	2.59
36.00	8.41	6.30	5.99	4.04	4.71	0.47	4.50	0.00	3.56	3.31
37.00	8.40	6.30	6.01	2.65	2.44	0.12	2.77	0.00	2.07	2.05
38.00	8.40	6.30	5.99	2.79	1.75	1.11	2.52	4.78	3.49	3.17
39.00	8.40	6.30	6.01	3.27	1.10	1.32	2.48	1.63	2.63	1.88
40.00	8.41	6.30	5.99	0.00	1.90	1.81	1.17	2.79	2.13	2.14
41.00	8.40	6.30	6.01	0.49	2.18	2.84	1.22	2.54	1.39	2.32
42.00	8.40	6.30	5.99	5.35	1.17	0.00	1.53	0.64	2.26	3.25
43.00	8.41	6.30	6.01	0.20	3.65	1.67	1.86	1.27	2.48	2.01
44.00	8.40	6.30	5.99	0.13	2.99	0.24	3.60	2.63	2.13	1.74
45.00	8.40	6.30	6.01	0.00	2.24	0.00	2.57	5.33	0.00	0.00
46.00	8.41	6.30	5.99	0.00	0.00	0.00	3.80	3.78	0.00	0.00
47.00	8.40	6.30	6.01	0.00	3.82	0.00	2.87	0.00	0.00	0.00
48.00	8.40	6.30	6.01	0.00	0.00	0.00	1.25	2.66	0.00	0.00
49.00	8.41	6.30	5.99	0.00	1.81	0.00	0.00	3.98	0.00	0.00
50.00	8.40	6.30	6.01	0.00	0.00	0.00	4.99	3.37	0.00	0.75
51.00	8.40	6.30	5.99	0.00	0.00	0.00	4.47	0.00	0.00	0.00
52.00	8.41	6.30	6.01	0.00	0.00	0.00	4.50	0.00	0.00	0.00
53.00	8.40	6.30	5.99	0.00	0.00	0.00	4.30	0.00	0.00	0.00
54.00	8.40	6.30	6.01	0.00	0.00	0.00	4.58	0.00	0.00	0.00
55.00	8.41	6.30	5.99	0.00	0.00	0.00	4.18	0.00	0.00	0.00
56.00	8.40	6.30	6.01	0.00	0.00	0.00	4.49	0.00	0.00	0.00
57.00	8.40	6.30	5.99	0.49	1.07	0.00	1.39	0.99	1.35	2.06
58.00	8.40	6.30	6.01	0.00	0.00	0.00	0.00	0.00	0.00	0.00
59.00	8.41	6.30	5.99	0.00	0.00	0.00	0.00	0.00	0.00	0.00
60.00	8.40	6.30	6.01	0.00	0.00	0.00	0.00	0.00	0.00	0.00
61.00	8.40	6.30	5.99	0.00	0.00	0.00	0.00	0.00	0.00	0.00
62.00	8.41	6.30	6.01	0.00	0.00	0.00	0.49	0.00	0.00	0.00
63.00	8.40	6.30	5.99	1.01	1.52	0.68	0.00	2.04	3.07	3.49
64.00	8.40	6.30	6.01	3.80	2.80	2.14	1.18	3.97	3.70	2.36
65.00	8.41	6.30	5.99	1.41	1.17	0.05	0.00	1.20	0.81	1.38
66.00	8.40	6.30	6.01	1.13	1.20	0.00	1.78	0.00	4.03	1.83
67.00	8.40	6.30	5.99	0.05	5.28	0.51	0.00	0.00	4.04	2.34
68.00	8.41	6.30	6.01	5.68	0.95	2.71	0.42	2.34	3.71	2.68
69.00	8.40	6.30	5.99	3.85	1.90	1.61	1.46	0.65	1.77	1.45
70.00	8.40	6.30	6.01	2.46	0.08	0.05	0.41	0.00	3.36	2.70
71.00	8.41	6.30	5.99	4.25	1.20	0.75	0.13	0.02	0.19	2.79
72.00	8.40	6.30	6.01	5.70	3.62	0.49	3.65	2.10	3.62	2.16
73.00	8.40	6.30	5.99	0.11	0.92	0.09	0.75	0.00	0.52	0.57
74.00	8.41	6.30	6.01	3.39	0.00	1.20	3.62	0.00	3.16	1.81
75.00	8.40	6.29	5.99	2.07	0.09	1.47	0.45	0.26	3.00	2.39
76.00	8.40	6.30	6.01	1.92	2.19	0.01	0.00	2.36	3.42	2.45
77.00	8.40	6.30	5.99	3.21	0.49	0.00	0.00	1.83	2.80	2.27
78.00	8.41	6.30	6.01	0.00	0.00	0.01	0.00	0.93	4.15	3.13
79.00	8.40	6.30	5.99	2.84	2.91	1.64	0.00	0.14	3.43	1.93
10.2.1.2	8.56	8.09
10.2.1.3	6.42	8.77
10.2.1.4	6.11	9.22
10.1.1.10	1.78	51235.38
10.1.1.7	2.08	73756.96
10.1.1.8	1.43	94186.30
10.1.1.6	0.86	114481.26
10.1.1.4	1.94	95295.66
10.1.1.5	1.73	93885.70
10.1.1.9	1.96	25298.61
