Waf: Entering directory `/home/synrg-sc1/Desktop/Jiaming/ns-3.29-mesh/build'
Waf: Leaving directory `/home/synrg-sc1/Desktop/Jiaming/ns-3.29-mesh/build'
Build commands will be stored in build/compile_commands.json
'build' finished successfully (4.746s)
CreateVariables () DONE !!!
Creating 16 APs 50.00 m apart.
CreateApNodes () DONE !!!
Creating 0 CLs 20.00 m away from each AP.
CreateClNodes () DONE !!!
CreateNodes () DONE !!!
CreateMeshDevices () DONE !!!
CreateWifiDevices () DONE !!!
CreateCsmaDevices () DONE !!!
CreateDevices () DONE !!!
InstallInternetStack () DONE !!!
Gateway is connect to AP 0
InstallApplications () DONE !!!
Starting simulation for 80.00 s ...
-------------------------------------------------
Time[s]	ap-0	ap-1	ap-2	ap-3	ap-4	ap-5	ap-6	ap-7	ap-8	ap-9	ap-10	ap-11	ap-12	ap-13	ap-14	ap-15
2.00	0.00	0.00	0.00	0.00	0.00	0.00	0.00	0.00	0.00	0.00	0.00	0.00	0.00	0.00	0.00	0.00
3.00	7.74	6.84	6.83	0.00	0.00	0.00	0.00	0.00	0.00	0.00	0.00	0.00	0.00	0.00	0.00	0.00
4.00	7.81	6.90	6.90	0.00	0.00	0.00	0.00	0.00	0.00	0.00	0.00	0.00	0.00	0.00	0.00	0.00
5.00	7.80	6.90	6.90	0.31	1.66	3.00	0.15	2.16	1.85	1.52	0.87	0.46	0.99	1.61	1.53	0.04
6.00	7.80	6.90	6.90	3.17	0.20	5.75	4.73	5.19	2.01	0.24	1.73	1.05	0.34	2.85	3.51	0.00
7.00	7.81	6.90	6.90	3.26	0.88	4.88	5.03	5.23	2.24	0.71	0.00	2.14	0.04	2.52	3.18	0.04
8.00	7.80	6.90	6.90	3.18	5.52	4.39	5.39	4.77	3.45	1.24	0.00	2.01	0.27	1.84	1.15	0.00
9.00	7.80	6.90	6.90	0.72	4.16	5.63	4.75	5.37	2.50	3.04	0.68	0.00	0.14	1.53	2.57	0.00
10.00	7.81	6.90	6.90	1.28	0.74	5.71	5.32	5.25	4.46	0.00	1.06	1.57	0.98	0.00	2.87	0.00
11.00	7.80	6.90	6.90	0.15	1.77	5.19	4.89	5.41	0.66	2.66	0.12	4.55	0.42	3.65	2.31	0.00
12.00	7.81	6.90	6.90	1.14	3.77	5.70	0.67	5.41	1.78	1.46	2.90	4.50	1.00	3.33	3.58	0.00
13.00	7.80	6.90	6.90	0.00	3.34	4.92	2.51	4.89	0.81	3.27	1.41	1.68	0.88	3.37	2.47	0.00
14.00	7.80	6.90	6.90	5.66	1.08	6.02	3.91	4.93	0.14	2.25	0.22	4.40	0.73	3.57	1.42	0.00
15.00	7.81	6.90	6.90	4.06	5.25	5.70	2.41	5.82	0.00	3.27	0.01	1.32	0.68	3.90	1.66	0.00
16.00	7.80	6.90	6.90	1.84	2.03	5.70	5.32	5.37	2.40	2.74	0.74	2.10	0.19	3.17	3.09	0.00
17.00	7.80	6.89	6.89	0.13	0.46	5.42	4.78	4.79	1.94	1.93	0.16	2.39	0.79	3.44	1.26	0.00
18.00	7.81	6.90	6.90	0.69	0.58	5.69	5.41	5.41	4.46	5.19	0.99	2.11	0.54	4.16	3.06	0.00
19.00	7.80	6.90	6.90	0.74	0.01	4.46	4.49	4.31	2.30	1.95	0.49	1.28	0.26	1.41	2.72	0.00
20.00	7.80	6.90	6.90	0.20	0.44	5.70	4.23	4.93	2.28	2.77	1.19	0.49	0.58	3.84	2.61	0.00
21.00	7.81	6.90	6.90	0.62	1.11	5.71	2.85	5.30	1.55	1.78	1.12	1.50	0.99	0.97	2.26	0.00
22.00	7.80	6.90	6.90	0.71	4.32	5.70	3.27	5.39	4.17	1.88	1.40	1.28	1.97	2.13	2.03	0.00
23.00	7.81	6.90	6.90	2.80	0.32	4.96	1.10	3.20	0.99	0.00	0.68	0.05	1.06	2.05	1.24	0.00
24.00	7.80	6.90	6.90	3.00	0.49	4.39	3.14	2.91	1.28	2.91	1.04	3.56	1.93	2.56	2.92	0.00
25.00	7.80	6.90	6.90	2.87	1.94	5.70	4.44	5.32	2.51	2.60	1.47	1.84	0.52	3.11	3.60	0.00
26.00	7.81	6.90	6.90	1.54	2.47	4.60	4.17	4.99	0.71	4.24	0.00	2.11	0.75	3.53	1.84	0.00
27.00	7.80	6.90	6.90	1.38	0.47	5.69	5.33	4.86	0.49	3.87	0.00	1.02	0.12	3.89	2.89	0.00
28.00	7.80	6.90	6.90	6.30	1.14	5.71	5.08	5.39	0.45	0.34	1.54	0.25	0.18	2.85	2.71	0.00
29.00	7.81	6.90	6.90	0.14	2.14	5.65	5.26	4.02	0.11	0.73	0.49	0.71	0.20	2.66	1.92	0.00
30.00	7.80	6.90	6.90	2.78	0.14	5.10	5.32	4.72	1.01	1.24	0.00	2.00	2.30	4.46	0.58	0.00
31.00	7.80	6.90	6.90	1.07	1.24	4.00	4.42	4.71	1.86	2.36	0.29	1.84	0.08	2.37	1.92	0.00
32.00	7.81	6.90	6.90	1.02	4.46	5.71	5.32	5.39	0.82	0.08	0.64	0.41	1.26	3.11	1.79	0.00
33.00	7.80	6.90	6.89	2.92	4.29	5.70	5.09	5.41	1.91	0.53	1.40	0.01	1.91	3.32	2.13	0.00
34.00	7.81	6.89	6.90	4.12	1.33	5.70	3.63	4.78	0.00	2.28	1.38	0.94	4.02	3.85	3.57	0.00
35.00	7.80	6.90	6.90	1.52	0.28	5.70	3.79	5.39	2.16	1.37	0.93	2.68	0.40	2.48	2.05	0.00
36.00	7.80	6.90	6.90	0.59	0.54	5.62	5.26	5.39	4.44	0.01	0.00	3.94	0.67	2.50	2.80	0.00
37.00	7.81	6.90	6.90	1.39	0.00	2.24	5.05	5.00	2.51	0.31	0.00	1.70	0.38	0.51	1.31	0.00
38.00	7.80	6.90	6.90	1.95	2.12	5.70	5.33	4.58	2.59	5.91	0.69	0.20	0.01	2.24	2.01	0.00
39.00	7.80	6.90	6.90	1.18	0.88	5.16	5.41	4.82	0.26	1.68	0.00	0.44	0.00	2.27	1.47	0.00
40.00	7.81	6.90	6.90	1.44	0.58	5.51	5.00	5.39	2.28	1.68	0.00	0.00	0.64	2.00	1.55	0.00
41.00	7.80	6.90	6.90	1.34	0.05	5.32	5.35	4.98	0.67	1.64	0.00	0.02	1.73	3.45	1.63	0.00
42.00	7.80	6.90	6.90	1.81	1.33	4.40	4.80	3.69	3.12	4.06	0.89	3.33	0.68	2.94	2.84	0.00
43.00	7.81	6.90	6.90	1.26	0.37	4.88	2.77	3.12	1.13	0.81	1.15	2.39	0.73	3.13	2.66	0.00
44.00	7.80	6.90	6.90	0.12	1.83	3.98	3.47	3.87	1.46	1.44	2.36	1.97	1.11	1.91	1.12	0.00
45.00	7.81	6.90	6.90	1.18	0.78	2.16	2.40	5.41	1.45	0.01	0.00	0.87	0.61	2.23	3.47	0.00
46.00	7.80	6.90	6.90	2.01	1.25	6.47	0.89	5.03	3.98	2.11	0.29	4.80	0.60	2.78	3.52	0.00
47.00	7.80	6.90	6.90	3.39	1.32	5.65	1.75	5.23	2.17	2.81	0.93	5.05	2.70	3.45	2.46	0.00
48.00	7.81	6.90	6.90	2.83	3.57	1.97	3.37	4.79	2.39	1.00	0.05	2.51	1.34	1.91	2.24	0.00
49.00	7.80	6.90	6.89	2.56	0.52	5.33	4.06	5.35	3.26	4.65	0.00	2.08	1.68	3.80	1.37	0.00
50.00	7.80	6.89	6.90	0.00	1.59	5.70	5.32	5.03	4.64	5.31	0.40	1.22	0.01	3.86	1.32	0.00
51.00	7.81	6.90	6.90	1.20	0.80	3.71	1.25	3.58	0.88	2.25	0.62	2.46	0.00	3.47	3.72	0.00
52.00	7.80	6.90	6.90	1.40	5.53	5.70	4.97	5.41	2.64	3.64	2.10	1.41	0.86	3.90	3.06	0.00
53.00	7.80	6.90	6.90	1.41	1.97	5.70	4.73	2.34	3.30	0.61	0.29	1.61	1.08	2.04	1.59	0.00
54.00	7.81	6.90	6.90	0.00	6.26	5.70	4.40	3.14	0.00	1.10	1.99	3.47	1.35	3.90	1.47	0.00
55.00	7.80	6.90	6.90	4.69	1.42	5.70	1.38	5.23	0.49	2.24	0.01	2.99	2.40	3.90	3.60	0.00
56.00	7.81	6.90	6.90	2.08	2.83	4.89	0.00	5.25	2.84	2.00	1.59	1.98	0.71	3.42	3.56	0.00
57.00	7.80	6.90	6.90	1.99	0.18	5.20	4.02	5.05	2.61	3.69	0.81	1.32	0.00	2.12	3.25	0.00
58.00	7.80	6.90	6.90	2.78	0.09	5.70	0.49	5.38	5.09	5.39	0.00	1.42	2.53	3.78	3.54	0.00
59.00	7.81	6.90	6.90	1.19	0.40	5.64	1.42	4.26	0.47	1.64	0.00	2.47	1.68	0.67	3.11	0.00
60.00	7.80	6.90	6.90	1.05	0.34	5.45	2.59	4.89	1.73	0.68	1.34	3.24	0.35	1.72	2.40	0.00
61.00	7.80	6.90	6.90	1.20	2.85	4.84	4.97	5.69	2.87	0.00	0.82	0.01	1.66	3.90	3.43	0.00
62.00	7.81	6.90	6.90	2.23	0.26	5.61	5.36	5.39	2.08	5.02	0.69	4.80	1.47	3.70	2.39	0.00
63.00	7.80	6.90	6.90	0.11	0.42	2.44	4.91	5.37	3.19	1.53	2.14	0.64	0.08	3.90	3.46	0.00
64.00	7.80	6.90	6.90	4.71	2.18	5.92	5.41	5.33	3.93	0.79	0.40	4.27	0.06	3.87	3.60	0.00
65.00	7.81	6.90	6.90	4.69	0.09	5.70	5.38	5.41	0.00	1.99	0.01	4.56	1.98	3.82	3.51	0.00
66.00	7.80	6.89	6.89	3.53	1.52	5.70	5.08	5.06	3.57	0.94	0.14	0.61	0.18	3.82	2.71	0.00
67.00	7.81	6.90	6.90	1.24	2.64	5.30	4.51	4.39	0.88	4.29	0.00	0.78	0.20	1.74	3.34	0.00
68.00	7.80	6.90	6.90	2.07	2.59	5.70	5.39	5.33	3.80	1.47	3.51	1.64	0.77	3.51	3.59	0.00
69.00	7.80	6.90	6.90	0.51	0.49	4.63	4.96	4.33	2.16	3.18	1.13	2.30	1.19	2.33	2.89	0.00
70.00	7.81	6.90	6.90	6.57	0.82	3.58	5.82	5.39	1.28	1.99	1.35	2.18	2.77	1.79	2.41	0.00
71.00	7.80	6.90	6.90	0.37	0.01	3.97	5.15	4.98	1.91	2.81	0.00	1.35	0.54	2.52	0.89	0.00
72.00	7.80	6.90	6.90	0.27	0.32	3.39	4.56	4.44	4.57	2.28	0.00	1.26	1.53	2.10	1.05	0.00
73.00	7.81	6.90	6.90	4.46	2.44	3.62	3.60	5.24	2.66	1.92	0.49	1.77	1.31	3.13	2.43	0.00
74.00	7.80	6.90	6.90	0.85	3.94	5.70	4.07	5.37	0.05	0.00	0.00	4.27	0.22	3.90	3.45	0.00
75.00	7.80	6.90	6.90	0.74	1.77	5.46	5.41	5.23	3.04	3.70	0.05	2.59	1.91	1.79	1.39	0.00
76.00	7.81	6.90	6.90	2.70	2.43	5.70	5.39	5.52	0.00	1.74	1.20	0.47	0.42	3.73	3.45	0.00
77.00	7.80	6.90	6.90	0.21	1.66	4.79	3.14	3.57	2.53	2.73	0.35	0.82	1.58	3.86	1.83	0.00
78.00	7.81	6.90	6.90	1.99	3.63	5.70	4.78	4.47	4.77	4.58	0.00	0.00	0.97	1.55	1.90	0.00
79.00	7.80	6.90	6.90	1.19	0.85	5.65	2.25	4.03	1.71	4.07	1.32	0.00	0.31	3.87	1.33	0.00
10.2.1.2	7.95	8.09
10.2.1.3	7.03	9.04
10.2.1.4	7.03	21.98
10.1.1.13	0.97	109534.63
10.1.1.4	1.96	71217.83
10.1.1.5	1.71	99568.96
10.1.1.14	2.93	21450.22
10.1.1.6	5.21	13273.90
10.1.1.7	4.10	24889.53
10.1.1.8	4.93	9371.77
10.1.1.9	2.10	100292.48
10.1.1.10	2.20	68777.44
10.1.1.11	0.76	242247.40
10.1.1.15	2.47	49204.28
10.1.1.16	0.04	1020961.67
10.1.1.12	1.90	116227.04
