Waf: Entering directory `/home/synrg-sc1/Desktop/Jiaming/ns-3.29-mesh/build'
Waf: Leaving directory `/home/synrg-sc1/Desktop/Jiaming/ns-3.29-mesh/build'
Build commands will be stored in build/compile_commands.json
'build' finished successfully (4.788s)
CreateVariables () DONE !!!
Creating 13 APs 50.00 m apart.
CreateApNodes () DONE !!!
Creating 0 CLs 20.00 m away from each AP.
CreateClNodes () DONE !!!
CreateNodes () DONE !!!
CreateMeshDevices () DONE !!!
CreateWifiDevices () DONE !!!
CreateCsmaDevices () DONE !!!
CreateDevices () DONE !!!
InstallInternetStack () DONE !!!
Gateway is connect to AP 0
InstallApplications () DONE !!!
Starting simulation for 80.00 s ...
-------------------------------------------------
Time[s]	ap-0	ap-1	ap-2	ap-3	ap-4	ap-5	ap-6	ap-7	ap-8	ap-9	ap-10	ap-11	ap-12
2.00	0.00	0.00	0.00	0.00	0.00	0.00	0.00	0.00	0.00	0.00	0.00	0.00	0.00
3.00	8.30	0.00	0.00	0.00	0.00	0.00	0.00	0.00	0.00	0.00	0.00	0.00	0.00
4.00	9.00	0.00	0.00	0.00	0.00	0.00	0.00	0.00	0.00	0.00	0.00	0.00	0.00
5.00	9.01	0.00	3.21	1.73	3.74	3.36	3.10	2.06	0.00	3.09	3.71	1.83	2.06
6.00	9.00	2.83	6.99	0.71	4.07	5.72	0.71	3.76	0.00	4.55	2.67	2.14	2.20
7.00	9.00	6.15	2.87	1.06	0.93	5.51	0.49	5.05	3.44	3.17	4.77	0.01	0.59
8.00	9.00	3.71	2.51	0.79	2.48	2.47	0.00	4.92	2.37	1.40	1.87	0.07	3.00
9.00	9.01	4.02	7.04	1.85	6.04	0.00	0.26	5.38	2.74	5.11	3.85	0.52	2.79
10.00	9.00	6.92	6.90	0.00	6.30	0.00	1.25	5.42	5.10	5.10	4.80	0.13	2.50
11.00	9.00	2.34	5.51	2.04	4.88	2.53	0.32	4.93	4.29	1.74	2.46	2.37	2.85
12.00	9.00	0.25	2.45	1.77	5.76	5.68	0.33	4.70	5.06	1.11	3.73	3.27	1.07
13.00	9.01	1.30	5.65	0.11	2.28	3.56	3.63	1.87	4.20	4.93	1.99	2.07	2.59
14.00	9.00	1.98	1.60	0.00	1.19	4.40	0.98	3.53	3.64	3.10	2.74	1.48	0.66
15.00	9.00	4.59	5.11	0.37	0.51	0.57	0.49	5.28	2.67	1.88	4.63	2.91	2.16
16.00	9.00	0.00	6.90	0.00	3.69	2.84	0.00	5.41	1.48	0.93	4.79	1.10	2.74
17.00	9.01	0.49	3.93	0.95	5.06	0.37	0.00	4.93	1.08	2.68	4.52	0.41	1.38
18.00	9.00	4.20	0.68	0.00	5.61	5.95	0.00	5.08	0.00	3.58	4.85	0.04	2.76
19.00	9.00	5.00	6.54	0.52	1.70	2.92	0.48	2.00	1.99	1.87	4.33	1.58	2.71
20.00	9.01	6.83	3.42	2.04	5.66	5.70	3.00	2.43	4.02	5.10	4.80	1.68	2.67
21.00	9.00	3.20	1.51	0.49	5.51	4.24	1.28	3.49	3.69	4.03	2.05	0.58	2.54
22.00	9.00	4.03	3.65	1.60	6.25	5.70	0.75	5.31	2.76	4.82	1.17	2.77	2.92
23.00	9.00	0.61	3.74	0.00	2.97	2.86	0.00	1.57	1.19	1.61	4.56	0.53	0.21
24.00	9.01	2.46	6.36	0.49	2.65	0.25	0.08	4.22	1.51	2.54	2.68	0.89	2.01
25.00	9.00	3.00	6.32	0.35	6.30	0.00	0.49	5.41	3.31	1.22	1.67	2.78	2.96
26.00	9.00	2.54	4.37	3.50	5.63	5.42	0.00	5.39	1.35	2.11	4.15	0.68	2.97
27.00	9.00	2.21	3.54	0.35	5.41	5.24	0.00	1.52	0.18	3.86	2.28	2.20	2.74
28.00	9.01	1.58	6.70	4.76	6.22	4.36	0.00	2.40	0.00	4.92	2.91	2.33	2.61
29.00	9.00	4.00	5.52	2.61	6.03	3.12	0.00	5.42	3.43	2.23	2.00	1.18	2.74
30.00	9.00	0.00	5.52	0.18	5.75	5.18	0.00	5.41	5.12	4.56	4.80	0.00	2.06
31.00	9.00	5.19	5.49	1.20	3.97	4.49	0.00	2.37	3.71	3.06	3.44	1.99	3.21
32.00	9.01	2.47	6.54	1.21	5.08	1.78	0.00	4.75	4.86	0.40	4.20	2.33	3.00
33.00	9.00	0.00	6.45	0.00	6.30	1.97	0.00	5.39	2.25	4.27	4.80	3.60	1.51
34.00	9.00	2.07	6.82	1.19	6.30	2.67	0.00	5.41	4.36	4.79	4.73	3.59	2.60
35.00	9.01	6.34	3.20	0.52	4.99	4.73	0.00	4.70	4.79	2.47	4.68	2.77	2.96
36.00	9.00	1.04	5.24	0.98	2.90	1.02	0.00	2.74	2.13	2.64	4.51	0.06	2.34
37.00	9.00	2.10	6.78	3.42	5.42	3.17	0.47	5.36	2.53	2.37	4.80	0.00	2.92
38.00	9.00	2.26	6.34	4.83	6.29	5.41	1.67	5.13	0.52	4.35	3.32	0.00	2.77
39.00	9.01	3.62	1.58	1.67	2.89	5.44	0.19	5.48	3.05	0.87	4.32	2.11	2.34
40.00	9.00	6.90	0.05	0.73	1.34	5.70	0.84	5.39	5.10	1.45	4.80	3.60	3.00
41.00	9.00	3.12	4.10	0.84	5.83	1.55	0.00	5.28	2.28	0.64	2.81	2.24	0.93
42.00	9.00	2.72	5.66	3.07	6.30	5.90	0.00	5.16	2.39	1.78	2.83	0.81	2.38
43.00	9.01	1.72	2.36	0.66	4.73	3.93	2.13	4.58	0.87	1.14	3.90	0.00	2.71
44.00	9.00	1.37	3.70	1.78	6.22	0.31	4.02	4.80	1.44	4.72	4.89	2.47	2.51
45.00	9.00	2.97	2.32	0.62	0.71	2.08	0.26	1.95	1.84	4.53	3.06	1.33	2.84
46.00	9.00	3.26	1.75	0.57	1.80	5.86	2.48	1.30	1.11	4.00	2.13	0.00	1.32
47.00	9.01	2.74	2.44	0.01	3.54	2.31	1.40	2.73	1.37	1.08	2.98	0.00	1.10
48.00	9.00	1.19	2.50	0.44	6.25	1.51	0.00	4.42	2.50	3.09	3.58	1.70	2.93
49.00	9.00	0.67	6.58	1.52	6.35	5.71	3.03	5.41	1.64	1.40	4.83	0.91	2.65
50.00	9.01	2.08	3.32	1.39	3.86	2.64	0.49	2.83	2.20	1.72	4.47	0.00	3.24
51.00	9.00	5.43	6.14	3.09	2.54	3.04	1.41	5.15	2.13	2.61	2.40	0.00	3.00
52.00	9.00	2.52	1.37	0.00	6.87	5.52	2.31	5.15	2.90	2.31	4.44	2.30	3.00
53.00	9.00	3.27	6.92	2.12	5.88	5.70	2.70	2.56	4.62	4.55	2.10	3.17	2.38
54.00	9.01	5.94	6.08	0.64	0.49	5.70	0.00	2.28	4.26	3.90	1.85	2.50	1.75
55.00	9.00	3.10	2.94	2.78	5.22	4.99	0.52	2.57	3.12	2.83	2.74	3.01	1.86
56.00	9.00	2.48	6.64	1.18	6.30	5.70	1.17	0.00	2.18	5.58	1.28	0.92	3.19
57.00	9.00	2.85	4.75	0.01	4.69	4.12	0.08	1.73	0.00	2.60	3.54	0.65	2.18
58.00	9.01	3.42	6.69	0.55	4.36	1.28	4.42	0.13	0.38	2.24	2.33	0.91	2.32
59.00	9.00	1.18	6.88	0.01	4.91	1.47	0.00	5.06	0.00	1.47	1.04	0.00	2.86
60.00	9.00	2.77	6.89	2.05	5.02	0.64	0.86	5.39	2.58	1.34	3.23	2.79	3.00
61.00	9.00	2.07	2.31	0.26	3.70	0.42	0.00	3.86	2.23	1.65	2.08	0.73	1.85
62.00	9.01	2.39	0.00	0.54	3.06	2.13	0.00	1.07	0.00	1.01	1.61	0.05	0.41
63.00	9.00	3.89	4.05	2.89	4.07	1.80	1.53	3.90	1.63	2.90	3.85	0.26	2.12
64.00	9.00	3.91	3.63	3.56	6.48	4.93	0.00	5.39	2.37	4.19	4.70	0.01	3.00
65.00	9.01	1.73	6.90	4.65	6.14	5.73	0.00	3.58	1.63	3.03	4.62	0.22	2.52
66.00	9.00	5.24	3.85	2.08	5.84	5.70	0.55	6.02	0.49	0.05	4.80	1.18	2.33
67.00	9.00	0.00	1.79	0.08	3.79	3.36	1.63	2.92	3.29	1.59	2.31	0.00	1.48
68.00	9.00	4.09	4.40	1.26	6.30	5.70	3.71	2.78	3.72	4.72	4.58	2.34	2.05
69.00	9.01	6.28	3.09	0.00	5.46	4.47	2.00	4.53	1.25	0.65	2.57	0.33	2.28
70.00	9.00	4.15	2.66	0.18	5.29	5.68	0.24	3.27	1.94	0.00	1.08	0.01	2.64
71.00	9.00	5.94	1.77	1.97	6.34	5.28	0.06	5.41	0.00	0.57	1.40	0.00	2.61
72.00	9.00	6.69	5.36	2.50	5.63	2.38	1.92	4.13	2.11	4.49	2.48	0.00	2.73
73.00	9.01	2.47	6.83	1.04	6.30	4.30	5.70	2.59	1.48	5.11	4.89	0.00	2.99
74.00	9.00	3.65	3.91	1.47	5.26	5.70	2.73	3.26	3.72	3.45	2.67	0.88	2.11
75.00	9.00	1.67	3.57	1.74	6.35	4.27	0.95	4.68	4.23	4.24	3.39	0.47	3.01
76.00	9.00	0.00	6.90	0.00	6.30	5.32	0.04	0.75	5.11	5.11	0.16	0.00	3.00
77.00	9.01	2.14	4.04	1.72	2.13	4.90	0.07	2.60	1.30	1.65	2.73	0.59	2.51
78.00	9.00	2.03	3.31	0.85	6.36	2.34	0.86	1.54	2.39	3.49	4.40	0.09	2.96
79.00	9.00	1.94	3.65	0.51	6.45	5.17	5.38	3.40	2.85	5.18	4.22	0.08	2.93
10.2.1.2	9.17	8.63
10.1.1.8	3.95	25994.68
10.1.1.11	3.44	52105.83
10.1.1.2	3.11	81797.03
10.1.1.3	4.52	31665.95
10.1.1.4	1.29	138228.92
10.1.1.5	4.81	12257.98
10.1.1.6	3.76	26073.32
10.1.1.7	1.05	99626.60
10.1.1.12	1.21	129537.92
10.1.1.9	2.55	55238.60
10.1.1.10	2.91	57708.61
10.1.1.13	2.44	12060.51
