Waf: Entering directory `/home/synrg-sc1/Desktop/Jiaming/ns-3.29-mesh/build'
Waf: Leaving directory `/home/synrg-sc1/Desktop/Jiaming/ns-3.29-mesh/build'
Build commands will be stored in build/compile_commands.json
'build' finished successfully (4.740s)
CreateVariables () DONE !!!
Creating 13 APs 50.00 m apart.
CreateApNodes () DONE !!!
Creating 0 CLs 20.00 m away from each AP.
CreateClNodes () DONE !!!
CreateNodes () DONE !!!
CreateMeshDevices () DONE !!!
CreateWifiDevices () DONE !!!
CreateCsmaDevices () DONE !!!
CreateDevices () DONE !!!
InstallInternetStack () DONE !!!
Gateway is connect to AP 0
InstallApplications () DONE !!!
Starting simulation for 80.00 s ...
-------------------------------------------------
Time[s]	ap-0	ap-1	ap-2	ap-3	ap-4	ap-5	ap-6	ap-7	ap-8	ap-9	ap-10	ap-11	ap-12
2.00	0.00	0.00	0.00	0.00	0.00	0.00	0.00	0.00	0.00	0.00	0.00	0.00	0.00
3.00	6.43	6.41	0.00	0.00	0.00	0.00	0.00	0.00	0.00	0.00	0.00	0.00	0.00
4.00	8.40	8.40	0.00	0.00	0.00	0.00	0.00	0.00	0.00	0.00	0.00	0.00	0.00
5.00	8.41	8.41	2.10	1.18	3.50	0.58	3.80	0.89	0.00	2.44	4.33	1.51	0.00
6.00	8.40	8.40	0.00	0.00	2.73	1.37	4.50	0.00	2.23	4.93	3.44	4.31	0.00
7.00	8.40	8.40	0.00	0.00	6.19	0.65	6.01	0.00	5.41	1.59	1.15	4.79	0.04
8.00	8.41	8.41	0.00	0.00	6.30	0.00	5.99	0.00	5.39	3.92	6.47	4.80	0.00
9.00	8.40	8.40	0.00	0.00	6.30	0.86	5.91	0.00	5.41	5.31	5.41	4.79	0.00
10.00	8.40	8.40	0.00	0.00	6.30	0.75	6.01	0.00	5.39	5.39	5.36	4.80	0.00
11.00	8.41	8.41	0.00	0.00	2.30	1.37	5.99	0.00	5.41	2.33	4.91	4.30	0.00
12.00	8.40	8.40	0.00	0.00	5.83	6.12	6.01	0.00	5.41	0.08	5.39	4.80	0.00
13.00	8.40	8.40	0.00	0.00	6.30	5.41	6.01	0.00	5.39	1.10	5.41	4.80	0.00
14.00	8.41	8.41	0.00	0.00	6.30	1.05	5.99	0.00	5.39	5.48	0.92	4.79	0.00
15.00	8.40	8.40	0.00	0.00	6.30	1.73	6.01	0.00	5.41	5.41	2.17	4.80	0.00
16.00	8.40	8.40	0.00	0.00	6.30	0.25	5.98	0.00	5.39	5.39	5.41	4.80	0.00
17.00	8.41	8.41	0.00	0.00	6.30	2.56	6.01	0.00	5.41	3.86	5.39	4.79	0.00
18.00	8.40	8.40	0.00	0.00	6.23	5.37	5.95	0.00	5.41	3.07	5.41	4.79	0.00
19.00	8.40	8.40	0.00	0.00	6.19	0.12	5.63	0.00	5.32	2.86	5.39	4.80	0.00
20.00	8.40	8.40	0.00	0.00	6.04	0.05	5.99	0.00	5.16	1.60	5.41	4.80	0.00
21.00	8.41	8.41	0.00	0.00	6.17	0.00	6.01	0.00	5.35	0.27	5.33	4.80	0.00
22.00	8.40	8.40	0.00	0.00	6.30	0.00	5.99	0.00	5.41	0.00	5.41	4.79	0.00
23.00	8.40	8.40	0.00	0.00	6.28	0.00	6.01	0.00	5.41	0.69	5.32	4.78	0.00
24.00	8.41	8.41	0.00	0.00	6.32	1.40	5.97	0.00	5.39	1.05	5.33	4.76	0.00
25.00	8.40	8.40	0.00	0.00	5.16	2.87	4.65	0.00	5.05	3.04	1.64	4.80	0.00
26.00	8.40	8.40	0.00	0.00	6.28	6.30	5.99	0.00	5.39	5.41	5.39	4.80	0.00
27.00	8.41	8.41	0.00	0.00	6.30	4.90	5.98	0.00	5.38	3.89	5.32	4.78	0.00
28.00	8.40	8.40	0.00	0.00	6.21	6.24	6.02	0.00	5.42	5.39	5.39	4.80	0.00
29.00	8.40	8.40	0.00	0.00	1.95	2.39	2.96	0.00	5.41	3.40	5.33	3.76	0.00
30.00	8.41	8.41	0.00	0.00	5.16	1.75	4.38	0.00	5.39	3.17	2.65	1.55	0.00
31.00	8.40	8.40	0.00	0.00	5.61	1.00	3.24	0.00	4.96	0.25	0.68	3.98	0.00
32.00	8.40	8.40	0.00	0.00	6.29	3.27	5.99	0.00	5.39	0.00	2.71	4.79	0.00
33.00	8.41	8.41	0.00	0.00	6.31	1.18	6.01	0.00	5.41	0.69	2.30	4.80	0.00
34.00	8.40	8.40	0.00	0.00	6.29	0.54	5.99	0.00	5.41	5.36	5.38	4.79	0.00
35.00	8.40	8.40	0.00	0.00	6.31	0.41	6.01	0.00	5.39	1.00	3.54	4.23	0.00
36.00	8.41	8.41	0.00	0.00	6.29	2.80	5.99	0.00	5.41	5.39	5.41	4.80	0.00
37.00	8.40	8.40	0.00	0.00	5.85	0.47	5.89	0.00	5.30	2.92	5.13	4.50	0.00
38.00	8.40	8.40	0.00	0.00	6.21	0.75	5.99	0.00	5.30	5.41	5.39	4.80	0.00
39.00	8.40	8.40	0.00	0.00	4.62	0.00	6.01	0.00	3.06	1.98	4.35	4.72	0.00
40.00	8.41	8.41	0.00	0.00	6.21	2.79	5.98	0.00	5.41	1.30	3.69	4.79	0.00
41.00	8.40	8.40	0.00	0.00	6.04	2.41	5.95	0.00	5.39	1.27	6.51	4.80	0.00
42.00	8.40	8.40	0.00	0.00	4.80	1.73	5.62	0.00	5.41	4.78	0.53	4.79	0.00
43.00	8.41	8.41	0.00	0.00	6.30	0.01	6.01	0.00	5.41	5.41	0.68	4.80	0.00
44.00	8.40	8.40	0.00	0.00	6.30	0.00	5.99	0.00	5.41	5.39	0.00	4.80	0.00
45.00	8.40	8.40	0.00	0.00	6.30	0.00	6.01	0.00	5.39	5.41	0.33	4.79	0.00
46.00	8.41	8.41	0.00	0.00	6.30	6.29	5.99	0.00	5.41	5.39	5.41	4.80	0.00
47.00	8.40	8.40	0.00	0.00	6.29	2.43	4.75	0.00	5.31	5.41	4.43	4.79	0.00
48.00	8.40	8.40	0.00	0.00	6.30	6.30	5.99	0.00	5.39	5.39	5.41	4.80	0.00
49.00	8.41	8.41	0.00	0.00	6.06	4.96	6.01	0.00	5.08	5.41	5.39	4.71	0.00
50.00	8.40	8.40	0.00	0.00	6.30	0.00	5.99	0.00	5.41	5.39	5.39	4.79	0.00
51.00	8.40	8.40	0.00	0.00	5.65	0.49	5.69	0.00	4.52	3.62	4.63	3.78	0.00
52.00	8.41	8.41	0.00	0.00	6.25	0.04	5.92	0.00	5.37	5.32	5.38	4.78	0.00
53.00	8.40	8.40	0.00	0.00	6.12	2.00	5.92	0.00	5.17	1.48	5.38	4.73	0.00
54.00	8.40	8.40	0.00	0.00	6.17	0.02	5.99	0.00	5.41	1.53	5.39	4.80	0.00
55.00	8.41	8.41	0.00	0.00	5.94	0.60	3.54	0.00	4.00	4.64	5.41	4.25	0.00
56.00	8.40	8.40	0.00	0.00	6.31	0.04	6.44	0.00	5.41	5.41	5.41	4.80	0.00
57.00	8.40	8.40	0.00	0.00	6.29	0.00	6.01	0.00	5.39	5.39	5.41	4.80	0.00
58.00	8.40	8.40	0.00	0.00	6.30	0.62	6.01	0.00	5.41	5.41	2.33	4.79	0.00
59.00	8.41	8.41	0.00	0.00	6.30	5.13	5.88	0.00	5.41	5.29	1.68	4.79	0.00
60.00	8.40	8.40	0.00	0.00	5.28	0.48	5.58	0.00	5.39	1.99	5.39	4.70	0.00
61.00	8.40	8.40	0.00	0.00	6.30	0.00	5.99	0.00	5.41	5.39	5.41	4.79	0.00
62.00	8.41	8.41	0.00	0.00	6.29	6.17	6.01	0.00	5.39	1.27	5.39	4.80	0.00
63.00	8.40	8.40	0.00	0.00	6.31	1.87	5.88	0.00	5.23	3.13	5.41	3.23	0.00
64.00	8.40	8.40	0.00	0.00	6.29	2.54	6.01	0.00	5.39	2.17	5.39	4.18	0.00
65.00	8.41	8.41	0.00	0.00	6.31	6.30	5.99	0.00	5.41	0.07	5.41	4.79	0.00
66.00	8.40	8.40	0.00	0.00	4.68	6.23	6.01	0.00	5.32	0.09	5.35	4.80	0.00
67.00	8.40	8.40	0.00	0.00	6.12	0.26	2.43	0.00	5.15	0.01	2.57	4.80	0.00
68.00	8.41	8.41	0.00	0.00	6.08	5.06	5.83	0.00	5.33	0.22	3.45	4.79	0.00
69.00	8.40	8.40	0.00	0.00	2.91	5.53	5.78	0.00	5.39	2.39	1.48	4.80	0.00
70.00	8.40	8.40	0.00	0.00	5.05	6.30	5.99	0.00	5.39	5.41	5.41	4.79	0.00
71.00	8.41	8.41	0.00	0.00	6.28	2.08	6.01	0.00	4.84	4.27	3.29	3.84	0.00
72.00	8.40	8.40	0.00	0.00	6.30	0.42	6.01	0.00	5.39	0.13	5.25	0.22	0.00
73.00	8.40	8.40	0.00	0.00	5.31	0.28	5.99	0.00	3.00	2.85	4.62	3.56	0.00
74.00	8.41	8.41	0.00	0.00	5.77	0.00	6.01	0.00	3.79	5.41	5.41	3.77	0.00
75.00	8.40	8.40	0.00	0.00	6.23	0.00	5.96	0.00	5.41	5.41	4.98	4.77	0.00
76.00	8.40	8.40	0.00	0.00	6.30	0.00	6.01	0.00	5.39	5.38	5.41	4.80	0.00
77.00	8.40	8.40	0.00	0.00	6.22	2.66	3.80	0.00	5.41	2.78	4.26	4.29	0.00
78.00	8.41	8.41	0.00	0.00	6.30	6.30	4.23	0.00	5.39	0.14	5.25	3.42	0.00
79.00	8.40	8.40	0.00	0.00	6.24	5.24	5.99	0.00	5.41	0.45	5.32	4.76	0.00
10.2.1.2	8.56	8.28
10.2.1.3	8.56	21.86
10.1.1.9	5.29	3735.90
10.1.1.10	3.30	43077.70
10.1.1.11	4.46	18226.04
10.1.1.4	6.20	9090.73
10.1.1.5	5.97	4162.25
10.1.1.6	2.21	77036.96
10.1.1.3	3.05	267528.25
10.1.1.12	4.58	8092.61
10.1.1.8	2.23	216627.01
10.1.1.13	476.27	2017349.00
10.1.1.7	5.78	5812.06
