Waf: Entering directory `/home/synrg-sc1/Desktop/Jiaming/ns-3.29-mesh/build'
Waf: Leaving directory `/home/synrg-sc1/Desktop/Jiaming/ns-3.29-mesh/build'
Build commands will be stored in build/compile_commands.json
'build' finished successfully (4.811s)
CreateVariables () DONE !!!
Creating 23 APs 50.00 m apart.
CreateApNodes () DONE !!!
Creating 0 CLs 20.00 m away from each AP.
CreateClNodes () DONE !!!
CreateNodes () DONE !!!
CreateMeshDevices () DONE !!!
CreateWifiDevices () DONE !!!
CreateCsmaDevices () DONE !!!
CreateDevices () DONE !!!
InstallInternetStack () DONE !!!
Gateway is connect to AP 0
InstallApplications () DONE !!!
Starting simulation for 80.00 s ...
-------------------------------------------------
Time[s]	ap-0	ap-1	ap-2	ap-3	ap-4	ap-5	ap-6	ap-7	ap-8	ap-9	ap-10	ap-11	ap-12	ap-13	ap-14	ap-15	ap-16	ap-17	ap-18	ap-19	ap-20	ap-21	ap-22
2.00	0.00	0.00	0.00	0.00	0.00	0.00	0.00	0.00	0.00	0.00	0.00	0.00	0.00	0.00	0.00	0.00	0.00	0.00	0.00	0.00	0.00	0.00	0.00
3.00	7.24	6.24	0.00	0.00	0.00	0.00	0.00	0.00	0.00	0.00	0.00	0.00	0.00	0.00	0.00	0.00	0.00	0.00	0.00	0.00	0.00	0.00	0.00
4.00	8.70	7.50	0.00	0.00	0.00	0.00	0.00	0.00	0.00	0.00	0.00	0.00	0.00	0.00	0.00	0.00	0.00	0.00	0.00	0.00	0.00	0.00	0.00
5.00	8.70	7.50	2.40	0.00	0.04	0.49	0.04	0.04	2.14	1.50	2.39	2.26	0.04	0.04	0.04	0.04	0.04	0.78	0.00	0.55	0.81	1.32	0.00
6.00	8.69	7.50	3.91	3.49	0.49	5.61	1.95	2.25	1.80	1.24	0.55	2.07	0.00	0.00	0.00	0.97	0.25	0.60	0.04	0.22	0.04	0.12	0.06
7.00	8.70	7.50	4.10	2.98	0.60	1.64	2.89	4.00	1.68	0.40	0.00	0.71	0.37	0.00	0.00	1.48	0.41	0.05	0.00	0.00	0.18	0.21	0.25
8.00	8.70	7.50	5.15	3.85	1.55	2.85	4.95	1.55	0.99	0.39	1.01	0.71	0.35	1.44	0.00	1.81	0.86	1.07	0.00	0.04	0.00	0.54	0.18
9.00	8.70	7.50	4.76	1.75	0.04	3.78	2.86	2.84	1.28	0.02	1.15	0.15	1.55	0.34	0.00	1.35	0.51	0.42	0.26	0.11	0.65	0.13	0.00
10.00	8.70	7.49	0.42	3.84	0.12	2.78	4.29	2.79	3.21	0.79	0.48	0.21	1.07	1.25	0.00	1.06	2.21	0.77	0.19	0.32	0.53	0.18	0.13
11.00	8.69	7.50	4.32	2.84	0.02	0.49	1.64	3.52	0.00	0.49	0.08	0.99	1.77	0.22	0.00	1.55	0.02	0.11	0.00	1.02	0.75	0.22	0.27
12.00	8.70	7.50	2.54	3.05	0.00	1.51	6.19	3.73	0.00	2.28	1.66	1.74	1.08	2.23	0.00	2.18	2.37	0.33	0.04	0.19	0.07	0.77	1.10
13.00	8.70	7.50	4.19	4.04	0.97	3.40	4.69	1.85	0.00	0.57	0.67	0.49	2.17	1.01	0.00	1.88	0.25	0.49	0.00	0.51	0.54	0.00	0.15
14.00	8.70	7.50	2.04	5.18	0.00	0.00	4.91	3.54	0.55	2.61	1.52	0.49	2.19	1.17	0.00	1.73	0.54	2.52	0.49	0.88	0.00	0.00	0.00
15.00	8.70	7.50	2.52	2.31	0.64	2.64	4.60	1.48	2.19	1.31	0.00	2.16	0.18	1.66	0.00	0.39	1.06	0.35	0.49	0.00	0.22	0.54	0.00
16.00	8.69	7.50	3.37	4.72	0.00	4.50	4.62	3.94	1.63	0.49	0.20	0.00	0.74	2.04	0.00	1.57	0.58	0.66	0.27	0.00	0.06	0.08	0.58
17.00	8.70	7.50	1.67	2.38	0.71	1.48	0.85	3.58	0.01	0.00	0.94	0.15	2.46	2.34	0.00	1.87	1.25	0.35	0.45	0.00	0.00	0.09	0.34
18.00	8.70	7.50	2.83	3.42	1.02	5.29	5.72	1.93	4.13	1.27	0.00	1.34	0.64	0.07	0.00	2.56	0.64	0.88	0.02	0.99	0.00	0.48	0.06
19.00	8.70	7.49	4.02	2.50	0.00	1.66	3.19	2.87	1.59	1.30	0.25	0.08	2.04	2.13	0.00	2.01	0.78	0.05	0.00	0.16	1.01	0.35	0.78
20.00	8.70	7.50	3.46	4.03	0.00	3.06	2.39	2.99	2.54	0.84	0.66	0.13	1.18	0.95	0.00	1.92	0.00	0.31	0.00	0.09	1.12	0.37	0.92
21.00	8.69	7.50	3.19	4.59	0.15	3.16	4.27	2.17	2.50	0.00	0.47	0.49	2.76	1.13	0.00	2.36	0.08	0.01	0.00	0.00	0.58	0.44	0.00
22.00	8.70	7.50	1.70	2.70	0.42	4.86	3.42	3.37	2.21	0.13	0.47	1.28	1.90	1.28	0.00	2.40	0.75	0.18	0.27	1.37	1.10	0.38	0.60
23.00	8.70	7.50	3.53	2.97	0.48	5.63	3.82	2.91	2.37	0.12	1.37	0.11	0.28	1.25	0.00	0.91	1.55	1.71	0.00	0.00	0.53	0.27	0.00
24.00	8.70	7.50	1.79	3.45	0.00	3.04	3.80	5.00	2.78	0.28	0.00	1.70	2.98	1.92	0.00	1.22	1.68	1.61	0.94	0.00	0.14	0.40	0.00
25.00	8.69	7.50	5.72	0.26	1.42	4.55	2.63	3.85	1.97	1.17	0.31	0.48	0.13	0.15	0.00	0.12	1.01	0.02	0.00	0.79	0.08	0.02	0.00
26.00	8.70	7.50	4.16	1.53	0.47	1.72	3.90	2.16	2.53	0.92	0.46	0.08	0.47	0.39	0.00	0.79	1.07	1.60	0.00	0.28	0.07	0.31	0.04
27.00	8.70	7.50	4.78	3.19	0.02	2.98	1.88	3.74	2.87	1.01	0.07	0.74	0.33	1.61	0.00	3.16	0.08	0.52	0.00	0.85	1.07	1.47	0.00
28.00	8.70	7.49	1.68	4.83	2.06	1.07	5.13	4.06	4.49	0.01	1.59	1.18	3.07	1.64	0.00	2.59	0.01	0.49	1.38	0.86	1.13	1.26	0.37
29.00	8.70	7.50	5.76	5.26	0.00	1.90	3.65	3.20	3.07	0.00	1.72	0.79	0.77	1.67	0.00	0.47	1.70	1.86	0.64	0.00	1.40	0.00	0.79
30.00	8.69	7.50	5.42	2.48	0.85	0.77	5.26	4.97	2.78	0.28	0.00	1.88	2.24	1.28	0.00	1.11	0.52	0.00	0.34	0.00	0.26	0.58	0.59
31.00	8.70	7.50	2.89	4.86	0.51	4.45	3.39	2.40	0.44	3.18	0.99	0.13	0.15	0.07	0.00	2.73	0.09	0.00	0.06	0.19	0.00	0.19	0.00
32.00	8.70	7.50	1.70	5.55	1.41	4.00	5.55	5.48	1.13	3.72	0.37	0.58	4.33	2.16	0.00	2.78	0.78	1.53	0.42	0.46	1.05	0.01	0.29
33.00	8.70	7.50	2.25	1.77	2.14	2.24	5.43	2.89	1.91	1.93	0.08	0.19	1.92	3.33	0.00	2.03	0.07	0.00	0.00	0.00	0.34	0.06	0.00
34.00	8.70	7.50	4.96	4.58	1.87	0.31	5.09	2.59	3.47	1.17	0.00	0.25	1.78	1.32	0.00	3.37	0.95	0.62	0.11	0.06	0.89	0.31	0.29
35.00	8.69	7.50	1.34	4.32	0.00	4.88	2.07	1.67	1.45	0.68	1.21	0.27	2.16	1.21	0.00	2.25	0.19	1.77	0.07	0.38	0.98	0.19	0.78
36.00	8.70	7.50	2.90	2.67	0.49	1.78	3.67	2.11	1.01	0.00	0.24	0.69	1.28	0.00	0.00	1.90	0.07	1.45	0.00	0.07	1.06	0.40	0.00
37.00	8.70	7.49	6.02	2.68	0.31	3.51	3.74	2.98	1.20	1.98	0.04	0.61	1.13	0.04	0.00	0.91	0.22	0.98	0.00	0.11	1.53	0.04	0.00
38.00	8.70	7.50	1.37	5.39	3.16	4.42	4.04	2.40	2.03	0.49	1.00	0.58	3.79	1.19	0.00	2.73	0.00	0.59	0.00	2.08	2.50	0.00	0.04
39.00	8.70	7.50	3.37	3.82	0.00	2.34	5.03	3.72	3.26	0.00	0.00	1.27	1.88	1.06	0.00	0.18	0.51	0.59	0.00	0.12	0.52	0.07	0.49
40.00	8.69	7.50	3.33	1.80	1.31	3.99	4.04	1.72	4.50	1.71	0.57	2.01	1.34	1.97	0.00	1.42	1.24	1.14	0.01	0.54	0.55	0.12	0.18
41.00	8.70	7.50	4.10	0.89	0.35	0.49	3.52	4.58	1.48	0.84	1.71	1.30	0.32	0.00	0.00	1.24	0.08	1.15	0.37	0.21	0.88	0.00	1.34
42.00	8.70	7.50	6.23	4.97	0.99	2.04	5.53	3.05	4.33	0.20	1.39	2.81	1.39	1.77	0.00	3.69	0.12	0.95	1.42	0.02	1.20	0.00	0.29
43.00	8.70	7.50	0.68	2.04	0.00	1.84	3.69	2.79	0.49	0.00	0.25	0.49	1.14	0.42	0.00	2.16	0.08	0.00	0.00	0.05	1.14	0.58	0.51
44.00	8.70	7.50	4.06	3.14	0.19	4.57	1.84	4.98	2.37	0.00	0.72	1.81	2.47	2.08	0.00	2.86	1.20	0.59	0.29	0.06	1.30	0.42	1.13
45.00	8.69	7.50	1.68	1.19	0.00	2.16	3.07	2.07	2.41	1.71	1.18	0.67	0.37	1.44	0.00	1.86	0.34	1.24	0.02	0.00	1.05	1.15	0.00
46.00	8.70	7.49	4.82	3.01	0.49	1.28	3.77	2.38	1.48	2.00	0.46	0.21	1.80	1.12	0.00	1.71	0.00	0.34	0.69	0.35	0.37	0.69	0.31
47.00	8.70	7.50	5.17	3.52	0.61	1.28	5.11	4.13	2.93	0.55	0.04	1.33	2.67	1.31	0.00	1.83	0.15	1.02	0.19	0.18	0.02	0.02	0.00
48.00	8.70	7.50	2.96	3.43	1.14	1.73	4.52	4.29	2.19	0.34	1.90	0.31	1.94	0.00	0.00	2.17	1.05	1.12	1.20	0.98	0.78	0.00	0.00
49.00	8.69	7.50	1.10	1.41	1.37	0.04	4.26	2.28	1.83	0.00	0.07	0.67	0.77	2.50	0.00	3.58	0.61	0.09	0.49	0.34	0.00	0.49	0.00
50.00	8.70	7.50	3.90	5.32	2.71	0.39	4.00	1.39	1.75	0.01	0.05	1.86	1.52	2.19	0.00	1.45	1.19	0.19	0.00	0.35	0.40	0.20	0.06
51.00	8.70	7.50	1.94	2.74	0.00	1.06	4.11	3.92	1.81	0.74	0.00	0.64	2.41	1.67	0.00	1.32	1.04	0.80	0.99	0.00	0.93	0.00	0.00
52.00	8.70	7.50	5.32	4.11	0.05	4.42	5.71	0.49	1.30	0.47	0.28	1.44	1.12	1.31	0.00	1.33	0.80	0.25	0.00	0.00	0.40	0.02	0.46
53.00	8.70	7.50	1.31	3.49	1.02	0.91	4.53	3.62	2.07	1.78	0.79	1.28	0.95	0.00	0.00	1.92	1.91	0.00	0.99	0.12	1.12	0.49	0.35
54.00	8.69	7.50	3.09	1.97	0.98	3.67	5.42	4.44	1.32	0.00	0.93	2.37	0.49	2.77	0.00	1.61	1.24	0.72	0.00	0.00	0.72	0.72	0.00
55.00	8.70	7.49	3.58	3.05	0.59	1.44	1.52	1.58	1.77	0.00	0.04	0.68	2.03	1.75	0.00	2.64	0.93	1.24	0.24	0.22	0.49	0.28	0.19
56.00	8.70	7.50	1.93	0.64	0.78	1.50	1.80	0.93	1.33	0.22	0.55	0.00	0.34	2.77	0.00	0.51	0.00	0.00	0.00	0.24	1.99	0.21	0.48
57.00	8.70	7.50	3.19	4.42	0.00	0.89	0.60	3.14	1.46	0.22	0.21	0.34	0.97	0.16	0.00	0.12	2.32	0.47	0.39	0.34	0.75	0.26	0.00
58.00	8.70	7.50	3.18	5.19	2.68	2.80	5.70	2.30	1.10	1.78	0.77	0.54	2.80	0.00	0.00	1.40	1.73	0.57	0.00	0.05	0.00	0.00	0.00
59.00	8.69	7.50	2.04	2.63	0.00	1.93	4.44	1.04	2.50	1.12	2.66	0.82	0.01	1.30	0.00	0.39	0.00	1.73	0.01	0.07	0.27	0.01	0.99
60.00	8.70	7.50	0.91	5.24	1.37	4.55	4.03	4.92	0.08	1.48	0.62	0.73	2.33	1.14	0.00	1.12	0.81	1.39	0.04	0.80	0.00	0.00	0.01
61.00	8.70	7.50	6.88	1.46	0.00	2.17	1.93	2.81	2.03	0.21	0.00	0.99	0.08	0.00	0.00	1.99	0.62	1.71	0.48	1.34	1.34	0.49	0.04
62.00	8.70	7.50	2.19	5.91	1.35	2.76	5.63	2.01	2.74	0.46	0.53	0.82	0.24	1.74	0.00	2.50	1.01	1.19	1.06	0.00	1.68	0.49	0.00
63.00	8.70	7.50	3.30	3.13	0.51	1.17	4.45	4.38	1.48	0.85	0.55	0.24	0.94	0.31	0.00	0.09	0.74	0.87	0.00	0.58	1.54	0.85	0.00
64.00	8.69	7.49	4.49	6.34	0.00	2.13	3.51	3.52	3.11	0.37	2.94	1.02	0.86	2.58	0.00	1.54	2.28	0.00	0.00	0.20	2.89	1.13	0.81
65.00	8.70	7.50	1.75	4.43	0.00	3.93	2.64	0.62	1.95	0.42	0.39	1.27	2.63	1.22	0.00	1.00	0.00	1.72	0.00	0.08	1.74	0.00	0.00
66.00	8.70	7.50	4.72	3.50	0.02	3.10	4.42	1.32	2.60	0.86	1.35	2.96	2.39	0.26	0.00	0.44	1.46	1.37	0.00	0.00	2.40	1.05	1.04
67.00	8.70	7.50	4.30	1.81	0.06	1.80	3.50	3.62	1.71	0.99	0.05	1.30	0.71	0.85	0.00	2.53	1.11	0.55	0.04	0.53	1.02	0.05	1.26
68.00	8.69	7.50	5.89	3.46	0.48	2.74	0.59	4.39	1.88	0.21	1.39	1.59	3.06	3.37	0.00	1.21	0.91	0.19	0.49	0.00	2.60	0.08	0.75
69.00	8.70	7.50	6.14	3.05	1.55	5.10	2.27	3.71	3.30	0.00	0.18	1.00	0.54	1.57	0.00	2.61	0.14	1.44	1.21	0.08	2.33	0.01	0.72
70.00	8.70	7.50	6.75	3.37	0.54	1.99	3.83	3.43	1.93	1.02	0.99	1.39	0.47	2.57	0.00	2.83	0.65	0.00	0.32	0.52	1.94	0.91	0.80
71.00	8.70	7.50	4.85	1.15	0.19	3.97	3.90	2.11	1.00	1.20	1.39	0.91	0.59	2.67	0.00	2.46	1.75	0.49	0.00	0.49	0.00	0.60	0.82
72.00	8.70	7.50	2.25	1.02	0.57	4.83	5.44	1.63	1.95	0.88	1.01	0.81	3.30	2.65	0.00	2.33	1.77	2.89	0.00	0.00	2.66	0.00	0.04
73.00	8.69	7.49	3.12	3.83	0.57	1.05	4.06	0.99	4.06	0.00	2.58	0.49	2.84	1.07	0.00	0.71	0.35	0.94	0.49	0.78	1.95	1.26	1.07
74.00	8.70	7.50	6.55	2.53	0.00	0.99	6.72	2.39	4.88	1.51	0.68	0.00	2.99	0.11	0.00	2.96	0.00	0.11	0.00	1.39	1.58	0.88	0.84
75.00	8.70	7.50	4.76	2.89	0.57	0.95	1.25	3.53	1.70	0.24	0.09	1.61	1.67	1.24	0.00	1.17	0.51	0.00	0.00	0.09	2.21	0.01	0.01
76.00	8.70	7.50	3.49	2.91	0.39	1.44	4.47	1.30	0.39	0.26	0.09	0.91	1.34	0.74	0.00	2.39	0.00	0.00	0.00	0.00	1.52	0.73	0.01
77.00	8.70	7.50	2.03	0.44	1.75	1.50	1.67	2.54	1.77	1.70	0.26	0.01	1.73	0.66	0.00	2.56	0.11	0.51	0.00	0.06	3.10	0.00	0.48
78.00	8.69	7.50	4.10	3.58	1.74	0.60	2.97	4.10	1.95	0.21	0.95	0.32	0.47	1.44	0.00	0.00	0.52	0.18	0.71	0.00	2.40	0.18	0.06
79.00	8.70	7.50	5.43	3.00	0.04	1.70	3.31	2.70	0.84	0.22	0.64	0.79	1.81	0.01	0.00	0.22	1.38	1.39	0.00	0.31	0.39	0.15	1.06
10.2.1.2	8.87	9.13
10.2.1.3	7.64	8.01
10.1.1.18	0.76	139785.05
10.1.1.19	0.26	309037.12
10.1.1.8	2.95	42627.70
10.1.1.9	2.03	102264.22
10.1.1.3	3.63	70133.36
10.1.1.17	0.77	99600.90
10.1.1.7	3.82	31348.40
10.1.1.14	1.26	61742.42
10.1.1.15	817.88	34381.67
10.1.1.16	1.74	56762.54
10.1.1.5	0.66	400483.23
10.1.1.6	2.56	89879.33
10.1.1.4	3.31	39407.46
10.1.1.12	0.94	140713.40
10.1.1.13	1.48	83709.94
10.1.1.22	0.36	138983.91
10.1.1.10	0.82	222368.66
10.1.1.11	0.73	125966.96
10.1.1.20	0.33	244750.73
10.1.1.21	0.99	144722.84
10.1.1.23	0.35	223044.29
