Waf: Entering directory `/home/synrg-sc1/Desktop/Jiaming/ns-3.29-mesh/build'
Waf: Leaving directory `/home/synrg-sc1/Desktop/Jiaming/ns-3.29-mesh/build'
Build commands will be stored in build/compile_commands.json
'build' finished successfully (4.766s)
CreateVariables () DONE !!!
Creating 17 APs 50.00 m apart.
CreateApNodes () DONE !!!
Creating 0 CLs 20.00 m away from each AP.
CreateClNodes () DONE !!!
CreateNodes () DONE !!!
CreateMeshDevices () DONE !!!
CreateWifiDevices () DONE !!!
CreateCsmaDevices () DONE !!!
CreateDevices () DONE !!!
InstallInternetStack () DONE !!!
Gateway is connect to AP 0
InstallApplications () DONE !!!
Starting simulation for 80.00 s ...
-------------------------------------------------
Time[s]	ap-0	ap-1	ap-2	ap-3	ap-4	ap-5	ap-6	ap-7	ap-8	ap-9	ap-10	ap-11	ap-12	ap-13	ap-14	ap-15	ap-16
2.00	0.00	0.00	0.00	0.00	0.00	0.00	0.00	0.00	0.00	0.00	0.00	0.00	0.00	0.00	0.00	0.00	0.00
3.00	6.39	5.88	0.00	0.00	0.00	0.00	0.00	0.00	0.00	0.00	0.00	0.00	0.00	0.00	0.00	0.00	0.00
4.00	8.10	7.50	0.00	0.00	0.00	0.00	0.00	0.00	0.00	0.00	0.00	0.00	0.00	0.00	0.00	0.00	0.00
5.00	8.10	7.50	2.85	0.04	0.04	0.04	1.64	2.33	1.48	2.57	0.04	0.04	1.85	1.33	0.00	1.47	0.00
6.00	8.10	7.50	4.11	1.26	1.51	0.00	1.39	4.73	1.27	3.74	0.00	0.89	2.92	3.19	0.00	2.10	1.25
7.00	8.10	7.50	4.17	0.59	1.44	0.00	0.26	2.79	0.47	1.86	0.00	2.16	2.01	0.41	0.77	0.49	1.60
8.00	8.09	7.50	3.60	4.32	0.95	0.00	0.25	2.16	2.06	0.93	0.27	1.39	2.24	0.73	1.05	1.91	2.10
9.00	8.10	7.50	4.40	2.08	0.55	0.00	1.48	3.82	1.81	4.79	0.99	1.54	2.98	2.01	0.39	1.51	0.31
10.00	8.10	7.49	6.44	3.83	0.62	0.00	0.31	5.10	0.01	3.46	0.61	0.25	2.21	0.85	1.52	1.39	3.43
11.00	8.10	7.50	5.65	0.00	0.00	0.00	1.75	5.10	1.25	4.06	0.47	1.19	4.29	0.57	0.00	1.75	1.42
12.00	8.10	7.50	6.87	5.99	0.00	0.00	0.00	5.10	1.64	4.80	5.08	0.00	4.50	2.07	2.43	3.62	2.40
13.00	8.10	7.50	6.81	2.63	0.49	0.00	0.99	5.10	0.07	4.80	1.51	0.09	4.37	0.45	1.94	3.00	2.33
14.00	8.09	7.50	6.52	5.59	0.49	0.00	0.00	5.10	0.99	4.79	0.92	0.19	4.42	5.28	0.99	2.99	2.40
15.00	8.10	7.50	6.70	4.82	1.11	0.00	2.79	5.11	1.98	3.51	0.00	0.59	4.39	3.38	0.79	2.10	2.38
16.00	8.10	7.50	6.82	3.76	2.51	0.00	4.38	5.10	0.25	4.77	0.00	2.20	3.79	4.20	0.00	1.87	2.01
17.00	8.10	7.50	3.13	2.28	0.00	0.00	1.10	2.23	1.31	2.52	0.00	1.59	3.72	1.84	1.05	1.90	2.36
18.00	8.10	7.50	3.56	4.32	1.84	0.00	0.00	2.57	1.47	2.33	0.88	0.06	0.29	0.75	0.00	2.20	0.62
19.00	8.10	7.49	2.00	4.31	2.46	0.00	0.12	5.10	0.11	4.80	2.13	1.68	3.54	2.94	1.92	2.00	2.06
20.00	8.09	7.50	1.71	4.49	3.91	0.00	0.00	5.10	0.24	4.80	4.63	0.00	3.86	4.20	0.00	3.00	0.00
21.00	8.10	7.50	2.46	3.79	0.47	0.00	1.02	3.99	0.12	4.56	2.92	0.06	3.49	1.84	0.00	2.12	1.21
22.00	8.10	7.50	3.52	1.47	1.18	0.00	4.20	4.93	0.00	4.73	0.01	3.12	4.45	0.74	3.24	0.53	2.87
23.00	8.10	7.50	4.79	4.13	1.90	0.00	1.21	4.24	0.00	3.03	0.00	1.37	3.12	0.65	0.45	1.84	1.67
24.00	8.10	7.50	1.05	6.59	2.72	0.00	0.18	3.86	1.28	2.71	2.60	2.98	4.13	0.98	1.27	1.95	2.25
25.00	8.10	7.50	3.09	6.74	0.92	0.00	3.37	5.10	2.07	1.06	2.12	2.14	4.47	1.37	0.01	2.89	1.91
26.00	8.09	7.50	6.12	6.50	0.57	0.00	2.48	5.10	0.80	4.80	0.00	1.00	4.49	1.01	0.49	1.17	1.31
27.00	8.10	7.50	3.57	5.11	2.16	0.00	0.59	4.95	0.35	4.69	2.41	2.01	3.87	1.75	0.00	2.87	2.27
28.00	8.10	7.49	6.47	5.28	1.17	0.00	1.83	5.11	0.73	4.80	0.88	3.19	1.94	1.14	1.18	2.01	2.34
29.00	8.10	7.50	4.90	4.59	0.97	0.00	0.46	2.44	1.67	2.92	1.35	1.25	4.38	0.14	0.49	2.86	0.61
30.00	8.10	7.50	5.52	2.41	0.40	0.00	0.00	5.50	0.00	4.56	0.61	1.98	3.32	0.80	0.00	1.33	1.20
31.00	8.10	7.50	4.97	1.84	1.75	0.00	0.80	5.10	0.04	4.13	0.93	3.29	3.52	0.20	0.31	0.99	2.19
32.00	8.10	7.50	5.00	4.84	3.54	0.00	1.42	5.06	2.48	2.93	0.00	3.20	3.43	2.97	2.24	2.87	2.28
33.00	8.09	7.50	2.21	3.86	3.57	0.00	0.60	3.94	0.00	4.70	0.00	0.95	3.51	3.26	1.37	3.03	2.24
34.00	8.10	7.50	6.21	1.05	3.05	0.00	0.16	4.02	0.81	4.80	1.39	2.34	3.47	2.77	1.55	1.18	1.73
35.00	8.10	7.50	2.77	5.18	0.86	0.00	0.47	1.79	0.49	4.57	1.58	0.16	2.45	1.26	0.49	3.57	2.50
36.00	8.10	7.50	5.99	6.61	0.07	0.00	1.26	2.32	0.35	4.80	4.20	0.11	3.06	2.04	2.06	2.67	2.12
37.00	8.10	7.49	5.98	2.71	1.51	0.00	1.32	5.10	0.00	4.77	2.34	1.47	4.38	0.54	0.69	2.91	2.31
38.00	8.10	7.50	6.71	4.46	2.46	0.00	0.54	4.04	0.53	4.69	1.13	0.49	4.06	1.28	0.00	2.91	1.91
39.00	8.09	7.50	6.06	5.31	0.07	0.00	0.24	1.80	1.12	4.52	0.37	0.97	3.46	0.40	0.49	2.99	1.93
40.00	8.10	7.50	3.05	3.97	3.71	0.00	2.31	2.83	0.59	2.24	0.00	2.32	3.59	1.99	0.00	2.97	1.44
41.00	8.10	7.50	2.78	1.02	0.49	0.00	0.67	2.31	1.41	3.89	3.04	0.15	3.78	3.56	0.00	0.68	2.31
42.00	8.10	7.50	0.66	3.45	2.36	0.00	0.47	2.90	0.08	4.79	2.77	1.81	1.75	3.92	0.01	3.18	2.39
43.00	8.10	7.50	2.65	1.11	1.40	0.00	0.20	1.42	2.48	4.45	0.57	1.35	4.10	3.32	0.52	2.64	1.97
44.00	8.10	7.50	4.11	2.74	2.79	0.00	0.31	1.68	2.58	3.45	0.99	0.65	3.04	2.70	2.38	2.77	1.35
45.00	8.09	7.50	3.01	0.99	0.01	0.00	3.23	3.67	1.88	4.35	0.00	0.85	3.86	1.31	0.00	2.83	1.86
46.00	8.10	7.49	4.58	1.79	2.01	0.00	2.84	1.00	1.24	4.77	0.15	0.00	4.47	1.72	1.84	1.72	1.80
47.00	8.10	7.50	5.22	3.76	0.25	0.00	0.58	5.03	0.79	3.78	1.81	0.44	3.70	2.71	1.31	2.52	2.06
48.00	8.10	7.50	2.73	4.11	1.11	0.00	0.67	5.10	2.18	4.42	2.91	2.31	2.01	1.38	0.94	2.30	0.47
49.00	8.10	7.50	3.72	0.77	0.26	0.00	1.25	4.68	0.93	2.81	1.98	1.98	2.60	0.47	0.31	1.63	1.97
50.00	8.10	7.50	5.38	2.39	3.91	0.00	2.12	5.09	2.93	4.79	1.26	0.77	4.23	1.97	0.49	2.21	2.63
51.00	8.09	7.50	5.38	1.73	1.53	0.00	2.05	4.65	3.58	3.98	2.38	1.40	4.17	1.74	0.88	0.92	0.77
52.00	8.10	7.50	6.32	3.21	4.45	0.00	4.59	4.20	1.19	2.84	0.41	0.80	3.23	0.71	3.38	2.48	2.21
53.00	8.10	7.50	6.21	3.03	1.90	0.00	0.78	3.29	2.16	3.16	0.00	0.02	2.37	0.53	0.00	2.71	0.98
54.00	8.10	7.50	5.68	5.46	1.58	0.00	2.31	2.52	0.40	4.59	1.64	3.36	3.77	1.50	1.20	0.55	1.94
55.00	8.10	7.49	3.96	1.70	0.22	0.00	0.29	4.86	0.45	4.79	0.68	1.58	3.93	0.29	0.00	2.12	2.04
56.00	8.10	7.50	6.67	4.15	1.04	0.00	0.15	5.10	2.12	4.80	1.75	0.48	3.19	2.12	1.33	2.06	1.86
57.00	8.10	7.50	2.59	5.66	0.98	0.00	1.10	4.89	2.05	4.80	3.72	1.72	3.07	3.87	0.09	1.67	2.41
58.00	8.09	7.50	5.75	3.36	0.07	0.00	0.00	3.84	1.42	4.78	3.73	2.25	3.80	2.10	2.27	1.99	2.00
59.00	8.10	7.50	5.98	1.51	1.39	0.00	2.13	2.56	0.07	3.77	0.07	3.33	4.35	1.66	0.00	0.28	0.72
60.00	8.10	7.50	6.90	0.99	5.55	0.00	0.00	5.10	0.64	5.12	4.82	3.20	4.31	0.77	0.00	1.06	1.77
61.00	8.10	7.50	2.78	4.73	2.60	0.00	2.57	4.18	0.52	4.33	4.11	1.51	1.51	0.00	1.10	0.54	2.08
62.00	8.10	7.50	5.99	6.65	3.98	0.00	4.04	5.06	4.53	4.82	0.55	1.33	4.33	0.00	0.60	0.00	1.24
63.00	8.10	7.50	2.21	5.28	4.46	0.00	0.69	5.06	1.14	4.60	1.20	2.08	4.51	2.37	0.69	0.58	1.18
64.00	8.09	7.49	3.44	0.58	3.62	0.00	0.74	4.79	1.61	4.75	2.41	0.75	3.73	1.77	1.71	2.43	2.18
65.00	8.10	7.50	5.31	1.68	1.05	0.00	0.00	3.90	2.73	4.37	0.49	1.77	3.53	2.48	1.44	1.92	2.18
66.00	8.10	7.50	6.57	2.71	1.08	0.00	1.21	4.96	2.31	4.18	0.12	1.53	4.15	3.86	0.00	2.80	2.24
67.00	8.10	7.50	5.18	2.34	0.93	0.00	1.44	4.78	0.86	4.38	0.97	0.00	4.16	1.71	0.27	2.28	2.36
68.00	8.10	7.50	4.47	5.83	5.71	0.00	1.31	1.18	1.39	3.63	1.44	0.37	4.07	2.46	0.59	2.99	1.19
69.00	8.10	7.50	3.30	6.03	0.68	0.00	1.13	3.90	0.01	1.65	0.75	2.81	4.33	1.34	0.73	0.87	1.25
70.00	8.09	7.50	6.70	2.37	2.40	0.00	1.81	4.53	2.08	3.85	2.13	1.13	2.61	1.87	0.35	1.67	2.38
71.00	8.10	7.50	5.97	1.98	0.00	0.00	0.48	4.47	1.63	2.12	0.32	1.19	3.11	0.00	0.00	0.00	2.06
72.00	8.10	7.50	4.92	6.65	1.34	0.00	3.25	4.90	4.22	5.09	3.19	1.55	0.93	0.97	2.85	2.44	2.39
73.00	8.10	7.49	4.70	3.27	1.60	0.00	2.10	5.10	0.71	4.65	1.66	1.57	2.78	0.49	1.45	2.71	2.40
74.00	8.10	7.50	4.42	6.34	0.49	0.00	0.85	5.09	1.46	4.72	3.71	0.32	4.60	2.86	0.57	2.94	2.40
75.00	8.10	7.50	5.92	5.65	1.33	0.00	2.34	5.09	0.04	4.79	2.33	0.60	4.40	0.44	0.81	2.93	2.39
76.00	8.09	7.50	4.85	3.98	0.09	0.00	1.39	3.70	3.38	2.05	0.00	0.37	2.01	1.15	0.69	2.41	2.30
77.00	8.10	7.50	3.42	4.36	2.10	0.00	0.04	3.31	0.64	3.56	1.95	0.00	3.26	2.08	0.68	2.18	2.17
78.00	8.10	7.50	6.30	3.06	0.22	0.00	2.33	3.50	0.62	4.55	3.32	1.10	4.72	2.74	0.00	2.99	0.82
79.00	8.10	7.50	6.58	2.50	0.00	0.00	1.00	3.29	1.08	3.93	1.67	0.16	3.04	1.80	0.00	0.89	2.38
10.2.1.2	8.25	8.17
10.2.1.3	7.64	8.60
10.1.1.5	1.65	146058.47
10.1.1.16	2.09	48052.42
10.1.1.7	1.31	94735.37
10.1.1.8	4.14	23228.07
10.1.1.9	1.26	116016.74
10.1.1.14	1.80	118854.57
10.1.1.6	817.88	63154.67
10.1.1.12	1.32	141087.07
10.1.1.13	3.54	44343.60
10.1.1.3	4.79	27949.99
10.1.1.4	3.67	52854.50
10.1.1.10	4.09	18415.54
10.1.1.11	1.49	173540.55
10.1.1.17	1.91	45447.30
10.1.1.15	0.84	294471.62
