Waf: Entering directory `/home/synrg-sc1/Desktop/Jiaming/ns-3.29-mesh/build'
Waf: Leaving directory `/home/synrg-sc1/Desktop/Jiaming/ns-3.29-mesh/build'
Build commands will be stored in build/compile_commands.json
'build' finished successfully (4.743s)
CreateVariables () DONE !!!
Creating 10 APs 50.00 m apart.
CreateApNodes () DONE !!!
Creating 0 CLs 20.00 m away from each AP.
CreateClNodes () DONE !!!
CreateNodes () DONE !!!
CreateMeshDevices () DONE !!!
CreateWifiDevices () DONE !!!
CreateCsmaDevices () DONE !!!
CreateDevices () DONE !!!
InstallMeshInternetStack () DONE !!!
InstallWifiInternetStack () DONE !!!
InstallCsmaInternetStack () DONE !!!
InstallInternetStack () DONE !!!
Gateway is connect to AP 0
InstallApplications () DONE !!!
Starting simulation for 40.00 s ...
-------------------------------------------------
Time[s]	ap-0	ap-1	ap-2	ap-3	ap-4	ap-5	ap-6	ap-7	ap-8	ap-9
2.00	0.00	0.00	0.00	0.00	0.00	0.00	0.00	0.00	0.00	0.00
3.00	5.78	5.31	0.00	0.00	0.00	0.00	0.00	0.00	0.00	0.00
4.00	6.87	6.30	0.00	0.00	0.00	0.00	0.00	0.00	0.00	0.00
5.00	6.86	6.29	0.03	3.86	0.00	0.00	0.00	0.03	3.58	0.03
6.00	6.87	6.30	0.00	5.73	0.00	0.00	0.00	0.00	4.58	0.00
7.00	6.86	6.29	0.00	5.72	3.98	0.00	0.00	0.00	4.57	0.00
8.00	6.86	6.30	0.00	5.73	5.11	0.00	0.00	0.00	4.58	0.00
9.00	6.87	6.29	0.00	5.73	5.15	0.00	0.00	0.00	4.57	0.00
10.00	6.86	6.30	0.00	5.72	5.14	0.00	0.00	0.00	4.58	0.00
11.00	6.87	6.29	0.00	5.73	5.15	0.00	0.00	0.00	4.57	0.00
12.00	6.86	6.30	0.00	5.72	5.15	0.00	0.00	0.00	4.58	0.00
13.00	6.86	6.29	0.00	5.73	2.58	0.00	0.00	0.00	4.21	0.00
14.00	6.87	6.30	0.00	5.72	0.00	0.00	0.00	0.00	4.57	0.00
15.00	6.86	6.29	0.00	5.73	0.00	0.00	0.00	0.00	4.58	0.00
16.00	6.87	6.29	0.00	5.72	0.00	0.00	0.00	0.00	4.58	0.00
17.00	6.86	6.30	0.00	5.73	0.00	0.00	0.00	0.00	4.57	0.00
18.00	6.87	6.29	0.00	5.72	0.03	0.00	0.00	0.00	4.58	0.00
19.00	6.86	6.30	0.00	5.73	0.00	0.00	0.00	0.00	4.57	0.00
20.00	6.86	6.29	0.00	5.72	1.48	0.00	0.00	0.00	4.58	0.00
21.00	6.87	6.30	0.00	5.72	5.14	0.00	0.00	0.00	4.58	0.00
22.00	6.86	6.29	0.00	5.72	5.15	0.00	0.00	0.00	4.57	0.00
23.00	6.87	6.30	0.00	5.73	5.15	0.00	0.00	0.00	4.58	0.00
24.00	6.86	6.29	0.00	5.72	5.14	0.00	0.00	0.00	4.57	0.00
25.00	6.86	6.30	0.00	5.73	3.92	0.00	0.00	0.00	4.58	0.00
26.00	6.87	6.29	0.00	5.71	5.14	0.00	0.00	0.00	4.58	0.00
27.00	6.86	6.30	0.00	5.73	5.15	0.00	0.00	0.00	4.57	0.00
28.00	6.87	6.29	0.00	5.72	5.14	0.00	0.00	0.00	4.58	0.00
29.00	6.86	6.29	0.00	5.73	5.15	0.00	0.00	0.00	4.58	0.00
30.00	6.86	6.30	0.00	5.72	3.76	0.00	0.00	0.00	4.57	0.00
31.00	6.87	6.29	0.00	5.73	0.00	0.00	0.00	0.00	4.58	0.00
32.00	6.86	6.30	0.00	5.72	0.00	0.00	0.00	0.00	4.57	0.00
33.00	6.87	6.29	0.00	5.73	0.00	0.00	0.00	0.00	4.58	0.00
34.00	6.86	6.30	0.00	5.72	0.00	0.00	0.00	0.00	4.58	0.00
35.00	6.87	6.29	0.00	5.73	5.49	0.00	0.00	0.00	4.57	0.00
36.00	6.86	6.30	0.00	5.71	5.15	0.00	0.00	0.00	4.58	0.00
37.00	6.86	6.29	0.00	5.73	5.15	0.00	0.00	0.00	4.57	0.00
38.00	6.87	6.30	0.00	5.72	5.14	0.00	0.00	0.00	4.58	0.00
39.00	6.86	6.29	0.00	5.73	5.15	0.00	0.00	0.00	4.57	0.00
10.2.1.3	6568.96	9.24
10.2.1.2	7166.21	8.63
10.1.1.5	3460.41	14165.61
10.1.1.6	0	0
10.1.1.7	0	0
10.1.1.3	16951.31	180083.33
10.1.1.4	5971.37	186.48
10.1.1.9	4766.76	752.81
10.1.1.8	20322.41	150214.33
10.1.1.10	22750.07	149166.00
