Waf: Entering directory `/home/synrg-sc1/Desktop/Jiaming/ns-3.29-mesh/build'
Waf: Leaving directory `/home/synrg-sc1/Desktop/Jiaming/ns-3.29-mesh/build'
Build commands will be stored in build/compile_commands.json
'build' finished successfully (4.749s)
CreateVariables () DONE !!!
Creating 11 APs 50.00 m apart.
CreateApNodes () DONE !!!
Creating 0 CLs 20.00 m away from each AP.
CreateClNodes () DONE !!!
CreateNodes () DONE !!!
CreateMeshDevices () DONE !!!
CreateWifiDevices () DONE !!!
CreateCsmaDevices () DONE !!!
CreateDevices () DONE !!!
InstallInternetStack () DONE !!!
Gateway is connect to AP 0
InstallApplications () DONE !!!
Starting simulation for 80.00 s ...
-------------------------------------------------
Time[s]	ap-0	ap-1	ap-2	ap-3	ap-4	ap-5	ap-6	ap-7	ap-8	ap-9	ap-10
2.00	0.00	0.00	0.00	0.00	0.00	0.00	0.00	0.00	0.00	0.00	0.00
3.00	6.57	0.00	0.00	0.00	0.00	0.00	0.00	0.00	0.00	0.00	0.00
4.00	7.50	0.00	0.00	0.00	0.00	0.00	0.00	0.00	0.00	0.00	0.00
5.00	7.50	5.45	5.79	0.00	0.00	4.37	4.37	4.42	4.18	0.00	0.00
6.00	7.50	4.16	1.24	0.00	0.31	0.24	0.58	1.08	1.79	0.19	0.18
7.00	7.50	0.41	2.14	0.58	0.47	0.46	0.00	4.30	2.45	1.13	1.63
8.00	7.50	0.74	2.28	0.99	0.52	0.54	0.55	1.10	3.69	0.00	0.00
9.00	7.50	5.52	0.06	0.00	3.27	0.12	0.00	1.17	3.72	0.11	1.40
10.00	7.49	5.29	1.17	1.10	0.54	0.00	0.92	0.49	3.29	0.07	0.00
11.00	7.50	1.42	1.60	0.00	0.00	1.85	0.00	2.36	2.28	0.00	0.00
12.00	7.50	6.67	4.46	0.52	0.52	0.00	0.00	3.62	4.78	0.02	0.00
13.00	7.50	6.30	5.11	0.00	0.06	0.00	0.00	2.47	4.80	2.53	1.20
14.00	7.50	6.30	6.14	3.67	5.44	0.00	2.73	2.46	4.79	1.83	1.46
15.00	7.50	3.19	2.01	1.05	1.59	0.00	1.34	0.39	3.57	0.19	0.13
16.00	7.50	0.51	0.87	0.00	0.65	0.00	0.22	1.01	2.77	0.05	0.00
17.00	7.50	1.04	1.87	0.77	0.60	0.00	0.94	0.00	1.84	0.46	0.40
18.00	7.50	4.23	2.31	1.61	1.18	0.00	0.00	0.85	3.65	0.01	1.93
19.00	7.49	0.25	0.62	0.15	0.41	0.00	0.00	1.63	4.51	0.58	0.07
20.00	7.50	5.64	4.25	1.68	0.55	0.00	0.00	0.19	4.50	0.00	0.49
21.00	7.50	2.94	2.28	0.33	1.47	0.12	1.01	3.33	2.14	0.64	0.20
22.00	7.50	5.28	3.06	2.28	0.02	2.81	0.00	3.59	2.90	0.05	0.45
23.00	7.50	4.22	1.90	1.46	1.67	0.71	0.05	3.16	1.73	0.01	0.29
24.00	7.50	4.76	1.15	0.00	1.00	0.00	0.00	2.40	3.84	0.39	0.04
25.00	7.50	2.64	0.49	0.00	0.49	0.00	0.02	2.37	2.84	0.00	0.00
26.00	7.50	2.54	1.95	0.00	0.00	0.00	0.00	0.58	2.76	0.01	0.00
27.00	7.50	2.57	0.79	0.00	0.00	0.00	0.12	4.56	1.19	0.00	0.00
28.00	7.49	6.30	3.84	0.01	0.00	0.00	0.06	5.09	0.00	0.01	0.01
29.00	7.50	2.63	3.14	0.00	0.00	0.00	0.89	1.87	1.35	0.00	0.00
30.00	7.50	1.34	0.39	0.08	0.00	0.00	0.00	1.40	1.93	0.40	0.93
31.00	7.50	1.18	1.13	0.51	1.84	0.00	0.05	1.17	2.98	0.01	0.00
32.00	7.50	6.42	3.49	0.00	1.90	2.52	0.00	3.36	2.96	1.59	1.97
33.00	7.50	1.65	0.57	0.11	1.35	0.00	0.00	0.79	2.83	0.01	0.00
34.00	7.50	4.30	2.31	1.30	0.37	0.80	0.28	3.45	3.62	0.00	0.78
35.00	7.50	3.99	4.20	1.28	1.41	0.00	2.37	0.00	1.17	0.00	0.00
36.00	7.50	2.44	2.48	0.80	0.37	0.00	0.25	0.44	1.26	0.34	0.16
37.00	7.49	2.48	2.87	0.69	0.00	0.00	0.00	2.89	3.57	0.78	0.00
38.00	7.50	1.05	4.23	1.71	0.01	0.39	0.61	1.24	2.92	0.39	0.79
39.00	7.50	1.02	1.98	1.22	0.48	2.70	0.00	4.90	4.03	2.19	1.54
40.00	7.50	3.38	2.23	3.07	0.57	1.12	0.01	3.33	4.50	0.24	0.00
41.00	7.50	4.37	3.01	0.98	0.41	0.72	0.00	3.45	3.85	0.92	0.44
42.00	7.50	3.90	3.57	3.72	0.55	0.00	0.48	2.26	4.51	0.09	0.00
43.00	7.50	2.28	2.25	0.44	0.82	0.00	0.16	2.17	3.29	0.12	0.19
44.00	7.50	2.47	2.10	1.50	0.13	0.20	1.22	3.20	4.23	0.78	0.47
45.00	7.50	5.50	4.10	2.16	2.66	0.00	2.47	3.51	4.58	0.07	1.80
46.00	7.49	4.53	3.63	0.49	1.57	0.00	0.20	2.63	3.07	0.11	0.59
47.00	7.50	6.30	6.01	1.14	1.66	0.00	0.04	5.10	4.79	0.02	2.64
48.00	7.50	6.30	5.99	0.49	4.16	0.00	0.49	5.10	4.80	0.49	3.00
49.00	7.50	2.66	3.59	0.35	1.98	0.00	0.00	3.18	1.83	0.01	1.37
50.00	7.50	1.54	1.05	1.26	0.29	0.16	0.00	2.30	1.78	0.47	0.38
51.00	7.50	4.36	0.84	1.01	0.00	0.00	0.00	1.86	3.65	0.00	0.14
52.00	7.50	3.37	1.38	0.00	1.32	0.00	0.00	4.51	2.32	0.81	1.42
53.00	7.50	4.93	1.34	0.11	0.00	0.00	0.06	2.91	1.53	0.00	0.88
54.00	7.50	6.32	3.49	1.67	1.91	0.00	0.19	5.10	2.16	1.81	3.00
55.00	7.49	3.84	3.74	1.18	2.12	0.00	0.00	2.78	4.03	1.27	1.15
56.00	7.50	6.30	4.32	0.48	0.85	0.00	0.00	0.00	4.80	0.11	1.28
57.00	7.50	6.30	5.99	0.00	0.00	0.04	0.05	2.08	4.80	0.04	1.25
58.00	7.50	6.30	4.86	0.98	1.78	0.00	0.00	3.87	4.10	0.57	2.64
59.00	7.50	2.52	2.06	0.24	0.05	0.09	0.00	2.20	2.26	0.05	0.81
60.00	7.50	5.22	0.05	0.67	0.62	0.13	0.00	4.12	4.36	0.52	2.34
61.00	7.50	1.77	2.04	0.48	0.39	0.00	0.01	1.95	3.29	0.18	0.40
62.00	7.50	6.29	2.30	2.20	3.12	0.00	0.00	5.10	4.80	0.00	0.00
63.00	7.50	5.18	2.79	2.07	0.75	0.00	1.06	4.17	3.29	1.30	0.00
64.00	7.49	3.92	1.53	1.11	3.36	0.00	0.26	4.52	3.78	0.01	0.00
65.00	7.50	1.35	3.06	0.49	1.24	0.00	0.00	0.26	3.60	0.09	0.11
66.00	7.50	5.78	5.82	6.34	3.51	0.00	0.01	3.51	4.80	0.02	2.06
67.00	7.50	6.31	5.99	5.71	1.25	0.00	4.71	5.10	4.80	0.00	3.00
68.00	7.50	6.30	6.01	5.69	0.00	0.00	5.10	5.10	4.79	0.00	3.00
69.00	7.50	2.81	2.26	1.28	1.01	0.00	2.34	2.89	2.21	0.93	0.79
70.00	7.50	3.82	6.35	2.04	0.24	4.12	3.26	3.66	4.18	2.12	1.60
71.00	7.50	1.55	1.20	1.12	0.95	0.93	0.62	1.04	1.54	0.44	0.52
72.00	7.50	2.13	1.60	0.93	0.00	0.00	0.19	2.26	3.58	0.00	1.22
73.00	7.49	6.52	1.68	4.46	4.03	0.00	0.61	2.73	4.78	0.00	1.77
74.00	7.50	6.30	5.99	5.04	5.39	0.00	5.10	5.11	4.80	0.04	2.99
75.00	7.50	3.01	0.49	0.14	0.39	0.00	0.14	0.80	3.09	0.00	0.28
76.00	7.50	2.46	0.05	0.00	0.65	0.00	0.00	2.24	2.66	0.00	0.00
77.00	7.50	3.98	2.85	1.31	0.34	0.00	1.44	2.71	3.40	0.61	0.00
78.00	7.50	6.30	5.30	0.40	0.27	0.18	0.16	4.50	4.75	0.79	0.09
79.00	7.50	5.46	3.98	1.72	2.85	3.09	0.01	5.10	4.68	0.24	0.99
10.2.1.2	7.64	8.16
10.1.1.4	1.26	96137.58
10.1.1.5	1.13	76976.64
10.1.1.6	0.45	39424.10
10.1.1.7	0.65	94544.05
10.1.1.8	2.79	25361.11
10.1.1.9	3.43	27802.28
10.1.1.2	3.93	16946.68
10.1.1.3	2.91	27592.48
10.1.1.10	0.41	72940.03
10.1.1.11	0.84	76683.29
