Waf: Entering directory `/home/synrg-sc1/Desktop/Jiaming/ns-3.29-mesh/build'
Waf: Leaving directory `/home/synrg-sc1/Desktop/Jiaming/ns-3.29-mesh/build'
Build commands will be stored in build/compile_commands.json
'build' finished successfully (4.884s)
CreateVariables () DONE !!!
Creating 22 APs 50.00 m apart.
CreateApNodes () DONE !!!
Creating 0 CLs 20.00 m away from each AP.
CreateClNodes () DONE !!!
CreateNodes () DONE !!!
CreateMeshDevices () DONE !!!
CreateWifiDevices () DONE !!!
CreateCsmaDevices () DONE !!!
CreateDevices () DONE !!!
InstallInternetStack () DONE !!!
Gateway is connect to AP 0
InstallApplications () DONE !!!
Starting simulation for 80.00 s ...
-------------------------------------------------
Time[s]	ap-0	ap-1	ap-2	ap-3	ap-4	ap-5	ap-6	ap-7	ap-8	ap-9	ap-10	ap-11	ap-12	ap-13	ap-14	ap-15	ap-16	ap-17	ap-18	ap-19	ap-20	ap-21
2.00	0.00	0.00	0.00	0.00	0.00	0.00	0.00	0.00	0.00	0.00	0.00	0.00	0.00	0.00	0.00	0.00	0.00	0.00	0.00	0.00	0.00	0.00
3.00	4.10	3.94	0.00	0.00	0.00	0.00	0.00	0.00	0.00	0.00	0.00	0.00	0.00	0.00	0.00	0.00	0.00	0.00	0.00	0.00	0.00	0.00
4.00	7.50	7.21	0.00	0.00	0.00	0.00	0.00	0.00	0.00	0.00	0.00	0.00	0.00	0.00	0.00	0.00	0.00	0.00	0.00	0.00	0.00	0.00
5.00	7.50	7.20	1.33	2.17	0.57	1.98	0.00	0.00	0.93	0.87	2.11	0.00	1.26	0.27	1.45	0.00	0.00	0.25	1.22	0.00	0.79	0.22
6.00	7.50	7.21	1.02	5.00	0.00	1.54	0.32	0.04	0.13	1.95	1.44	2.47	4.57	0.53	3.06	0.04	3.29	1.02	1.18	0.00	0.52	0.00
7.00	7.50	7.20	1.01	2.44	0.68	0.98	0.80	0.00	1.24	1.58	0.98	1.35	1.55	0.00	2.73	0.14	0.55	0.07	0.75	0.00	0.09	0.00
8.00	7.50	7.20	3.79	5.41	2.39	3.83	0.07	0.00	0.77	0.22	1.94	0.00	4.49	2.45	3.29	0.11	1.01	0.04	0.13	0.20	1.90	0.78
9.00	7.50	7.21	1.24	1.98	4.36	0.89	0.00	0.00	0.85	3.37	0.53	1.08	1.51	0.79	2.37	1.81	1.30	1.06	1.63	0.54	1.07	0.58
10.00	7.49	7.20	0.24	5.99	3.01	2.11	0.85	0.00	4.92	1.94	1.65	1.27	2.51	0.78	3.44	0.97	1.35	0.55	1.05	0.67	0.49	0.01
11.00	7.50	7.21	2.54	2.58	4.75	0.49	1.90	0.00	3.33	2.84	0.94	2.14	3.42	0.73	3.74	0.88	0.73	0.44	2.51	0.99	0.25	0.27
12.00	7.50	7.20	2.20	5.38	1.00	0.49	0.60	0.00	3.90	1.90	4.66	1.72	3.72	1.24	2.28	0.00	0.05	1.40	3.49	0.88	2.97	1.63
13.00	7.50	7.20	1.94	4.73	3.01	1.10	0.00	0.00	0.82	2.27	2.03	0.49	4.80	0.02	1.58	0.46	0.00	1.30	3.05	0.37	1.55	0.00
14.00	7.50	7.21	0.47	1.13	3.60	5.05	3.77	0.00	2.27	3.52	0.00	1.31	4.04	0.00	0.38	0.92	3.69	0.75	3.29	1.21	2.27	1.31
15.00	7.50	7.20	1.53	4.00	1.35	1.58	0.07	0.00	1.99	0.97	0.99	1.20	2.07	0.04	2.23	1.45	2.94	0.00	3.29	1.12	0.94	1.71
16.00	7.50	7.21	2.84	5.99	3.12	1.50	0.48	0.00	0.62	0.64	2.10	3.29	3.82	2.19	3.32	0.47	0.97	0.00	1.04	0.06	0.81	0.51
17.00	7.50	7.20	2.04	5.98	2.27	2.57	1.00	0.00	2.73	2.39	0.55	0.91	2.00	1.73	0.94	0.74	2.72	0.12	1.54	1.83	1.77	0.08
18.00	7.50	7.21	2.43	4.52	6.01	1.83	1.45	0.00	2.97	3.18	2.19	2.90	1.78	1.28	1.95	0.74	2.90	2.25	2.60	1.28	1.39	0.79
19.00	7.49	7.20	1.44	4.45	1.12	2.87	0.00	0.00	3.52	2.34	0.77	2.51	2.84	0.49	3.27	0.87	2.16	2.06	2.70	0.45	0.65	0.81
20.00	7.50	7.20	0.86	5.86	3.06	1.60	0.11	0.00	3.06	4.18	2.37	2.66	4.46	0.85	2.20	2.10	0.00	2.52	0.02	0.01	2.00	0.88
21.00	7.50	7.21	1.44	4.38	2.61	3.50	0.00	0.00	0.95	3.24	1.58	2.87	3.99	0.61	1.18	0.00	1.74	2.28	1.84	0.00	1.74	1.59
22.00	7.50	7.20	0.00	4.72	3.05	2.98	0.33	0.00	2.92	3.33	3.60	1.58	3.85	0.88	0.99	1.48	0.45	1.00	1.74	0.00	1.41	0.88
23.00	7.50	7.21	1.73	2.79	1.42	1.37	0.08	0.00	2.96	0.55	3.63	4.12	0.81	0.08	1.94	0.00	3.49	0.91	0.92	0.49	1.19	0.00
24.00	7.50	7.20	0.45	5.99	4.35	1.04	0.72	0.00	5.32	2.28	1.59	0.84	4.79	1.50	2.73	1.17	1.24	2.17	2.38	1.57	0.07	0.78
25.00	7.50	7.20	1.08	5.76	3.07	1.73	1.66	0.00	2.68	1.02	3.54	4.00	2.61	0.81	2.61	1.51	3.42	1.37	1.18	0.99	3.05	0.01
26.00	7.50	7.21	1.07	5.08	3.84	0.00	1.19	0.00	1.84	0.48	1.85	2.70	3.58	0.99	2.64	0.13	2.03	0.89	3.23	0.24	0.35	0.49
27.00	7.50	7.20	1.81	5.83	1.22	1.12	1.27	0.00	1.18	1.04	0.00	0.00	4.53	0.73	3.49	0.40	3.69	0.06	1.40	0.12	1.71	1.39
28.00	7.49	7.21	2.58	4.05	0.33	4.37	0.00	0.00	3.26	1.05	0.00	2.68	4.77	0.64	3.52	0.16	3.85	0.80	1.55	0.00	1.87	0.61
29.00	7.50	7.20	3.54	3.97	5.58	2.39	1.18	0.00	1.00	2.68	2.45	3.04	3.63	0.00	2.73	0.01	4.09	0.99	0.44	0.00	2.03	0.00
30.00	7.50	7.20	1.64	2.84	3.58	1.67	0.27	0.00	2.91	2.18	2.28	1.86	4.19	1.13	1.00	0.84	2.17	0.00	3.24	0.49	2.16	1.13
31.00	7.50	7.21	1.12	4.83	0.55	1.66	0.02	0.00	3.27	1.14	2.73	0.00	2.66	0.05	3.12	0.46	1.70	1.11	1.78	0.35	0.41	1.48
32.00	7.50	7.20	0.99	5.99	3.76	0.00	0.00	0.00	3.42	3.39	2.31	2.10	4.13	1.95	1.59	0.16	1.47	3.07	2.25	0.57	2.16	0.97
33.00	7.50	7.21	4.05	5.71	4.85	1.55	0.01	0.00	2.80	1.40	3.04	2.86	0.97	0.34	1.32	0.80	4.75	0.57	2.05	0.00	1.78	1.48
34.00	7.50	7.20	2.51	3.17	2.00	0.02	0.95	0.00	2.31	1.72	2.89	1.41	3.89	1.20	3.39	0.60	2.08	0.91	1.75	0.13	1.24	1.02
35.00	7.50	7.21	1.92	3.00	2.68	1.95	0.07	0.00	2.43	1.00	0.49	0.09	3.51	1.66	1.48	1.63	1.20	0.41	1.81	0.00	2.45	0.26
36.00	7.50	7.20	2.96	6.82	5.64	0.65	0.99	0.00	2.27	2.94	0.67	0.60	3.87	0.42	2.38	0.00	3.59	0.53	0.69	0.00	0.46	0.00
37.00	7.49	7.20	5.76	5.11	4.24	4.45	0.00	0.00	1.88	2.80	0.00	0.00	3.72	0.87	0.46	1.27	3.13	1.42	1.60	0.39	1.25	0.00
38.00	7.50	7.21	4.31	4.77	4.47	0.14	0.00	0.00	3.06	0.65	1.71	4.23	3.56	1.00	0.95	0.06	3.34	0.28	1.54	0.11	2.10	0.80
39.00	7.50	7.20	1.44	5.75	5.69	0.80	1.18	0.00	2.83	3.92	0.79	0.22	2.81	0.64	0.85	0.00	1.37	1.44	2.72	0.94	0.00	0.00
40.00	7.50	7.21	1.71	5.99	5.99	1.18	0.82	0.00	5.85	1.54	0.85	1.41	4.77	1.86	3.99	1.27	1.41	0.64	1.39	1.78	0.67	0.00
41.00	7.50	7.20	1.58	5.17	2.68	1.04	0.60	0.00	3.06	1.75	1.59	1.38	2.10	1.55	2.10	0.95	0.61	1.06	1.88	0.84	0.28	0.00
42.00	7.50	7.20	1.00	6.03	5.08	2.78	0.00	0.00	3.32	0.00	2.33	0.13	1.15	2.84	2.73	0.20	3.80	0.40	2.66	0.29	2.48	0.98
43.00	7.50	7.21	0.39	4.53	4.88	1.97	0.00	0.00	0.65	0.41	0.69	3.96	0.32	0.07	2.61	0.06	2.51	0.00	0.16	0.00	0.59	0.04
44.00	7.50	7.20	2.18	3.56	5.26	2.57	2.11	0.00	3.18	1.60	3.01	1.92	1.92	0.92	3.52	0.04	4.09	0.07	2.05	0.27	0.66	0.85
45.00	7.50	7.21	1.71	2.60	4.20	0.64	0.28	0.00	3.04	1.92	2.70	1.91	1.48	0.18	1.17	0.68	2.97	0.12	3.37	0.80	1.90	1.31
46.00	7.49	7.20	3.10	4.71	4.59	0.60	0.51	0.00	0.94	1.24	3.78	1.35	2.01	0.32	1.93	1.10	2.26	0.52	2.96	1.25	1.47	0.89
47.00	7.50	7.21	0.00	4.68	5.23	2.24	0.07	0.00	0.00	0.79	3.80	3.33	0.97	1.27	0.00	0.35	2.78	0.11	2.66	0.27	2.17	0.49
48.00	7.50	7.20	0.49	5.03	2.58	5.68	1.48	0.00	3.52	4.15	3.43	3.54	4.85	1.66	2.52	0.00	2.71	0.00	3.06	0.31	2.85	0.00
49.00	7.50	7.20	1.93	4.30	2.13	3.73	0.02	0.00	0.00	2.99	0.73	1.91	3.93	0.22	3.98	0.27	1.55	0.09	2.51	1.99	0.87	1.04
50.00	7.50	7.21	1.30	4.29	4.24	0.62	1.44	0.00	3.06	0.95	0.49	3.30	4.49	0.04	2.67	1.53	0.91	0.49	1.18	0.12	1.90	0.73
51.00	7.50	7.20	2.14	2.17	1.53	0.00	0.52	0.00	2.20	3.37	0.99	2.07	4.70	0.32	2.31	2.04	4.59	2.80	2.23	0.00	0.00	0.15
52.00	7.50	7.21	1.41	2.93	4.90	4.78	0.55	0.00	1.11	4.16	0.49	3.21	3.29	0.00	2.06	1.81	3.89	0.61	0.95	0.29	0.89	0.42
53.00	7.50	7.20	2.10	6.37	4.20	0.35	1.11	0.00	3.44	0.69	0.00	1.84	4.52	0.62	3.39	0.40	1.52	0.00	1.10	0.88	0.98	0.98
54.00	7.50	7.20	1.33	5.94	2.94	1.93	3.93	0.00	0.92	0.95	0.14	4.96	4.70	0.04	4.18	0.00	2.72	0.39	0.54	1.04	1.85	0.01
55.00	7.49	7.21	2.83	6.05	5.22	2.40	0.40	0.00	0.00	0.99	0.49	3.00	3.70	0.49	2.54	0.07	0.86	1.02	2.56	1.95	0.54	0.22
56.00	7.50	7.20	1.66	2.16	5.72	2.80	0.05	0.00	2.60	1.34	2.00	2.53	3.72	4.07	4.20	0.00	0.94	0.31	1.34	0.01	0.80	1.78
57.00	7.50	7.21	3.52	2.34	3.63	0.49	0.82	0.00	2.45	2.36	3.71	1.77	3.39	1.33	4.20	1.08	3.44	0.00	3.23	0.00	1.08	0.31
58.00	7.50	7.20	3.01	4.57	4.04	1.95	1.12	0.00	2.73	2.24	1.61	1.54	4.79	1.22	2.17	1.38	1.54	1.30	2.86	0.77	0.00	0.20
59.00	7.50	7.20	1.44	3.07	4.22	1.52	0.00	0.00	2.19	3.49	1.94	1.61	2.25	0.12	3.06	0.09	2.67	0.00	1.34	1.45	0.48	0.57
60.00	7.50	7.21	3.31	3.45	5.24	3.62	1.48	0.00	2.10	2.80	2.06	0.19	2.81	0.91	3.54	0.26	3.17	1.39	1.98	0.67	0.74	0.00
61.00	7.50	7.20	1.95	2.92	3.54	0.48	0.00	0.00	2.36	1.25	0.99	0.85	2.51	1.24	3.52	1.83	2.45	2.87	3.17	0.94	1.84	0.11
62.00	7.50	7.21	1.02	0.67	4.98	4.03	2.74	0.00	0.99	0.52	1.33	4.97	2.72	1.33	3.23	0.46	1.98	0.86	2.64	1.35	1.28	0.20
63.00	7.50	7.20	0.37	3.33	4.36	2.98	0.00	0.00	1.57	0.78	3.29	1.15	3.57	1.05	1.50	1.30	3.04	1.44	0.92	0.11	1.99	0.95
64.00	7.49	7.21	2.08	3.21	4.12	1.38	0.00	0.00	2.32	2.81	0.79	2.41	2.61	0.45	1.44	1.72	2.74	0.45	2.26	0.22	2.03	0.11
65.00	7.50	7.20	1.59	3.26	4.29	2.93	0.82	0.00	2.34	0.32	1.27	1.72	4.07	1.00	0.85	1.93	1.72	1.08	0.68	1.48	2.61	0.16
66.00	7.50	7.20	0.00	6.51	5.45	0.95	0.41	0.00	2.90	0.79	3.90	0.13	2.63	0.08	3.42	0.06	3.92	0.27	0.32	0.00	1.71	0.53
67.00	7.50	7.21	5.17	6.01	2.39	2.21	0.00	0.00	1.52	1.37	2.79	0.69	3.66	1.71	1.58	0.09	2.80	0.61	1.28	1.52	1.25	0.91
68.00	7.50	7.20	3.96	3.79	3.03	3.05	0.00	0.00	3.37	2.56	0.41	2.16	3.71	0.15	4.05	0.00	1.90	0.00	0.26	0.00	1.42	0.00
69.00	7.50	7.21	5.16	4.85	3.92	2.05	1.39	0.00	1.61	2.47	0.49	2.72	3.38	1.59	0.66	0.49	1.19	0.52	1.86	0.54	2.52	0.00
70.00	7.50	7.20	1.94	3.65	3.60	3.43	0.00	0.00	0.87	1.74	3.05	0.41	2.87	1.55	3.77	0.94	1.35	1.18	2.46	1.38	2.33	0.61
71.00	7.50	7.20	1.12	4.19	2.64	1.94	0.24	0.00	3.76	1.27	2.37	0.58	2.58	0.99	3.13	0.82	3.06	2.10	1.60	0.46	1.72	0.21
72.00	7.50	7.21	1.24	3.16	2.52	2.85	0.58	0.00	1.92	0.77	0.47	0.37	4.42	3.45	3.80	0.21	2.56	1.47	1.65	1.48	0.93	0.44
73.00	7.49	7.20	1.31	4.73	2.39	2.12	0.88	0.00	1.86	0.41	2.61	2.12	2.96	0.95	2.23	0.39	4.03	0.11	0.85	1.68	0.08	0.00
74.00	7.50	7.21	0.00	5.11	3.04	1.02	0.49	0.00	2.89	0.46	5.10	0.00	4.62	1.42	4.11	1.19	1.72	0.00	3.33	2.19	0.00	0.25
75.00	7.50	7.20	3.37	1.51	4.39	1.64	1.46	0.00	2.24	4.15	2.85	1.42	3.39	0.98	0.91	0.54	2.79	1.55	3.29	0.00	2.85	0.07
76.00	7.50	7.20	1.55	5.17	5.55	0.12	0.00	0.00	4.07	2.59	0.00	4.20	4.79	0.04	0.99	0.92	2.98	0.41	0.89	0.53	0.39	0.00
77.00	7.50	7.21	0.24	5.22	3.91	3.51	0.74	0.00	2.31	0.24	0.49	1.20	4.57	0.02	2.81	0.00	3.38	0.46	1.08	0.05	0.07	0.42
78.00	7.50	7.20	2.03	5.77	3.98	3.05	0.88	0.00	3.57	1.74	0.98	1.26	2.74	0.91	3.58	1.02	1.64	0.58	2.07	0.79	2.24	0.22
79.00	7.50	7.21	1.31	3.82	5.41	2.89	0.60	0.00	1.25	1.72	0.00	0.00	0.99	0.02	3.29	0.16	2.78	0.64	0.00	1.07	1.06	0.47
10.2.1.3	7.34	8.02
10.2.1.2	7.64	9.06
10.1.1.16	0.69	199266.04
10.1.1.17	2.37	66486.03
10.1.1.18	0.85	95774.69
10.1.1.9	2.38	76611.63
10.1.1.10	1.88	65882.08
10.1.1.11	1.78	135684.59
10.1.1.12	1.88	83438.60
10.1.1.3	1.90	148020.44
10.1.1.4	4.45	26618.26
10.1.1.5	3.64	42979.73
10.1.1.13	3.35	33337.70
10.1.1.6	2.00	115380.55
10.1.1.7	0.70	271943.63
10.1.1.8	1076.36	1091726.00
10.1.1.14	0.93	230415.30
10.1.1.19	1.86	59648.71
10.1.1.20	0.67	189767.33
10.1.1.15	2.52	66870.18
10.1.1.22	0.53	235271.68
10.1.1.21	1.37	72008.08
