Waf: Entering directory `/home/synrg-sc1/Desktop/Jiaming/ns-3.29-mesh/build'
Waf: Leaving directory `/home/synrg-sc1/Desktop/Jiaming/ns-3.29-mesh/build'
Build commands will be stored in build/compile_commands.json
'build' finished successfully (4.783s)
CreateVariables () DONE !!!
Creating 16 APs 50.00 m apart.
CreateApNodes () DONE !!!
Creating 0 CLs 20.00 m away from each AP.
CreateClNodes () DONE !!!
CreateNodes () DONE !!!
CreateMeshDevices () DONE !!!
CreateWifiDevices () DONE !!!
CreateCsmaDevices () DONE !!!
CreateDevices () DONE !!!
InstallInternetStack () DONE !!!
Gateway is connect to AP 0
InstallApplications () DONE !!!
Starting simulation for 80.00 s ...
-------------------------------------------------
Time[s]	ap-0	ap-1	ap-2	ap-3	ap-4	ap-5	ap-6	ap-7	ap-8	ap-9	ap-10	ap-11	ap-12	ap-13	ap-14	ap-15
2.00	0.00	0.00	0.00	0.00	0.00	0.00	0.00	0.00	0.00	0.00	0.00	0.00	0.00	0.00	0.00	0.00
3.00	8.16	5.95	5.45	0.00	0.00	0.00	0.00	0.00	0.00	0.00	0.00	0.00	0.00	0.00	0.00	0.00
4.00	9.90	7.21	6.61	0.00	0.00	0.00	0.00	0.00	0.00	0.00	0.00	0.00	0.00	0.00	0.00	0.00
5.00	9.89	7.20	6.59	0.61	1.81	0.92	0.81	3.01	1.92	0.35	0.88	0.71	1.44	1.70	2.37	1.37
6.00	9.90	7.21	6.61	3.97	3.12	2.53	0.12	2.53	3.97	0.02	3.06	0.37	1.95	3.45	1.63	0.69
7.00	9.90	7.20	6.59	5.51	0.14	1.53	1.20	3.40	4.37	0.54	2.21	0.31	0.31	3.83	1.87	1.51
8.00	9.89	7.20	6.61	5.94	5.23	3.96	2.18	3.73	5.00	0.01	4.50	2.39	3.11	3.60	2.36	1.15
9.00	9.90	7.21	6.59	5.73	0.73	1.41	0.87	5.71	0.19	0.46	1.64	0.45	1.08	1.41	3.91	0.49
10.00	9.90	7.20	6.61	3.79	0.00	4.71	1.46	3.57	3.36	2.36	1.80	1.08	2.44	3.82	3.90	2.03
11.00	9.89	7.21	6.59	0.64	1.24	5.97	1.18	0.99	4.86	1.73	0.65	0.00	1.02	3.51	3.78	0.68
12.00	9.90	7.20	6.61	3.92	2.11	2.34	1.31	1.26	1.81	3.39	1.39	1.70	3.79	2.07	3.03	0.34
13.00	9.90	7.20	6.59	4.75	0.64	1.68	1.46	4.00	0.55	2.40	0.02	0.94	3.77	0.75	1.10	0.31
14.00	9.90	7.21	6.61	4.64	0.94	2.64	1.79	5.00	2.59	2.07	1.19	0.35	3.49	3.64	2.30	1.97
15.00	9.89	7.20	6.59	5.50	0.31	3.45	4.63	3.26	2.54	0.49	3.97	1.92	3.38	2.89	3.66	0.61
16.00	9.90	7.21	6.59	4.56	0.40	3.86	0.75	4.46	3.79	0.00	1.40	2.65	3.97	4.03	3.65	0.52
17.00	9.90	7.20	6.61	5.75	1.66	2.73	0.54	3.16	3.34	0.00	3.59	1.24	3.73	3.51	2.60	0.99
18.00	9.89	7.21	6.59	6.01	0.15	6.26	2.20	5.02	2.20	0.48	2.72	0.48	3.57	3.90	1.31	1.52
19.00	9.90	7.20	6.61	5.37	0.67	1.42	0.57	5.24	0.53	2.63	2.61	0.00	3.40	3.59	1.05	1.24
20.00	9.90	7.20	6.59	5.75	0.57	1.53	2.65	5.02	4.07	1.75	4.49	0.00	3.66	3.85	4.11	1.31
21.00	9.89	7.21	6.61	1.90	0.52	5.30	0.18	5.19	2.64	1.14	4.31	1.46	3.52	3.91	3.69	2.16
22.00	9.90	7.20	6.59	3.99	2.04	5.52	2.41	5.32	3.43	0.16	4.09	2.90	3.43	3.71	3.71	2.46
23.00	9.90	7.21	6.61	2.90	3.04	4.80	2.45	5.16	2.26	1.48	2.40	0.13	2.97	2.59	1.53	1.35
24.00	9.89	7.20	6.59	5.42	0.40	6.01	2.85	5.37	5.10	4.62	3.37	0.75	1.90	3.90	1.84	1.24
25.00	9.90	7.20	6.61	4.51	0.95	5.62	1.79	4.64	4.53	0.49	2.18	1.64	2.99	3.69	2.76	1.38
26.00	9.90	7.21	6.59	6.01	0.12	1.83	2.65	4.64	3.52	0.77	1.35	1.81	3.27	0.81	3.44	2.84
27.00	9.90	7.20	6.61	5.12	0.52	1.64	3.82	5.13	1.33	1.85	3.53	0.18	2.97	3.03	3.38	0.74
28.00	9.89	7.21	6.59	5.55	4.26	0.19	4.39	4.49	1.70	4.03	2.60	0.51	3.72	3.60	3.46	0.74
29.00	9.90	7.20	6.59	5.26	0.84	1.99	0.86	1.80	2.14	1.20	5.17	1.19	2.45	3.83	2.78	1.67
30.00	9.90	7.20	6.61	5.44	0.00	6.92	1.46	1.20	1.22	0.00	4.16	1.77	2.58	3.21	3.86	1.81
31.00	9.89	7.21	6.59	5.37	0.91	5.69	1.98	0.55	1.97	0.18	3.38	0.51	2.26	1.11	3.54	0.25
32.00	9.90	7.20	6.61	5.44	1.17	5.99	2.83	5.03	2.89	0.00	1.50	0.59	0.84	3.71	3.42	2.25
33.00	9.90	7.21	6.59	5.89	0.24	4.79	4.26	5.39	4.72	0.00	4.60	0.41	1.71	3.84	3.29	1.24
34.00	9.89	7.20	6.61	5.31	2.20	2.16	4.16	4.56	0.84	1.83	4.43	0.08	2.45	3.62	2.91	1.24
35.00	9.90	7.21	6.59	5.62	2.53	3.52	2.46	1.77	1.87	0.49	3.12	0.04	2.58	3.90	3.45	2.11
36.00	9.90	7.20	6.61	3.86	1.19	2.00	1.74	5.55	2.25	0.00	2.39	0.00	1.14	3.01	2.92	2.33
37.00	9.89	7.20	6.59	4.30	0.58	4.96	0.00	3.12	2.81	0.11	2.67	0.15	0.78	3.64	3.25	0.00
38.00	9.90	7.21	6.61	3.11	0.24	2.46	0.42	4.65	2.84	0.01	3.44	0.06	0.84	3.90	3.59	0.49
39.00	9.90	7.20	6.59	5.46	0.54	0.59	0.05	1.90	0.99	0.32	3.62	2.60	1.90	1.25	3.14	0.02
40.00	9.90	7.21	6.61	2.10	4.19	0.48	1.19	4.09	3.40	2.91	2.86	0.25	1.60	3.58	3.07	0.92
41.00	9.89	7.20	6.59	2.86	1.25	0.00	1.02	2.65	2.52	2.64	3.54	0.00	3.29	2.91	2.28	1.74
42.00	9.90	7.20	6.59	5.13	3.05	2.93	0.06	1.46	3.84	1.26	3.67	1.48	2.99	2.74	2.46	1.25
43.00	9.90	7.21	6.61	2.47	1.88	0.28	1.73	4.78	1.71	1.40	3.47	3.27	2.48	3.52	1.90	2.81
44.00	9.89	7.20	6.59	6.02	3.30	1.85	1.65	2.63	2.36	0.48	3.13	1.38	2.28	3.87	0.00	1.87
45.00	9.90	7.21	6.61	4.69	0.86	3.34	1.27	1.04	0.58	1.24	2.12	1.54	3.54	3.57	2.07	0.04
46.00	9.90	7.20	6.59	2.99	0.01	1.10	4.55	2.60	3.97	0.71	4.10	1.97	2.07	3.91	3.64	0.00
47.00	9.89	7.21	6.61	3.20	2.87	3.03	1.52	3.84	4.00	0.22	4.37	1.41	1.75	3.89	2.94	3.53
48.00	9.90	7.20	6.59	0.60	0.15	3.85	0.00	0.00	2.94	0.07	4.51	0.48	1.63	3.86	2.05	2.77
49.00	9.90	7.20	6.61	0.32	1.54	0.95	4.24	3.74	3.36	0.75	4.30	1.84	3.04	3.90	3.58	3.03
50.00	9.89	7.21	6.59	3.66	0.85	7.05	4.57	5.32	1.65	0.00	4.05	0.86	3.57	3.86	2.94	1.64
51.00	9.90	7.20	6.61	3.26	0.00	5.06	1.24	4.03	0.29	0.20	3.69	0.00	3.49	3.45	3.85	0.82
52.00	9.90	7.21	6.59	2.67	3.99	0.69	3.85	2.31	1.97	0.31	4.32	0.87	2.39	3.97	3.16	2.57
53.00	9.90	7.20	6.61	2.31	0.69	5.76	3.21	5.32	1.55	0.08	4.46	0.00	3.69	3.38	2.28	0.28
54.00	9.89	7.20	6.59	4.62	3.03	5.96	3.14	5.42	0.00	1.53	4.32	3.19	3.39	3.90	2.13	1.27
55.00	9.90	7.21	6.59	1.05	0.44	1.95	0.07	4.53	1.64	1.26	1.32	1.90	2.11	3.04	1.77	0.84
56.00	9.90	7.20	6.61	4.56	0.02	1.73	0.00	2.06	4.99	0.00	4.38	0.00	0.44	4.44	3.63	0.00
57.00	9.89	7.21	6.59	3.66	1.66	5.08	4.46	2.81	2.38	0.08	2.59	1.21	1.26	3.74	3.90	0.07
58.00	9.90	7.20	6.61	3.70	0.32	1.81	3.30	0.74	2.66	1.95	1.33	3.24	3.39	3.53	2.21	0.73
59.00	9.90	7.20	6.59	3.97	0.81	5.81	0.91	4.30	3.56	0.00	2.70	2.03	1.92	3.90	2.89	1.78
60.00	9.89	7.21	6.61	5.99	1.04	5.44	2.78	4.25	2.79	0.00	2.39	1.31	3.62	3.90	3.80	3.36
61.00	9.90	7.20	6.59	5.16	0.00	6.01	1.18	5.28	0.00	0.65	1.05	1.72	2.84	3.90	1.63	0.49
62.00	9.90	7.21	6.61	4.18	1.66	4.64	0.18	5.02	5.79	0.51	1.48	0.08	1.51	3.90	2.74	1.92
63.00	9.89	7.20	6.59	4.79	2.11	1.15	3.33	5.00	5.10	0.99	0.35	2.72	1.28	3.69	0.75	2.06
64.00	9.90	7.21	6.61	5.22	0.22	3.26	3.69	4.26	2.94	0.99	1.28	2.45	0.97	2.28	2.90	1.81
65.00	9.90	7.20	6.59	5.61	0.84	1.68	4.95	5.28	3.82	0.01	2.24	1.91	0.80	3.10	2.41	1.57
66.00	9.90	7.20	6.61	4.40	1.86	5.82	1.94	0.64	0.14	3.99	4.36	0.44	3.32	3.90	1.27	1.75
67.00	9.89	7.21	6.59	5.68	3.23	3.38	1.05	3.23	0.93	0.55	3.46	1.17	2.79	3.89	3.56	2.85
68.00	9.90	7.20	6.59	5.57	1.24	2.36	0.99	4.00	3.63	0.08	3.91	1.88	2.68	3.85	2.34	0.22
69.00	9.90	7.21	6.61	2.28	3.70	0.87	1.05	0.35	0.69	0.46	4.36	0.37	3.67	3.96	3.49	2.54
70.00	9.89	7.20	6.59	4.12	3.98	0.74	1.98	3.62	3.45	0.00	4.49	2.72	3.77	3.90	3.59	3.57
71.00	9.90	7.20	6.61	4.17	1.08	4.30	1.31	4.91	3.91	1.37	3.78	0.01	0.95	1.57	3.87	2.08
72.00	9.90	7.21	6.59	5.13	1.45	5.99	0.14	2.03	1.20	0.93	2.32	1.11	1.48	3.87	3.49	1.31
73.00	9.89	7.20	6.61	1.81	0.00	5.71	0.00	5.16	1.25	3.17	1.34	0.22	1.80	3.90	3.89	3.33
74.00	9.90	7.21	6.59	4.37	3.97	1.73	2.83	4.53	2.57	0.91	0.80	2.51	3.20	1.00	3.07	1.34
75.00	9.90	7.20	6.61	3.20	0.01	1.40	0.11	5.41	2.50	0.41	1.71	0.24	3.27	3.91	0.93	2.97
76.00	9.90	7.20	6.59	4.50	0.16	1.47	1.18	5.35	0.98	2.06	4.42	1.88	3.58	3.37	0.99	1.54
77.00	9.89	7.21	6.61	2.72	2.08	5.65	1.31	2.84	2.00	0.00	2.63	1.83	3.72	3.72	2.98	1.13
78.00	9.90	7.20	6.59	3.57	0.88	6.01	2.52	5.75	2.06	0.00	4.04	1.65	3.90	3.90	3.89	1.01
79.00	9.90	7.21	6.61	3.83	0.00	5.72	3.60	4.95	2.21	0.00	3.12	2.74	2.06	3.34	2.96	0.26
10.2.1.2	10.09	8.70
10.2.1.4	6.73	9.29
10.2.1.3	7.34	8.49
10.1.1.8	3.85	50146.89
10.1.1.11	3.03	44781.93
10.1.1.7	1.96	93854.59
10.1.1.4	4.31	31815.60
10.1.1.5	1.41	104818.72
10.1.1.6	3.45	64885.18
10.1.1.10	1.02	175390.22
10.1.1.16	1.47	138495.16
10.1.1.9	2.60	93134.33
10.1.1.12	1.18	161386.09
10.1.1.13	2.59	41241.10
10.1.1.14	3.43	13497.08
10.1.1.15	2.85	29512.11
