Waf: Entering directory `/home/synrg-sc1/Desktop/Jiaming/ns-3.29-mesh/build'
Waf: Leaving directory `/home/synrg-sc1/Desktop/Jiaming/ns-3.29-mesh/build'
Build commands will be stored in build/compile_commands.json
'build' finished successfully (4.785s)
CreateVariables () DONE !!!
Creating 17 APs 50.00 m apart.
CreateApNodes () DONE !!!
Creating 0 CLs 20.00 m away from each AP.
CreateClNodes () DONE !!!
CreateNodes () DONE !!!
CreateMeshDevices () DONE !!!
CreateWifiDevices () DONE !!!
CreateCsmaDevices () DONE !!!
CreateDevices () DONE !!!
InstallInternetStack () DONE !!!
Gateway is connect to AP 0
InstallApplications () DONE !!!
Starting simulation for 80.00 s ...
-------------------------------------------------
Time[s]	ap-0	ap-1	ap-2	ap-3	ap-4	ap-5	ap-6	ap-7	ap-8	ap-9	ap-10	ap-11	ap-12	ap-13	ap-14	ap-15	ap-16
2.00	0.00	0.00	0.00	0.00	0.00	0.00	0.00	0.00	0.00	0.00	0.00	0.00	0.00	0.00	0.00	0.00	0.00
3.00	4.53	0.00	0.00	0.00	0.00	0.00	0.00	0.00	0.00	0.00	0.00	0.00	0.00	0.00	0.00	0.00	0.00
4.00	7.81	0.00	0.00	0.00	0.00	0.00	0.00	0.00	0.00	0.00	0.00	0.00	0.00	0.00	0.00	0.00	0.00
5.00	7.80	1.22	2.90	3.50	0.00	2.05	2.40	3.38	0.66	1.95	2.54	0.00	3.46	0.58	2.66	2.56	2.33
6.00	7.80	1.22	0.79	3.09	0.82	1.38	1.93	5.59	1.12	0.34	3.43	0.99	2.43	0.67	0.91	2.11	3.00
7.00	7.81	0.49	1.48	4.40	1.20	0.49	2.01	6.04	0.53	2.99	2.11	0.95	0.86	1.31	0.82	2.26	0.51
8.00	7.80	0.00	3.74	1.02	0.04	2.08	1.21	4.64	0.45	0.99	4.26	1.85	3.38	0.04	0.07	1.32	1.59
9.00	7.80	0.49	0.00	3.94	2.74	0.45	0.95	6.01	0.21	0.19	3.97	0.20	0.20	0.00	0.00	3.60	1.37
10.00	7.81	1.53	3.05	0.73	0.69	1.17	5.82	5.99	0.01	0.00	4.58	0.00	3.49	0.41	0.94	2.64	3.27
11.00	7.80	3.30	0.99	4.69	0.00	1.51	5.46	5.83	2.13	1.34	1.01	0.11	0.93	3.14	3.65	4.22	3.31
12.00	7.81	1.44	1.34	0.44	3.52	2.30	2.04	5.57	2.03	1.39	3.76	0.67	2.66	0.09	1.00	3.19	2.96
13.00	7.80	2.79	4.92	4.43	0.81	0.75	3.03	4.06	0.02	0.05	0.49	0.59	3.79	0.15	2.30	2.52	2.28
14.00	7.80	6.10	1.01	6.01	0.22	1.20	2.31	6.01	0.73	2.46	0.14	2.01	4.50	0.00	0.98	2.00	3.30
15.00	7.81	0.49	2.72	4.12	0.66	0.00	2.32	6.01	0.00	4.46	1.65	0.91	1.20	1.18	0.00	2.53	3.31
16.00	7.80	1.45	1.32	1.46	0.31	1.44	2.53	2.61	0.00	0.40	3.72	0.64	1.75	0.00	2.63	2.05	1.07
17.00	7.80	1.12	6.43	3.67	1.61	0.95	4.80	1.27	0.68	4.52	4.70	0.44	2.13	0.60	0.46	2.83	3.30
18.00	7.81	0.88	5.58	2.39	1.83	1.41	3.64	4.75	0.09	3.26	4.66	0.49	1.71	0.00	3.91	3.60	3.25
19.00	7.80	0.00	1.28	4.45	0.00	4.18	1.33	5.64	0.19	2.30	0.02	2.31	0.00	1.35	0.33	3.60	1.72
20.00	7.80	0.99	1.84	5.04	0.75	1.42	1.51	4.33	1.60	0.60	4.40	4.31	2.01	0.48	1.50	2.84	3.21
21.00	7.81	2.44	4.20	1.93	0.49	2.74	3.52	4.44	2.06	2.84	0.52	2.53	5.04	0.42	1.20	3.20	3.31
22.00	7.80	1.94	3.45	3.23	0.14	0.97	0.69	5.78	1.05	2.83	2.08	0.19	4.43	0.19	0.37	3.60	3.30
23.00	7.81	0.84	3.53	0.99	2.04	3.01	2.73	2.98	0.71	2.28	3.78	2.27	2.99	0.57	0.99	2.66	2.96
24.00	7.80	2.28	5.69	2.14	1.10	1.91	3.00	5.23	0.48	2.93	4.72	1.42	2.91	0.22	3.58	3.18	2.67
25.00	7.80	1.93	2.14	1.64	0.05	1.53	2.58	4.10	0.05	0.00	2.71	2.63	3.44	1.18	1.17	3.31	3.07
26.00	7.81	3.42	2.56	2.39	0.00	1.01	1.27	4.82	0.60	2.68	0.49	1.57	2.77	0.53	2.92	3.60	2.73
27.00	7.80	2.85	1.72	5.68	0.97	0.49	0.99	5.51	0.00	2.05	3.25	1.30	1.34	0.00	0.57	3.60	3.25
28.00	7.80	2.38	0.98	1.34	0.00	0.62	0.49	2.80	1.37	1.79	1.45	2.94	3.73	1.26	0.00	3.21	3.05
29.00	7.81	1.44	4.98	2.78	1.37	2.61	2.83	5.63	0.93	1.46	4.98	2.26	2.08	1.31	0.00	0.93	2.78
30.00	7.80	3.80	0.62	1.70	2.61	0.08	0.81	3.46	0.49	1.60	0.54	4.18	2.91	0.02	2.12	1.70	3.27
31.00	7.80	0.31	4.16	1.60	0.13	4.22	4.11	3.37	0.18	0.68	2.99	0.99	3.60	0.00	3.58	1.57	2.12
32.00	7.81	0.00	0.99	3.99	1.50	3.09	5.84	2.10	0.00	0.09	3.76	0.00	3.79	0.00	3.79	3.60	0.06
33.00	7.80	0.21	0.16	3.89	1.93	3.52	2.17	4.79	0.07	1.06	2.71	2.08	4.42	0.00	2.37	2.68	2.08
34.00	7.81	3.58	2.79	2.52	1.63	3.11	2.53	2.93	0.08	2.65	1.25	3.58	2.79	1.20	0.00	3.64	2.04
35.00	7.80	1.45	5.91	3.63	1.21	2.43	1.25	5.99	1.70	0.60	3.71	1.08	4.09	0.13	2.59	3.60	3.07
36.00	7.80	0.49	5.20	3.60	2.21	0.68	0.99	5.06	0.69	2.17	3.70	1.93	4.32	0.97	0.07	3.34	2.40
37.00	7.81	1.47	4.65	3.70	0.80	3.43	0.00	5.45	0.97	0.68	4.71	1.46	3.44	0.00	0.89	3.10	3.31
38.00	7.80	1.27	5.05	4.11	0.97	3.71	1.01	4.49	0.41	1.07	4.65	1.12	3.42	0.49	0.08	3.60	2.97
39.00	7.80	1.57	3.29	2.61	0.87	1.14	1.19	5.19	0.00	2.76	4.37	2.28	2.04	2.70	0.58	1.90	1.34
40.00	7.81	0.48	4.75	2.71	0.00	2.53	1.55	4.77	2.20	2.94	2.63	1.72	3.54	0.04	2.58	2.37	2.89
41.00	7.80	2.94	1.12	2.34	1.15	0.38	1.74	1.46	0.00	4.25	1.30	1.57	2.99	2.47	0.15	3.60	3.06
42.00	7.80	3.80	1.98	4.19	0.05	2.36	2.16	5.59	2.20	1.17	3.71	3.01	0.38	1.26	1.39	2.16	1.40
43.00	7.81	0.62	2.72	5.95	0.51	0.52	2.31	5.94	0.45	3.37	4.29	1.48	4.83	0.00	0.35	3.59	1.68
44.00	7.80	1.74	0.28	4.19	0.00	1.86	4.64	5.31	0.00	2.32	4.79	2.44	4.49	2.40	3.29	3.25	2.63
45.00	7.81	1.18	1.37	5.59	1.64	2.59	1.44	4.19	0.41	1.33	1.99	2.39	2.96	1.41	0.15	3.70	3.32
46.00	7.80	0.00	1.99	2.27	0.97	0.05	3.46	1.46	0.00	0.52	0.25	2.60	3.74	0.00	0.16	2.70	2.79
47.00	7.80	2.24	1.24	0.19	2.68	0.00	2.45	1.90	1.19	0.99	2.44	2.05	2.40	0.00	0.49	0.25	2.60
48.00	7.81	1.58	3.73	1.78	0.14	0.47	3.03	2.81	0.99	2.14	2.31	0.99	2.45	0.00	0.08	1.38	3.30
49.00	7.80	2.50	2.64	0.07	0.00	1.20	0.00	2.26	2.17	2.89	0.06	0.49	3.10	0.33	0.53	2.41	3.30
50.00	7.80	0.33	4.62	3.13	3.79	3.46	1.81	5.86	0.37	0.51	5.53	0.40	4.20	2.41	0.82	3.60	3.31
51.00	7.81	2.24	2.52	3.38	0.42	0.91	1.35	1.99	1.45	0.99	0.34	1.14	0.73	0.22	1.79	2.86	0.91
52.00	7.80	1.55	5.32	4.72	1.06	1.63	5.49	1.57	0.02	1.18	2.87	3.89	1.94	0.29	2.80	2.78	2.81
53.00	7.80	0.81	5.96	1.51	1.26	2.23	2.32	5.83	4.78	0.00	1.75	2.94	4.38	2.16	2.32	3.06	2.05
54.00	7.81	3.83	2.81	0.79	0.00	4.00	2.67	6.06	1.14	0.82	4.70	0.59	4.04	0.12	1.85	3.59	1.37
55.00	7.80	0.49	1.74	1.90	2.87	3.30	2.00	5.15	1.77	0.61	1.67	2.67	2.67	1.15	2.34	3.57	2.37
56.00	7.81	0.00	2.96	3.52	1.31	1.35	4.91	5.85	0.98	5.89	3.04	1.83	3.73	1.48	2.08	3.21	3.09
57.00	7.80	0.00	2.17	3.24	0.18	0.00	3.84	2.47	0.07	1.40	3.66	1.85	1.44	1.08	0.49	3.25	2.44
58.00	7.80	0.00	2.36	6.01	0.95	0.65	0.18	5.99	0.52	4.52	4.63	2.17	4.50	0.00	0.16	3.59	3.30
59.00	7.81	2.87	3.65	2.65	1.47	2.01	0.38	3.39	0.46	2.45	0.72	2.74	2.77	0.00	0.71	1.47	3.26
60.00	7.80	2.51	0.75	3.77	0.07	2.30	3.13	5.02	0.09	3.09	1.22	4.03	3.17	0.44	3.13	3.60	2.06
61.00	7.80	0.95	1.99	3.82	1.42	2.86	3.91	4.70	1.20	4.24	4.18	1.04	2.34	0.00	4.46	3.11	1.71
62.00	7.81	1.92	3.82	4.09	0.00	2.51	1.00	5.41	0.01	1.13	3.70	0.49	3.45	1.18	3.80	3.21	3.18
63.00	7.80	0.00	1.48	3.09	0.59	0.68	3.47	1.70	0.00	3.29	4.80	1.18	3.36	0.00	1.25	3.60	3.24
64.00	7.80	0.00	2.97	2.85	1.99	3.78	0.18	5.15	2.56	2.31	3.23	3.43	4.49	0.82	0.99	3.60	3.06
65.00	7.81	2.01	4.92	2.17	0.00	0.33	0.93	1.15	1.13	0.46	0.16	3.06	2.86	0.99	1.25	3.60	0.97
66.00	7.80	1.20	6.14	0.78	0.00	3.82	1.11	3.40	1.28	4.30	0.59	0.99	4.33	1.19	1.33	3.50	2.41
67.00	7.81	3.01	4.12	1.11	0.18	0.97	2.94	5.35	1.35	0.77	2.33	0.97	2.04	0.18	0.18	1.66	1.97
68.00	7.80	0.00	6.64	4.82	2.96	0.00	5.66	6.01	0.78	1.53	4.69	1.33	2.97	0.53	2.86	3.59	3.31
69.00	7.80	0.00	3.57	0.29	1.18	2.56	1.84	4.88	1.84	2.34	2.26	1.26	3.66	0.24	1.74	3.21	2.10
70.00	7.81	1.72	4.12	0.57	0.44	0.59	4.29	3.69	1.98	1.65	4.62	2.11	4.18	0.00	2.32	3.60	3.07
71.00	7.80	3.84	0.99	3.17	1.74	0.27	2.38	3.32	1.40	1.44	0.86	2.11	3.09	2.27	0.00	2.46	1.84
72.00	7.80	0.71	1.01	3.47	0.38	3.33	4.93	1.04	0.00	3.23	2.94	0.20	1.90	0.73	1.37	3.25	3.36
73.00	7.81	2.21	2.52	3.26	2.25	3.45	1.13	3.65	0.86	4.73	1.27	3.32	1.81	0.11	0.34	3.43	3.30
74.00	7.80	5.03	2.63	4.49	0.54	1.71	4.16	6.01	2.36	1.07	1.32	2.57	3.65	0.00	1.78	3.16	2.85
75.00	7.80	2.50	2.79	3.65	1.57	2.23	4.99	3.19	0.37	2.16	3.83	1.64	4.04	0.77	3.17	2.66	1.84
76.00	7.81	2.46	5.63	2.18	0.00	1.24	1.74	6.63	1.83	3.84	4.96	1.95	3.97	0.93	1.42	2.38	3.82
77.00	7.80	1.10	2.86	1.35	0.85	0.95	3.00	4.92	0.19	0.15	2.63	2.86	2.72	0.28	1.68	3.27	1.15
78.00	7.81	2.06	6.42	0.95	0.64	3.91	2.51	1.26	1.55	2.85	3.63	3.74	2.04	1.01	0.32	2.37	3.11
79.00	7.80	0.86	1.28	1.00	0.62	3.98	1.86	2.19	0.48	0.40	4.44	3.24	2.37	1.15	1.50	3.00	2.85
10.2.1.2	7.95	8.63
10.1.1.4	2.98	62469.87
10.1.1.5	1.01	167306.43
10.1.1.6	1.84	104852.13
10.1.1.7	2.52	82790.26
10.1.1.8	4.38	28305.06
10.1.1.9	0.90	226058.88
10.1.1.10	1.97	96597.74
10.1.1.14	0.69	292325.33
10.1.1.3	3.05	82327.17
10.1.1.17	2.63	33856.67
10.1.1.2	1.64	130137.40
10.1.1.11	2.91	86321.53
10.1.1.15	1.49	178257.57
10.1.1.12	1.86	101553.32
10.1.1.13	3.02	45842.34
10.1.1.16	2.98	37652.20
