Waf: Entering directory `/home/synrg-sc1/Desktop/Jiaming/ns-3.29-mesh/build'
Waf: Leaving directory `/home/synrg-sc1/Desktop/Jiaming/ns-3.29-mesh/build'
Build commands will be stored in build/compile_commands.json
'build' finished successfully (4.777s)
CreateVariables () DONE !!!
Creating 13 APs 50.00 m apart.
CreateApNodes () DONE !!!
Creating 0 CLs 20.00 m away from each AP.
CreateClNodes () DONE !!!
CreateNodes () DONE !!!
CreateMeshDevices () DONE !!!
CreateWifiDevices () DONE !!!
CreateCsmaDevices () DONE !!!
CreateDevices () DONE !!!
InstallInternetStack () DONE !!!
Gateway is connect to AP 0
InstallApplications () DONE !!!
Starting simulation for 80.00 s ...
-------------------------------------------------
Time[s]	ap-0	ap-1	ap-2	ap-3	ap-4	ap-5	ap-6	ap-7	ap-8	ap-9	ap-10	ap-11	ap-12
2.00	0.00	0.00	0.00	0.00	0.00	0.00	0.00	0.00	0.00	0.00	0.00	0.00	0.00
3.00	8.18	7.31	0.00	0.00	0.00	0.00	0.00	0.00	0.00	0.00	0.00	0.00	0.00
4.00	8.40	7.50	0.00	0.00	0.00	0.00	0.00	0.00	0.00	0.00	0.00	0.00	0.00
5.00	8.41	7.50	4.98	0.04	4.12	3.93	3.73	3.31	0.04	0.04	3.59	0.00	1.99
6.00	8.40	7.50	5.71	0.81	4.19	1.28	2.19	2.52	2.04	0.00	2.56	0.04	1.52
7.00	8.40	7.50	3.19	0.89	3.21	1.34	0.98	2.10	0.00	1.97	2.99	1.27	0.49
8.00	8.41	7.50	1.95	0.00	2.08	0.02	4.12	2.05	1.60	1.64	3.04	0.00	1.93
9.00	8.40	7.50	3.92	1.67	4.96	0.05	1.95	1.94	0.85	2.39	3.44	1.52	0.64
10.00	8.40	7.49	2.59	1.73	5.38	0.04	3.79	1.79	1.18	5.09	3.82	0.01	0.54
11.00	8.41	7.50	6.83	1.48	5.48	3.04	1.86	4.72	2.03	4.36	4.12	0.00	0.05
12.00	8.40	7.50	6.88	6.10	4.92	0.11	1.27	1.45	1.46	4.29	4.20	0.00	0.00
13.00	8.40	7.50	6.64	2.30	5.18	2.28	0.72	1.80	1.64	2.58	2.34	0.00	1.97
14.00	8.41	7.50	6.87	5.45	4.15	0.69	3.87	4.38	2.68	3.73	4.55	0.00	0.93
15.00	8.40	7.50	6.01	2.10	5.90	1.94	2.48	3.84	1.94	1.25	4.04	0.00	2.00
16.00	8.40	7.50	6.90	6.41	5.99	0.47	0.00	4.79	0.00	4.84	4.19	0.00	2.71
17.00	8.41	7.50	6.90	6.29	5.99	0.00	5.82	4.80	4.03	0.00	4.20	0.00	2.70
18.00	8.40	7.50	6.90	5.97	5.68	0.15	5.33	4.78	4.45	0.13	4.19	0.00	2.54
19.00	8.40	7.49	5.03	4.63	4.88	0.14	3.96	2.33	0.95	2.74	4.20	0.00	2.46
20.00	8.40	7.50	5.57	2.86	1.07	3.04	4.49	1.80	4.20	3.05	3.49	0.39	2.00
21.00	8.41	7.50	5.83	0.00	3.33	1.26	1.83	0.67	1.14	0.77	1.14	0.97	1.66
22.00	8.40	7.50	5.04	3.14	5.36	2.01	5.06	3.98	0.00	1.19	4.20	1.37	0.73
23.00	8.40	7.50	6.39	2.30	5.82	0.51	4.97	1.94	0.00	3.01	3.47	0.00	1.02
24.00	8.41	7.50	6.48	0.54	5.78	0.00	5.02	0.07	2.59	1.07	4.20	2.01	1.21
25.00	8.40	7.50	2.73	0.05	6.01	0.45	5.26	1.10	0.37	4.07	3.26	0.69	0.00
26.00	8.40	7.50	6.25	0.49	5.32	0.49	1.91	3.11	3.17	4.20	4.19	2.38	1.77
27.00	8.41	7.50	6.50	2.44	3.21	0.77	4.60	3.19	1.59	2.89	3.58	2.25	2.47
28.00	8.40	7.49	4.53	5.16	1.85	0.49	2.12	1.57	0.49	0.49	3.93	2.37	2.23
29.00	8.40	7.50	6.51	2.74	1.64	1.24	5.42	1.06	0.26	1.98	4.11	1.27	0.80
30.00	8.41	7.50	6.79	0.89	5.99	0.28	5.31	1.17	1.37	3.24	4.20	0.60	1.18
31.00	8.40	7.50	6.81	3.93	5.82	0.00	2.76	0.00	2.07	2.43	4.19	1.84	1.55
32.00	8.40	7.50	6.54	2.63	5.49	0.22	2.68	0.00	0.74	1.14	4.11	0.54	0.00
33.00	8.41	7.50	5.69	2.45	5.68	0.48	0.47	1.81	2.33	4.33	4.18	2.45	1.99
34.00	8.40	7.50	5.92	4.07	3.04	0.49	3.47	4.22	0.42	4.31	3.85	0.29	1.79
35.00	8.40	7.50	6.87	2.08	5.19	1.15	5.66	4.51	4.13	1.86	4.20	2.51	0.87
36.00	8.41	7.50	5.48	4.95	5.24	1.10	5.37	3.56	2.60	3.37	4.05	0.14	2.70
37.00	8.40	7.49	6.63	1.95	5.42	3.33	5.44	4.79	3.27	1.97	4.20	1.07	2.70
38.00	8.40	7.50	6.19	0.34	4.99	1.38	5.15	4.06	3.91	1.50	3.52	0.00	0.89
39.00	8.40	7.50	6.09	1.52	5.41	0.48	4.15	3.76	3.80	0.78	3.51	0.01	0.72
40.00	8.41	7.50	6.62	2.52	5.99	2.76	4.96	4.53	3.13	0.14	4.12	1.84	1.40
41.00	8.40	7.50	6.71	1.53	5.39	0.00	4.13	4.11	3.31	0.57	3.42	2.51	0.00
42.00	8.40	7.50	6.91	3.20	5.99	1.52	5.38	4.47	4.22	2.78	4.20	2.70	0.99
43.00	8.41	7.50	6.72	3.10	4.57	1.39	5.03	3.69	0.49	2.39	4.18	2.52	2.34
44.00	8.40	7.50	6.62	3.44	5.82	1.25	4.93	0.69	2.58	0.86	4.20	2.66	2.66
45.00	8.40	7.50	6.91	2.73	5.92	0.74	4.98	2.27	3.73	0.04	4.19	2.74	2.72
46.00	8.41	7.49	6.62	2.70	5.61	0.53	4.72	2.61	0.15	3.93	4.20	0.68	1.85
47.00	8.40	7.50	6.90	2.89	6.01	0.42	5.39	0.00	2.11	4.45	4.20	1.27	2.70
48.00	8.40	7.50	6.23	1.35	5.44	2.21	5.29	3.10	4.03	4.47	4.09	0.26	2.63
49.00	8.41	7.50	6.54	1.04	6.38	4.29	4.70	2.92	3.60	1.98	2.47	0.00	0.00
50.00	8.40	7.50	6.90	1.05	4.97	1.92	2.48	4.84	4.51	1.78	2.06	0.66	1.08
51.00	8.40	7.50	6.83	3.98	5.28	0.12	4.86	3.07	0.86	4.17	4.19	1.38	1.06
52.00	8.41	7.50	6.90	5.83	3.74	0.00	5.29	1.27	0.00	1.95	4.05	2.50	2.16
53.00	8.40	7.50	6.57	3.62	3.63	0.15	3.36	2.70	0.87	1.98	4.06	1.27	2.34
54.00	8.40	7.50	6.89	6.12	1.61	1.05	5.32	0.00	0.38	4.10	4.20	0.82	2.70
55.00	8.41	7.49	6.91	2.01	0.81	0.59	5.11	3.10	0.33	1.18	3.73	2.11	2.32
56.00	8.40	7.50	6.90	1.79	3.27	0.00	5.72	0.40	0.75	2.58	3.94	0.00	1.68
57.00	8.40	7.50	6.88	0.52	5.31	0.89	3.19	2.96	2.61	4.38	4.45	0.00	0.29
58.00	8.40	7.50	6.89	1.95	4.42	0.59	5.73	2.06	1.45	2.86	4.11	0.68	1.33
59.00	8.41	7.50	6.82	0.11	4.82	0.29	1.91	3.37	1.02	0.80	4.04	0.46	1.00
60.00	8.40	7.50	6.90	4.05	5.79	3.14	4.46	3.63	0.82	4.47	4.18	0.13	0.02
61.00	8.40	7.50	5.84	1.44	1.37	2.71	4.12	3.03	0.00	3.63	4.02	0.64	1.58
62.00	8.41	7.50	6.89	1.11	5.16	5.08	3.16	4.77	1.42	4.46	4.19	0.00	2.50
63.00	8.40	7.50	6.90	0.00	3.32	0.87	1.93	1.55	2.31	0.53	3.19	0.78	0.32
64.00	8.40	7.49	6.90	1.07	2.98	0.78	2.94	1.34	1.74	0.48	4.20	0.33	0.33
65.00	8.41	7.50	4.20	0.45	4.31	0.00	2.63	2.20	0.00	2.83	2.97	1.72	1.48
66.00	8.40	7.50	6.95	3.74	4.91	0.49	4.98	2.91	0.41	0.18	4.27	0.00	0.00
67.00	8.40	7.50	6.90	0.95	2.81	1.95	5.20	1.90	0.00	1.72	4.20	0.00	0.00
68.00	8.41	7.50	6.67	0.13	3.40	0.04	3.19	0.59	1.55	1.18	2.53	0.00	0.00
69.00	8.40	7.50	6.90	0.08	5.44	4.63	3.23	1.44	4.03	1.79	3.79	0.00	0.00
70.00	8.40	7.50	5.36	4.35	5.25	3.70	4.11	1.52	3.39	3.03	3.26	0.00	0.00
71.00	8.41	7.50	6.56	5.10	2.27	0.00	1.94	1.40	1.37	0.86	4.57	0.44	0.87
72.00	8.40	7.50	6.59	0.00	5.50	0.00	4.95	3.74	1.06	2.20	3.82	3.17	2.97
73.00	8.40	7.49	6.77	1.41	5.85	1.15	5.26	2.71	2.04	2.81	4.20	0.32	2.70
74.00	8.41	7.50	6.45	0.99	5.70	1.08	5.17	0.93	2.27	1.51	3.25	0.00	2.20
75.00	8.40	7.50	6.25	4.90	2.13	0.00	3.93	2.90	1.48	3.07	3.17	1.93	1.81
76.00	8.40	7.50	0.00	0.00	3.60	4.22	5.71	0.01	4.04	4.36	4.13	2.07	2.58
77.00	8.40	7.50	2.79	1.14	3.59	1.95	2.89	1.65	1.46	3.05	3.60	1.73	1.97
78.00	8.41	7.50	6.88	6.09	6.26	2.32	1.41	1.50	0.91	2.81	3.01	1.80	2.64
79.00	8.40	7.50	5.32	1.97	5.17	4.64	2.83	3.20	2.59	3.56	3.65	1.06	0.99
10.2.1.3	7.64	8.04
10.2.1.2	8.56	8.21
10.1.1.8	2.58	48250.75
10.1.1.4	2.48	93943.66
10.1.1.6	1.34	85575.20
10.1.1.7	3.97	48075.65
10.1.1.3	6.18	10269.27
10.1.1.5	4.70	18081.46
10.1.1.9	1.88	96197.23
10.1.1.10	2.44	25443.19
10.1.1.11	3.86	10555.15
10.1.1.12	0.97	113153.47
10.1.1.13	1.51	99201.07
