Waf: Entering directory `/home/synrg-sc1/Desktop/Jiaming/ns-3.29-mesh/build'
Waf: Leaving directory `/home/synrg-sc1/Desktop/Jiaming/ns-3.29-mesh/build'
Build commands will be stored in build/compile_commands.json
'build' finished successfully (4.883s)
CreateVariables () DONE !!!
Creating 12 APs 50.00 m apart.
CreateApNodes () DONE !!!
Creating 0 CLs 20.00 m away from each AP.
CreateClNodes () DONE !!!
CreateNodes () DONE !!!
CreateMeshDevices () DONE !!!
CreateWifiDevices () DONE !!!
CreateCsmaDevices () DONE !!!
CreateDevices () DONE !!!
InstallMeshInternetStack () DONE !!!
InstallWifiInternetStack () DONE !!!
InstallCsmaInternetStack () DONE !!!
InstallInternetStack () DONE !!!
Gateway is connect to AP 0
InstallApplications () DONE !!!
Starting simulation for 40.00 s ...
-------------------------------------------------
Time[s]	ap-0	ap-1	ap-2	ap-3	ap-4	ap-5	ap-6	ap-7	ap-8	ap-9	ap-10	ap-11
2.00	0.00	0.00	0.00	0.00	0.00	0.00	0.00	0.00	0.00	0.00	0.00	0.00
3.00	9.22	0.00	0.00	0.00	0.00	0.00	0.00	0.00	0.00	0.00	0.00	0.00
4.00	10.01	0.00	0.00	0.00	0.00	0.00	0.00	0.00	0.00	0.00	0.00	0.00
5.00	10.02	2.32	0.36	0.35	2.30	0.00	0.00	0.00	0.00	0.00	0.00	1.40
6.00	10.02	6.01	5.18	4.90	5.14	0.00	0.00	0.00	0.00	0.00	0.00	3.16
7.00	10.01	6.01	5.42	5.42	5.15	0.01	0.00	0.00	0.00	0.00	0.00	3.14
8.00	10.02	6.01	5.44	5.45	5.14	1.24	0.00	0.00	0.00	0.00	0.00	3.14
9.00	10.02	6.01	5.45	5.42	5.15	0.00	0.00	0.00	0.00	0.00	0.00	3.14
10.00	10.01	6.01	5.42	5.45	5.14	0.00	0.00	0.00	0.00	0.00	0.00	3.16
11.00	10.02	6.01	5.45	5.44	5.15	0.00	0.00	0.00	0.00	0.00	0.00	3.14
12.00	10.02	6.01	5.44	5.42	5.15	0.00	0.00	0.00	0.00	0.00	0.00	3.14
13.00	10.01	6.01	3.63	5.44	5.13	1.50	0.00	0.00	0.00	0.00	0.00	3.14
14.00	10.02	6.01	3.57	5.42	5.15	4.86	0.00	0.00	0.00	0.00	0.00	3.14
15.00	10.02	6.01	5.44	5.44	5.14	4.86	0.00	0.00	0.00	0.00	0.00	3.16
16.00	10.01	6.01	5.42	5.44	5.14	4.86	0.00	0.00	0.00	0.00	0.00	3.14
17.00	10.02	6.01	5.45	5.44	5.15	4.87	0.00	0.00	0.00	0.00	0.00	3.14
18.00	10.01	4.96	5.44	5.37	4.31	3.85	0.00	0.00	0.00	0.00	0.00	3.14
19.00	10.02	4.49	5.44	5.44	1.95	3.05	0.00	0.00	0.00	0.00	0.00	3.13
20.00	10.02	6.01	5.44	5.44	5.14	4.85	0.00	0.00	0.00	0.00	0.00	3.13
21.00	10.01	6.01	5.44	5.44	5.15	4.87	0.00	0.00	0.00	0.00	0.00	3.16
22.00	10.02	6.01	5.44	5.44	5.14	4.86	0.00	0.00	0.00	0.00	0.00	3.14
23.00	10.02	6.01	5.44	5.37	5.13	4.55	0.00	0.00	0.00	0.00	0.00	3.14
24.00	10.01	6.00	5.44	5.45	5.17	0.00	0.00	0.00	0.00	0.00	0.00	3.16
25.00	10.02	6.01	5.44	5.44	5.15	5.71	0.00	0.00	0.00	0.00	0.00	3.14
26.00	10.02	6.01	5.44	5.44	5.14	4.86	0.00	0.00	0.00	0.00	0.00	3.14
27.00	10.01	6.01	5.44	5.44	5.15	4.86	0.00	0.00	0.00	0.00	0.00	3.14
28.00	10.02	6.01	5.44	5.44	5.15	4.86	0.00	0.00	0.00	0.00	0.00	3.16
29.00	10.02	6.00	1.80	5.42	5.14	4.87	0.00	0.00	0.00	0.00	0.00	3.14
30.00	10.01	6.01	5.44	5.44	5.15	4.86	0.00	0.00	0.00	0.00	0.00	3.14
31.00	10.02	6.01	5.44	5.44	5.14	4.86	0.00	0.00	0.00	0.00	0.00	3.14
32.00	10.01	6.01	5.44	5.44	5.15	4.86	0.00	0.00	0.00	0.00	0.00	3.16
33.00	10.02	6.01	5.44	5.44	5.14	4.86	0.00	0.00	0.00	0.00	0.00	3.14
34.00	10.02	6.01	2.26	5.45	5.11	4.85	0.00	0.00	0.00	0.00	0.00	3.14
35.00	10.01	6.01	6.49	5.42	5.14	4.86	0.00	0.00	0.00	0.00	0.00	3.14
36.00	10.02	6.01	5.44	5.44	5.15	4.86	0.00	0.00	0.00	0.00	0.00	3.16
37.00	10.02	6.01	5.44	5.45	5.15	4.86	0.00	0.00	0.00	0.00	0.00	3.14
38.00	10.01	6.01	5.44	5.44	5.14	4.86	0.00	0.00	0.00	0.00	0.00	3.14
39.00	10.02	6.01	5.45	5.42	5.15	2.40	0.00	0.00	0.00	0.00	0.00	3.14
10.2.1.2	10450.10	8.07
10.1.1.9	0	0
10.1.1.2	6194.23	3013.75
10.1.1.6	3798.04	11751.47
10.1.1.7	0	0
10.1.1.8	0	0
10.1.1.5	5254.53	3406.01
10.1.1.11	0	0
10.1.1.3	5332.66	5940.77
10.1.1.4	5597.48	3196.96
10.1.1.10	0	0
10.1.1.12	3284.50	1504.97
