Waf: Entering directory `/home/synrg-sc1/Desktop/Jiaming/ns-3.29-mesh/build'
Waf: Leaving directory `/home/synrg-sc1/Desktop/Jiaming/ns-3.29-mesh/build'
Build commands will be stored in build/compile_commands.json
'build' finished successfully (4.755s)
CreateVariables () DONE !!!
Creating 18 APs 50.00 m apart.
CreateApNodes () DONE !!!
Creating 0 CLs 20.00 m away from each AP.
CreateClNodes () DONE !!!
CreateNodes () DONE !!!
CreateMeshDevices () DONE !!!
CreateWifiDevices () DONE !!!
CreateCsmaDevices () DONE !!!
CreateDevices () DONE !!!
InstallInternetStack () DONE !!!
Gateway is connect to AP 0
InstallApplications () DONE !!!
Starting simulation for 80.00 s ...
-------------------------------------------------
Time[s]	ap-0	ap-1	ap-2	ap-3	ap-4	ap-5	ap-6	ap-7	ap-8	ap-9	ap-10	ap-11	ap-12	ap-13	ap-14	ap-15	ap-16	ap-17
2.00	0.00	0.00	0.00	0.00	0.00	0.00	0.00	0.00	0.00	0.00	0.00	0.00	0.00	0.00	0.00	0.00	0.00	0.00
3.00	6.50	5.41	0.00	0.00	0.00	0.00	0.00	0.00	0.00	0.00	0.00	0.00	0.00	0.00	0.00	0.00	0.00	0.00
4.00	8.70	7.21	0.00	0.00	0.00	0.00	0.00	0.00	0.00	0.00	0.00	0.00	0.00	0.00	0.00	0.00	0.00	0.00
5.00	8.70	7.20	1.88	0.00	0.04	0.00	0.00	1.37	1.64	1.12	0.00	2.91	2.37	2.57	0.59	0.41	0.07	0.19
6.00	8.69	7.21	2.94	4.24	0.01	1.86	0.02	0.77	1.71	1.12	0.04	4.23	1.98	2.27	0.91	0.33	0.49	0.14
7.00	8.70	7.20	0.73	2.38	0.28	2.24	0.00	2.65	0.57	1.92	0.61	1.11	0.41	2.76	0.22	0.04	1.44	1.70
8.00	8.70	7.20	1.57	1.37	0.58	3.07	0.41	4.03	0.29	0.77	0.20	3.33	1.34	1.91	0.73	1.54	1.53	1.11
9.00	8.70	7.21	2.86	3.27	0.39	1.54	0.07	2.31	0.84	0.47	0.00	2.36	0.81	3.74	1.50	0.39	0.31	0.93
10.00	8.70	7.20	6.10	5.18	0.52	3.38	0.00	1.52	1.02	0.49	0.18	3.93	2.99	3.87	0.35	2.53	1.79	2.17
11.00	8.69	7.21	4.73	3.05	0.06	1.15	0.00	3.42	0.31	0.67	0.01	1.94	3.17	3.18	1.10	0.16	1.77	1.79
12.00	8.70	7.20	4.60	6.43	2.27	0.49	0.27	2.27	1.99	1.54	0.00	4.45	2.78	3.87	0.04	1.00	2.32	2.68
13.00	8.70	7.20	3.77	3.29	1.79	0.88	0.94	3.12	1.39	2.51	0.00	2.80	1.85	3.93	2.37	0.27	1.34	2.47
14.00	8.70	7.21	3.93	3.50	2.91	2.47	2.06	3.10	1.31	0.01	1.19	0.45	4.04	3.65	2.01	0.22	1.66	1.71
15.00	8.70	7.20	2.03	3.45	1.47	1.17	0.00	6.43	0.22	0.49	0.53	3.80	1.58	3.10	1.40	0.48	0.21	1.99
16.00	8.69	7.21	1.20	6.15	1.02	2.17	0.01	4.68	0.00	0.00	1.06	4.35	2.10	3.63	2.11	0.29	1.38	1.55
17.00	8.70	7.20	3.54	5.03	0.00	0.32	1.25	1.00	0.61	3.11	1.19	2.98	3.72	3.05	2.93	0.00	0.04	2.30
18.00	8.70	7.21	4.38	3.89	1.31	1.24	0.22	1.75	1.07	2.66	0.00	3.58	4.16	2.41	1.86	0.39	3.03	0.71
19.00	8.70	7.20	5.55	4.55	1.11	0.80	0.49	2.00	0.14	0.00	0.73	3.36	0.49	1.84	2.44	0.69	2.71	1.52
20.00	8.70	7.20	3.43	6.30	0.94	3.10	2.25	3.82	0.64	1.14	1.90	1.41	2.50	2.01	3.13	0.13	1.79	1.75
21.00	8.69	7.21	1.73	3.65	1.68	0.18	0.00	4.38	0.46	0.00	0.00	1.24	1.71	0.94	0.57	0.89	0.00	1.92
22.00	8.70	7.20	1.24	6.94	0.00	1.41	0.13	1.08	1.57	2.50	0.38	3.85	3.36	3.51	2.72	1.34	2.21	2.36
23.00	8.70	7.21	4.02	3.78	1.07	1.38	0.00	3.78	2.14	0.00	1.34	1.97	2.14	3.05	0.77	1.35	1.81	0.39
24.00	8.70	7.20	3.01	2.77	2.38	0.00	0.01	1.91	3.17	0.34	0.22	5.04	3.43	3.50	2.67	0.16	0.81	2.73
25.00	8.69	7.20	4.99	3.99	0.68	1.93	0.01	3.27	0.82	1.72	1.11	4.30	3.67	1.98	0.00	0.28	2.64	2.56
26.00	8.70	7.21	3.14	4.20	2.38	0.54	0.64	1.93	1.94	0.12	1.31	1.86	2.67	2.89	0.94	0.78	0.31	0.28
27.00	8.70	7.20	0.44	2.27	0.55	1.42	0.00	5.52	0.00	0.00	0.00	3.64	1.40	3.04	2.59	0.05	0.47	0.71
28.00	8.70	7.21	5.53	3.63	2.16	2.12	1.84	4.68	1.53	0.49	0.26	4.39	3.39	3.85	2.06	0.15	2.01	0.67
29.00	8.70	7.20	2.41	6.22	1.99	2.70	0.19	4.43	0.75	0.55	0.00	2.98	0.81	3.25	1.99	0.00	0.38	0.62
30.00	8.69	7.20	6.28	6.30	6.02	0.14	0.00	5.41	0.92	0.22	0.00	4.49	2.97	3.90	0.64	0.00	2.80	1.27
31.00	8.70	7.21	3.29	4.77	1.20	1.44	0.71	0.86	0.85	0.00	0.20	2.24	3.32	3.66	3.04	1.72	0.18	2.20
32.00	8.70	7.20	1.31	6.79	0.94	0.89	1.02	2.39	1.33	1.15	1.45	4.51	3.91	3.67	3.03	1.21	1.13	2.53
33.00	8.70	7.21	1.39	6.29	0.49	2.41	1.63	4.73	0.95	0.21	0.05	3.89	1.20	1.54	1.86	1.64	0.53	1.86
34.00	8.70	7.20	4.06	4.26	1.85	1.50	2.08	5.02	0.75	1.64	0.08	2.30	1.42	3.74	2.01	0.86	1.30	1.24
35.00	8.69	7.21	2.06	3.96	0.00	0.13	1.22	2.90	1.05	0.88	0.64	1.80	3.26	3.71	2.84	0.47	1.54	0.78
36.00	8.70	7.20	2.10	1.58	0.55	0.25	0.00	3.85	0.84	1.98	0.32	2.71	1.63	2.57	0.92	0.99	0.93	1.59
37.00	8.70	7.20	2.97	4.56	1.52	0.37	0.33	1.28	1.05	1.70	1.15	3.49	1.47	3.47	0.98	0.00	1.79	1.32
38.00	8.70	7.21	5.52	6.70	2.39	1.75	0.00	3.97	2.36	0.00	1.45	3.93	4.05	3.90	1.21	3.17	1.70	2.04
39.00	8.70	7.20	1.83	4.91	1.06	0.62	2.04	1.19	0.67	1.07	0.84	2.72	1.31	3.25	1.65	1.80	0.38	2.46
40.00	8.69	7.21	0.73	4.93	0.61	1.13	0.60	3.71	0.94	1.14	0.24	4.36	2.98	3.87	0.78	2.60	1.32	1.73
41.00	8.70	7.20	2.83	5.33	1.07	1.28	0.34	3.07	1.25	0.24	0.13	0.98	1.61	3.91	1.85	1.41	0.49	1.65
42.00	8.70	7.20	5.84	4.60	0.05	4.36	0.49	5.62	0.72	2.20	1.02	2.06	3.85	3.43	2.61	1.04	0.14	0.78
43.00	8.70	7.21	4.84	5.81	1.26	2.04	1.24	4.04	0.00	0.99	0.68	2.03	1.81	3.77	2.40	0.00	0.47	0.33
44.00	8.70	7.20	5.15	5.16	2.90	0.00	1.02	2.57	3.72	0.87	0.55	4.45	4.06	3.87	2.26	0.00	0.42	1.40
45.00	8.69	7.21	1.50	5.61	0.18	1.58	0.15	4.75	1.97	0.49	0.01	3.16	3.23	3.26	1.74	0.00	1.50	1.40
46.00	8.70	7.20	3.53	3.64	0.00	0.72	0.00	3.85	2.16	0.51	0.00	4.24	3.01	3.83	1.65	0.16	1.12	0.06
47.00	8.70	7.21	3.73	2.74	2.12	0.77	0.52	2.66	1.33	3.36	0.66	3.66	3.45	2.93	1.20	1.79	0.84	1.14
48.00	8.70	7.20	5.44	5.39	1.92	0.79	0.32	3.16	1.10	1.74	0.53	2.68	2.18	2.40	2.38	2.24	1.05	0.31
49.00	8.69	7.20	5.51	5.13	3.23	1.75	0.00	2.10	0.81	0.51	0.31	1.13	2.43	3.76	2.40	1.48	1.90	0.29
50.00	8.70	7.21	0.61	5.69	3.63	0.58	2.07	2.48	0.49	1.40	2.57	2.67	1.73	3.47	2.70	0.00	0.59	0.54
51.00	8.70	7.20	2.04	4.91	0.00	0.09	0.19	2.79	0.00	0.00	0.07	3.11	1.91	3.91	1.59	1.53	1.38	0.00
52.00	8.70	7.21	5.09	6.29	2.58	3.24	1.52	2.48	1.55	1.75	0.04	3.56	1.61	3.82	1.07	1.60	2.17	1.01
53.00	8.70	7.20	2.00	5.98	1.31	3.17	0.00	2.57	0.49	1.54	0.59	3.64	3.07	2.59	3.21	0.15	1.26	0.62
54.00	8.69	7.20	4.93	6.28	1.21	4.95	0.00	3.06	0.57	0.09	0.79	1.99	3.64	4.43	3.04	2.20	2.34	0.74
55.00	8.70	7.21	0.99	5.35	0.00	0.49	0.06	4.02	0.61	0.59	0.00	3.59	2.32	3.66	1.27	1.24	0.89	0.58
56.00	8.70	7.20	5.88	3.99	0.47	4.76	0.00	4.71	0.00	0.99	1.38	3.30	2.68	3.77	1.71	0.31	0.87	1.91
57.00	8.70	7.21	3.80	4.18	0.49	1.65	0.00	4.62	0.06	0.51	1.11	3.72	1.01	2.81	2.07	0.00	0.32	0.00
58.00	8.70	7.20	5.77	5.04	0.00	0.34	0.08	4.06	3.91	0.00	0.00	2.85	3.63	4.26	1.47	0.98	1.32	2.07
59.00	8.69	7.20	3.73	6.16	0.60	1.79	0.00	3.07	0.49	0.00	0.00	0.72	3.32	3.59	0.82	1.78	1.33	0.81
60.00	8.70	7.21	3.74	3.83	1.88	0.00	0.06	5.29	1.27	3.13	0.29	3.62	0.81	3.90	1.59	2.12	2.13	1.12
61.00	8.70	7.20	2.73	0.89	0.00	0.16	1.85	2.59	2.81	0.80	0.41	3.04	3.37	2.67	1.20	0.00	0.99	1.52
62.00	8.70	7.21	1.90	0.95	0.02	0.49	0.02	1.61	2.80	0.00	0.00	2.70	1.78	3.97	3.32	3.12	0.49	1.20
63.00	8.70	7.20	3.91	5.11	1.48	3.11	1.01	4.20	1.18	0.99	3.26	4.50	3.93	3.05	0.53	0.87	0.97	3.18
64.00	8.69	7.21	1.35	4.40	2.73	1.80	0.00	3.63	1.98	1.32	4.78	4.50	3.74	3.87	1.25	0.18	1.31	2.24
65.00	8.70	7.20	2.41	7.28	0.98	0.00	0.29	3.91	2.17	1.85	2.64	3.64	2.71	3.71	1.18	0.00	1.28	0.74
66.00	8.70	7.20	1.91	4.95	1.50	3.14	1.93	3.76	1.80	0.00	0.35	3.54	1.57	3.29	2.54	0.84	1.41	0.79
67.00	8.70	7.21	3.21	3.49	1.61	0.98	0.64	3.23	0.14	2.16	1.01	3.49	1.27	3.65	0.20	1.67	1.86	0.92
68.00	8.69	7.20	2.64	5.50	1.32	1.15	0.97	2.59	0.05	0.49	0.00	2.64	2.64	3.96	1.30	0.00	0.05	1.48
69.00	8.70	7.20	4.26	4.91	0.99	1.71	1.81	5.09	2.24	0.00	1.54	4.22	1.44	3.77	1.18	1.88	0.01	1.08
70.00	8.70	7.21	3.52	3.96	1.17	2.59	0.05	0.18	4.03	3.58	1.08	4.33	2.96	3.91	2.52	0.13	0.12	0.95
71.00	8.70	7.20	3.24	3.97	1.04	0.49	0.00	0.80	1.46	2.33	0.00	0.97	2.89	3.30	2.41	0.31	0.20	1.45
72.00	8.70	7.21	3.27	4.88	2.92	1.58	0.09	2.10	0.00	0.35	0.37	1.41	2.16	2.67	2.56	0.41	0.34	1.77
73.00	8.69	7.20	5.23	6.08	0.29	0.92	0.37	2.30	1.18	1.53	0.66	3.17	2.36	3.67	2.32	2.38	0.38	0.09
74.00	8.70	7.21	1.91	6.28	3.92	1.58	1.63	2.40	0.21	0.95	0.95	4.25	0.02	3.90	2.50	0.58	3.26	1.07
75.00	8.70	7.20	3.98	3.98	3.17	0.00	2.32	3.13	2.45	0.00	0.00	3.23	2.76	3.38	2.65	1.46	1.01	0.27
76.00	8.70	7.20	2.00	1.57	2.96	1.67	1.21	2.73	1.04	0.69	0.01	4.85	4.60	3.90	2.08	0.16	1.20	0.04
77.00	8.70	7.21	3.14	1.64	0.52	0.49	1.08	5.63	0.38	0.00	0.60	4.50	3.77	3.82	2.07	0.49	0.97	1.44
78.00	8.69	7.20	4.52	4.78	0.97	1.81	1.25	3.12	2.47	0.00	0.65	1.13	1.25	3.80	1.55	0.08	1.27	1.35
79.00	8.70	7.21	3.51	6.30	1.44	0.49	1.11	0.91	0.00	0.47	0.34	3.93	3.86	3.84	0.15	1.52	1.64	2.33
10.2.1.3	7.34	8.38
10.2.1.2	8.87	8.35
10.1.1.15	1.77	59728.77
10.1.1.16	0.87	156932.55
10.1.1.17	1.19	73509.98
10.1.1.3	3.36	44415.97
10.1.1.4	4.66	30521.89
10.1.1.5	1.36	167321.23
10.1.1.6	1.47	112456.93
10.1.1.7	0.66	185944.10
10.1.1.8	3.21	66317.54
10.1.1.18	1.30	67018.82
10.1.1.9	1.20	117405.90
10.1.1.10	0.99	301992.88
10.1.1.11	0.68	195139.92
10.1.1.12	3.21	21865.24
10.1.1.13	2.55	33375.55
10.1.1.14	3.41	22362.60
