Waf: Entering directory `/home/synrg-sc1/Desktop/Jiaming/ns-3.29-mesh/build'
Waf: Leaving directory `/home/synrg-sc1/Desktop/Jiaming/ns-3.29-mesh/build'
Build commands will be stored in build/compile_commands.json
'build' finished successfully (4.863s)
CreateVariables () DONE !!!
Creating 23 APs 50.00 m apart.
CreateApNodes () DONE !!!
Creating 0 CLs 20.00 m away from each AP.
CreateClNodes () DONE !!!
CreateNodes () DONE !!!
CreateMeshDevices () DONE !!!
CreateWifiDevices () DONE !!!
CreateCsmaDevices () DONE !!!
CreateDevices () DONE !!!
InstallInternetStack () DONE !!!
Gateway is connect to AP 0
InstallApplications () DONE !!!
Starting simulation for 80.00 s ...
-------------------------------------------------
Time[s]	ap-0	ap-1	ap-2	ap-3	ap-4	ap-5	ap-6	ap-7	ap-8	ap-9	ap-10	ap-11	ap-12	ap-13	ap-14	ap-15	ap-16	ap-17	ap-18	ap-19	ap-20	ap-21	ap-22
2.00	0.00	0.00	0.00	0.00	0.00	0.00	0.00	0.00	0.00	0.00	0.00	0.00	0.00	0.00	0.00	0.00	0.00	0.00	0.00	0.00	0.00	0.00	0.00
3.00	4.78	0.00	0.00	0.00	0.00	0.00	0.00	0.00	0.00	0.00	0.00	0.00	0.00	0.00	0.00	0.00	0.00	0.00	0.00	0.00	0.00	0.00	0.00
4.00	6.61	0.00	0.00	0.00	0.00	0.00	0.00	0.00	0.00	0.00	0.00	0.00	0.00	0.00	0.00	0.00	0.00	0.00	0.00	0.00	0.00	0.00	0.00
5.00	6.59	0.00	2.06	2.92	3.67	0.00	0.00	2.03	2.45	0.38	0.00	0.97	0.00	0.00	2.31	0.00	0.45	0.45	0.00	0.00	0.49	0.72	0.38
6.00	6.61	0.00	1.80	2.14	3.97	2.12	0.00	0.00	4.31	0.00	0.00	1.26	0.82	0.00	3.74	0.00	0.75	1.22	0.60	0.00	0.00	1.38	0.67
7.00	6.59	0.00	0.34	3.29	1.75	3.38	0.00	0.78	3.29	0.28	0.97	0.34	0.26	0.00	2.60	0.00	0.93	0.00	0.84	1.57	0.24	2.16	0.27
8.00	6.61	0.97	1.84	4.75	2.89	3.23	0.20	1.31	3.43	0.07	0.61	0.14	0.60	0.00	1.59	0.00	0.81	1.44	0.69	2.47	0.34	1.15	0.00
9.00	6.59	0.49	3.19	0.49	4.31	3.93	0.00	2.72	2.77	0.37	1.71	0.66	1.25	0.00	3.38	0.00	0.58	0.37	0.61	1.87	0.65	0.72	2.17
10.00	6.61	0.00	2.68	0.72	1.57	1.64	0.08	3.72	3.33	0.11	0.06	1.53	0.55	0.00	2.80	0.00	0.29	0.15	0.86	2.37	0.69	0.59	0.52
11.00	6.59	0.49	3.46	0.88	1.20	3.98	0.02	1.05	4.57	0.01	0.00	1.30	0.47	0.00	3.23	0.00	0.42	0.51	0.78	2.40	0.14	0.80	0.20
12.00	6.61	0.20	0.73	1.60	3.14	5.11	0.15	1.46	2.26	0.91	0.00	2.56	0.98	0.00	4.19	0.00	0.00	1.14	1.14	1.73	0.09	1.70	0.71
13.00	6.59	0.49	1.47	1.25	0.80	2.10	2.01	2.39	1.47	0.49	0.02	2.04	1.18	0.00	1.50	0.00	0.00	0.67	2.72	1.05	0.12	2.33	0.00
14.00	6.61	0.99	5.62	0.67	3.13	5.03	2.12	3.03	4.80	0.04	1.34	1.87	0.02	0.00	3.49	0.00	0.00	0.86	1.02	3.01	0.51	1.07	1.05
15.00	6.59	0.00	3.89	3.13	1.92	2.27	0.14	1.41	3.39	0.00	0.33	0.49	0.00	0.00	2.81	0.00	0.49	1.66	0.18	1.12	0.00	1.33	0.00
16.00	6.59	0.00	2.87	4.52	0.57	4.45	0.00	3.29	4.47	0.34	0.00	0.72	0.49	0.00	3.12	0.00	0.11	0.31	1.79	3.21	0.00	1.19	0.40
17.00	6.61	0.00	2.76	3.04	0.00	3.31	0.00	2.81	4.80	0.02	0.00	2.19	0.32	0.00	3.86	0.00	0.06	0.18	2.12	3.30	0.78	2.01	0.05
18.00	6.59	0.00	3.86	2.10	5.76	3.42	0.99	3.76	4.82	2.32	0.98	0.18	0.79	0.00	2.72	0.00	0.00	0.55	1.34	3.25	1.14	2.20	0.06
19.00	6.61	0.01	2.83	2.24	4.82	1.46	1.60	1.17	4.36	0.40	0.05	1.58	0.00	0.00	2.47	0.00	0.44	0.01	1.31	2.60	2.41	1.45	1.10
20.00	6.59	0.81	2.32	0.75	3.52	1.81	0.00	2.57	2.31	0.27	0.00	0.73	0.00	0.00	3.56	0.00	1.30	0.86	1.99	3.14	0.51	1.33	0.27
21.00	6.61	0.11	3.27	2.18	2.80	2.46	1.11	1.68	3.31	0.46	0.11	0.00	0.28	0.00	2.17	0.00	0.24	0.00	0.80	2.71	0.02	1.10	0.47
22.00	6.59	0.00	4.11	2.11	3.54	3.07	1.13	2.70	3.96	0.00	0.18	2.11	1.38	0.00	4.22	0.00	2.71	0.00	2.68	3.29	1.01	2.50	0.00
23.00	6.61	0.00	3.77	2.45	1.97	2.24	0.00	2.43	3.36	0.00	0.25	1.02	1.83	0.00	1.71	0.00	1.17	0.37	0.00	2.05	0.00	2.13	0.45
24.00	6.59	0.00	2.08	3.74	3.37	3.97	0.25	1.84	3.67	0.00	0.29	0.79	0.21	0.00	2.37	0.00	0.12	2.01	0.31	2.63	1.13	2.33	1.42
25.00	6.61	0.00	2.67	1.17	2.50	2.93	0.99	3.33	3.46	0.45	0.35	0.38	0.62	0.00	2.78	0.00	0.16	0.25	0.37	3.19	0.82	2.27	0.84
26.00	6.59	0.00	4.56	2.92	3.65	3.80	1.34	0.45	3.05	0.04	0.57	1.58	0.37	0.00	2.40	0.00	0.49	0.00	0.59	3.00	0.71	2.39	0.58
27.00	6.61	0.00	1.26	2.10	4.44	2.58	0.25	0.60	4.79	0.00	0.00	1.21	1.72	0.00	1.88	0.00	0.53	1.04	1.67	2.60	1.38	1.41	0.41
28.00	6.59	0.07	2.47	5.51	1.98	2.72	0.81	3.24	3.96	0.00	0.00	1.02	0.77	0.00	0.40	0.00	0.02	0.62	0.18	3.25	0.25	2.34	0.66
29.00	6.59	0.74	2.80	0.98	3.84	4.32	1.19	0.00	3.20	1.37	0.52	0.98	0.00	0.00	2.37	0.00	0.04	1.30	0.13	2.94	0.40	2.00	0.25
30.00	6.61	1.00	2.93	5.75	3.62	4.24	0.58	3.29	4.26	0.00	0.06	1.20	0.94	0.00	1.18	0.00	1.41	0.06	0.49	3.04	0.21	0.67	1.04
31.00	6.59	0.12	2.03	0.74	2.98	4.32	1.80	1.99	4.07	0.18	0.12	2.37	0.20	0.00	2.67	0.00	0.40	1.06	0.51	3.50	0.92	0.74	1.59
32.00	6.61	0.00	3.49	1.65	1.53	1.53	0.04	4.30	2.46	0.40	0.00	2.16	0.00	0.00	4.02	0.00	0.04	1.22	0.06	1.07	0.32	0.68	0.65
33.00	6.59	0.00	1.67	2.06	1.86	4.55	0.59	2.74	4.15	0.15	0.13	2.48	0.93	0.00	3.24	0.00	0.00	0.51	1.19	2.51	1.28	0.27	0.00
34.00	6.61	0.86	1.91	3.39	4.71	2.52	0.69	1.50	3.92	0.65	0.00	0.07	1.07	0.00	2.00	0.00	0.00	0.02	2.03	1.61	1.08	1.35	0.05
35.00	6.59	0.00	2.81	2.01	3.23	1.44	0.61	3.56	3.77	0.11	0.00	1.83	0.75	0.00	0.39	0.00	0.79	0.00	1.63	0.66	0.15	0.31	0.00
36.00	6.61	0.00	4.06	0.55	5.36	3.42	0.80	1.28	4.27	0.00	0.14	0.16	0.86	0.00	3.33	0.00	2.01	0.42	1.75	1.99	0.21	1.53	0.00
37.00	6.59	0.00	3.37	1.95	1.97	4.72	0.12	4.10	4.56	0.00	1.39	0.89	0.46	0.00	4.20	0.00	0.24	1.18	1.40	2.19	1.50	2.10	0.00
38.00	6.61	0.00	5.23	1.81	1.95	4.78	3.47	2.78	4.32	0.07	0.06	3.05	0.00	0.00	4.18	0.00	0.78	0.55	1.90	1.63	0.00	2.40	0.45
39.00	6.59	0.00	0.72	2.26	1.39	1.79	0.00	0.49	4.79	0.00	0.48	0.52	0.41	0.00	2.71	0.00	0.46	0.00	0.11	2.43	0.06	1.25	0.81
40.00	6.61	0.82	2.79	3.03	0.93	3.43	0.05	2.80	2.40	0.65	0.00	1.86	1.44	0.00	3.91	0.00	0.02	1.11	0.82	2.68	0.38	1.81	0.00
41.00	6.59	0.48	3.51	0.16	0.51	1.55	0.54	1.98	0.38	0.05	0.00	1.83	1.02	0.00	1.46	0.00	0.22	1.71	0.00	1.34	1.77	1.14	0.09
42.00	6.59	0.00	1.44	3.04	2.19	3.44	0.00	2.61	1.80	0.12	0.00	1.20	1.90	0.00	1.68	0.00	2.21	0.49	0.22	2.54	0.00	0.24	0.00
43.00	6.61	1.97	1.17	0.42	0.08	0.00	0.00	0.32	2.84	2.24	0.00	0.32	0.00	0.00	2.72	0.00	0.00	0.31	1.28	3.27	0.14	2.05	0.86
44.00	6.59	0.00	4.15	3.62	1.47	1.73	0.60	1.13	3.74	0.00	1.34	2.51	0.11	0.00	2.30	0.00	0.49	2.39	3.27	2.91	1.25	2.45	0.00
45.00	6.61	0.00	1.17	0.24	3.54	3.38	1.46	0.97	2.34	0.00	2.36	1.40	0.34	0.00	1.35	0.00	0.00	1.02	2.03	3.29	0.08	2.70	0.51
46.00	6.59	0.00	5.49	0.99	1.52	3.10	0.00	2.54	3.38	0.09	0.14	0.74	1.37	0.00	1.52	0.00	0.12	0.00	0.25	1.06	0.00	2.12	0.99
47.00	6.61	0.00	2.70	1.51	1.44	2.39	0.41	2.78	4.79	0.00	0.02	0.04	0.65	0.00	2.52	0.00	0.64	1.10	1.59	1.65	0.21	2.21	0.05
48.00	6.59	0.00	4.47	0.99	4.00	5.03	0.04	0.80	4.77	0.00	0.00	0.45	0.59	0.00	3.26	0.00	0.59	1.42	1.70	3.12	0.74	2.04	1.88
49.00	6.61	1.58	2.91	2.20	2.84	4.78	0.01	2.18	4.00	0.06	0.00	0.99	0.08	0.00	2.60	0.00	1.02	0.44	0.07	2.32	0.00	0.67	0.33
50.00	6.59	0.13	5.77	5.78	5.70	1.91	0.33	4.11	3.83	0.25	0.32	1.27	0.09	0.00	3.85	0.00	1.67	0.14	0.00	3.24	1.78	1.94	0.20
51.00	6.61	1.53	1.88	4.31	4.95	4.20	0.00	2.01	4.80	0.00	1.01	0.00	0.11	0.00	3.23	0.00	0.67	0.29	1.63	2.20	0.00	2.86	1.01
52.00	6.59	0.07	4.49	4.38	0.07	3.38	1.22	1.26	3.58	0.00	0.15	1.13	0.49	0.00	3.31	0.00	0.89	1.94	0.61	2.93	0.32	1.11	0.26
53.00	6.61	0.02	2.57	2.00	4.43	4.40	0.00	4.44	2.24	0.00	1.65	0.00	1.02	0.00	3.53	0.00	2.90	0.67	1.94	1.91	0.27	0.26	0.00
54.00	6.59	0.13	1.39	4.45	2.28	4.80	2.13	2.67	4.06	0.95	0.00	0.25	1.51	0.00	3.57	0.00	1.74	0.28	2.37	3.36	0.41	2.45	0.88
55.00	6.59	0.00	1.24	2.53	1.50	3.12	0.00	3.52	3.27	1.74	0.92	1.17	1.50	0.00	3.31	0.00	1.15	0.49	0.04	2.94	0.79	1.80	0.00
56.00	6.61	0.49	2.56	2.87	3.83	2.90	0.02	3.14	3.67	0.07	0.00	2.18	0.38	0.00	3.69	0.00	1.63	0.59	0.58	1.32	1.77	1.63	0.93
57.00	6.59	0.00	3.43	3.56	3.18	3.24	0.14	0.71	2.03	0.00	1.14	1.94	0.77	0.00	0.19	0.00	0.00	0.40	0.51	0.31	0.25	1.47	0.00
58.00	6.61	0.27	0.75	5.26	1.95	2.20	1.17	1.12	3.16	0.42	0.00	0.98	0.88	0.00	0.00	0.00	0.11	0.39	0.02	3.09	0.85	2.30	0.29
59.00	6.59	0.04	1.72	4.22	4.33	2.01	0.58	0.62	3.07	0.00	0.00	0.46	2.26	0.00	2.38	0.00	1.11	0.00	2.50	0.38	0.75	1.26	0.00
60.00	6.61	0.00	3.39	1.07	4.47	4.57	2.28	0.77	3.91	1.55	0.99	3.18	0.62	0.00	4.30	0.00	0.08	0.00	0.85	2.04	1.33	0.94	0.19
61.00	6.59	0.00	2.59	1.15	5.81	4.37	0.00	2.50	4.42	0.00	0.00	0.57	0.00	0.00	3.89	0.00	0.95	0.13	1.27	0.32	0.34	1.10	1.61
62.00	6.61	0.00	3.23	0.89	3.40	2.00	0.91	2.13	4.06	0.33	0.39	1.33	0.49	0.00	3.10	0.00	0.13	1.67	0.06	1.90	0.79	1.15	0.59
63.00	6.59	1.38	2.43	1.84	2.80	3.16	0.00	1.67	2.41	0.00	0.27	0.59	0.01	0.00	1.47	0.00	1.85	0.73	0.52	2.64	0.08	0.87	0.38
64.00	6.61	0.21	1.24	2.28	0.85	3.13	0.07	3.25	3.80	1.07	0.33	1.75	0.01	0.00	2.17	0.00	1.75	0.57	1.20	3.05	0.25	0.47	0.49
65.00	6.59	0.00	2.07	1.59	1.73	3.62	0.02	3.12	2.99	0.00	0.51	0.40	0.68	0.00	2.39	0.00	0.21	0.31	2.68	1.91	0.02	1.40	0.49
66.00	6.61	0.00	0.99	0.75	2.65	3.07	0.04	2.87	2.21	0.01	0.18	1.66	1.26	0.00	3.93	0.00	0.59	0.45	1.12	3.01	0.06	1.07	1.25
67.00	6.59	0.00	4.35	4.93	0.33	2.36	1.21	1.79	4.05	0.02	0.00	0.95	0.21	0.00	3.30	0.00	1.28	1.07	2.36	2.76	0.58	1.48	0.00
68.00	6.59	0.00	4.88	3.93	3.60	4.33	0.02	1.91	3.82	0.24	0.81	0.80	0.75	0.00	3.42	0.00	1.04	0.61	2.94	2.91	1.51	1.27	0.85
69.00	6.61	0.22	4.68	3.80	3.38	2.64	0.00	1.83	4.29	0.00	0.00	0.18	0.49	0.00	3.52	0.00	0.05	0.95	1.53	1.45	0.00	2.26	1.99
70.00	6.59	0.11	2.80	1.06	4.02	2.91	0.00	2.37	3.11	0.60	0.16	1.63	0.89	0.00	2.12	0.00	0.00	0.00	0.94	2.57	0.80	1.04	1.17
71.00	6.61	0.00	2.91	2.16	4.89	3.18	0.06	1.92	3.93	0.93	0.00	1.08	0.00	0.00	4.11	0.00	0.14	0.27	1.97	2.10	0.16	1.93	0.00
72.00	6.59	0.47	0.92	4.59	3.38	4.03	1.28	0.00	4.57	1.32	0.42	1.63	1.45	0.00	4.20	0.00	1.20	0.05	2.47	0.87	0.65	1.81	0.12
73.00	6.61	1.12	2.74	2.70	2.90	0.53	0.00	1.20	2.74	0.16	0.00	1.31	0.65	0.00	3.42	0.00	0.29	0.73	0.27	2.20	1.24	2.19	0.20
74.00	6.59	0.00	2.30	2.61	3.31	3.87	1.55	3.69	4.97	0.78	0.00	0.39	0.21	0.00	3.54	0.00	1.07	1.81	1.15	2.92	1.28	2.61	1.08
75.00	6.61	0.00	0.24	2.04	3.74	2.04	0.00	3.34	3.78	0.46	0.78	0.92	0.29	0.00	2.67	0.00	1.26	0.05	0.08	2.38	0.41	1.63	0.14
76.00	6.59	0.12	5.00	2.26	0.85	3.57	0.24	1.51	4.72	0.89	0.00	0.80	0.01	0.00	2.98	0.00	0.27	0.62	0.29	1.83	0.15	0.49	0.39
77.00	6.61	0.00	1.85	1.06	1.92	2.52	0.01	1.45	3.65	0.01	0.00	0.69	1.21	0.00	3.63	0.00	0.08	0.55	0.99	0.99	0.00	1.77	0.21
78.00	6.59	2.23	0.59	2.31	4.10	4.97	0.48	1.52	4.77	0.73	0.00	0.00	2.61	0.00	2.97	0.00	1.72	0.48	2.78	2.10	0.71	1.73	0.01
79.00	6.61	0.00	0.28	2.97	4.92	3.25	0.00	2.50	3.43	0.00	0.00	1.24	0.40	0.00	2.23	0.00	0.19	0.19	1.70	3.30	0.00	1.11	0.21
10.2.1.2	6.73	8.58
10.1.1.18	0.67	166848.17
10.1.1.19	1.18	86672.51
10.1.1.6	3.26	28365.17
10.1.1.7	0.59	150725.70
10.1.1.8	2.18	49957.54
10.1.1.20	2.37	39750.02
10.1.1.21	0.58	139688.15
10.1.1.9	3.70	25435.07
10.1.1.10	0.36	150060.34
10.1.1.11	0.35	217881.63
10.1.1.2	0.30	322525.43
10.1.1.3	2.76	63115.08
10.1.1.4	2.46	34537.90
10.1.1.5	2.92	58111.76
10.1.1.12	1.15	66859.68
10.1.1.13	0.68	143636.96
10.1.1.14	0	0
10.1.1.15	2.85	45228.47
10.1.1.22	1.56	35277.25
10.1.1.16	0	0
10.1.1.17	0.68	122078.02
10.1.1.23	0.51	161958.52
