Waf: Entering directory `/home/synrg-sc1/Desktop/Jiaming/ns-3.29-mesh/build'
Waf: Leaving directory `/home/synrg-sc1/Desktop/Jiaming/ns-3.29-mesh/build'
Build commands will be stored in build/compile_commands.json
'build' finished successfully (4.870s)
CreateVariables () DONE !!!
Creating 18 APs 50.00 m apart.
CreateApNodes () DONE !!!
Creating 0 CLs 20.00 m away from each AP.
CreateClNodes () DONE !!!
CreateNodes () DONE !!!
CreateMeshDevices () DONE !!!
CreateWifiDevices () DONE !!!
CreateCsmaDevices () DONE !!!
CreateDevices () DONE !!!
InstallInternetStack () DONE !!!
Gateway is connect to AP 0
InstallApplications () DONE !!!
Starting simulation for 80.00 s ...
-------------------------------------------------
Time[s]	ap-0	ap-1	ap-2	ap-3	ap-4	ap-5	ap-6	ap-7	ap-8	ap-9	ap-10	ap-11	ap-12	ap-13	ap-14	ap-15	ap-16	ap-17
2.00	0.00	0.00	0.00	0.00	0.00	0.00	0.00	0.00	0.00	0.00	0.00	0.00	0.00	0.00	0.00	0.00	0.00	0.00
3.00	6.28	4.95	0.00	0.00	0.00	0.00	0.00	0.00	0.00	0.00	0.00	0.00	0.00	0.00	0.00	0.00	0.00	0.00
4.00	8.40	6.61	0.00	0.00	0.00	0.00	0.00	0.00	0.00	0.00	0.00	0.00	0.00	0.00	0.00	0.00	0.00	0.00
5.00	8.41	6.59	3.26	0.34	2.93	0.04	0.04	0.04	2.93	0.00	1.13	0.41	0.04	1.40	0.04	1.17	0.53	0.07
6.00	8.40	6.61	4.38	1.32	2.91	3.40	0.00	3.60	3.76	0.27	1.32	0.93	0.46	0.38	0.00	0.98	0.68	0.16
7.00	8.40	6.59	3.56	0.38	2.73	1.46	4.00	1.88	3.47	0.82	0.20	0.26	0.28	2.10	0.69	1.02	0.55	0.01
8.00	8.41	6.61	3.91	0.06	1.59	3.53	3.90	0.92	2.34	0.98	0.88	0.00	0.46	0.13	2.66	0.02	0.07	0.21
9.00	8.40	6.59	1.37	0.07	2.41	2.73	2.20	5.41	2.38	0.11	0.07	1.24	3.84	2.52	3.13	0.34	0.22	0.08
10.00	8.40	6.61	3.71	0.71	1.47	0.48	4.25	3.05	3.76	1.60	1.40	0.91	0.95	1.98	2.66	0.49	0.84	0.15
11.00	8.41	6.59	2.31	1.44	2.21	1.73	2.50	2.65	2.68	1.18	0.00	0.08	0.34	0.53	1.67	1.07	0.66	0.40
12.00	8.40	6.61	2.10	2.32	4.02	2.12	5.52	0.84	1.98	0.00	1.12	0.00	1.44	1.47	3.63	0.57	0.42	0.06
13.00	8.40	6.59	5.28	1.08	0.74	2.34	5.70	1.92	2.90	0.14	2.13	1.68	2.26	2.46	1.84	0.11	0.88	0.55
14.00	8.41	6.61	3.46	0.00	0.00	0.00	4.35	0.55	4.20	0.85	1.42	1.83	0.14	0.16	3.29	0.13	0.05	0.01
15.00	8.40	6.59	2.68	0.15	2.36	4.20	5.22	3.91	1.34	2.36	0.15	0.00	3.51	0.14	3.37	2.10	0.64	1.11
16.00	8.40	6.59	4.07	0.00	2.74	3.26	4.50	1.68	4.57	0.21	0.68	1.31	3.53	0.51	3.82	0.46	1.33	1.14
17.00	8.41	6.61	5.63	1.48	4.04	2.50	3.56	0.64	4.80	1.19	0.00	1.18	2.10	0.75	1.78	1.30	0.53	0.15
18.00	8.40	6.59	2.36	1.50	5.23	1.45	5.70	3.45	4.63	0.00	0.99	0.11	2.01	3.60	4.03	0.98	1.58	0.47
19.00	8.40	6.61	1.78	0.02	2.93	2.41	4.27	3.60	3.91	0.00	1.27	0.44	0.99	2.64	2.64	1.42	0.00	0.00
20.00	8.40	6.59	3.57	0.49	5.99	5.68	4.50	3.42	3.32	0.00	0.97	0.93	2.00	2.68	4.63	0.00	0.00	0.82
21.00	8.41	6.61	4.13	0.26	2.56	2.11	3.99	3.82	3.64	1.37	0.13	0.01	0.84	1.08	2.70	0.01	0.37	0.35
22.00	8.40	6.59	2.46	1.81	4.47	4.88	4.68	2.04	4.27	2.39	2.90	0.00	1.06	1.79	3.62	1.38	1.14	0.69
23.00	8.40	6.61	3.83	1.13	5.81	1.99	4.42	0.78	3.33	0.45	0.07	0.00	0.16	0.85	2.39	0.00	0.78	0.00
24.00	8.41	6.59	5.69	0.29	1.42	1.68	3.12	3.90	5.20	0.55	2.03	2.67	2.58	1.59	3.84	1.20	2.45	1.84
25.00	8.40	6.61	5.00	0.46	3.93	0.99	5.29	3.06	1.79	0.00	1.22	0.00	3.07	1.52	3.45	0.00	0.58	0.00
26.00	8.40	6.59	0.00	1.87	4.46	5.26	5.19	2.67	4.39	0.00	0.52	0.13	0.00	2.47	3.44	1.92	0.29	0.00
27.00	8.41	6.61	4.27	0.80	1.97	4.84	4.06	4.70	4.15	0.35	1.47	1.71	2.45	2.72	3.47	0.79	1.19	0.33
28.00	8.40	6.59	2.41	0.00	2.32	4.27	4.46	3.97	5.09	0.20	0.08	2.48	1.65	1.42	3.77	0.00	0.00	0.86
29.00	8.40	6.59	4.88	0.49	3.45	5.04	5.45	3.04	4.82	0.00	0.00	0.00	3.12	0.00	3.74	0.52	0.01	0.60
30.00	8.41	6.61	2.25	1.04	1.17	4.42	5.51	2.50	5.05	1.14	2.03	1.53	4.39	1.33	3.71	1.98	0.18	0.97
31.00	8.40	6.59	6.23	0.00	0.00	3.32	4.32	2.26	4.82	0.42	0.97	1.06	2.54	1.46	2.78	1.63	1.60	0.41
32.00	8.40	6.61	3.57	0.57	1.42	2.61	3.85	4.18	3.47	2.44	2.45	0.69	1.70	1.10	3.04	0.00	0.16	1.01
33.00	8.41	6.59	3.14	1.98	2.03	0.89	5.05	0.85	4.12	0.53	0.08	0.86	0.02	0.85	0.37	0.00	0.18	0.04
34.00	8.40	6.61	6.59	2.67	3.73	3.39	5.78	4.17	5.10	0.00	1.39	2.00	0.69	0.99	0.69	0.00	1.30	1.17
35.00	8.40	6.59	2.61	0.00	3.25	5.28	4.11	3.71	5.02	0.60	0.45	1.06	0.81	1.47	3.78	0.80	0.13	0.08
36.00	8.41	6.61	5.36	0.12	2.53	5.19	5.70	1.71	2.27	0.75	0.38	0.86	2.51	1.02	2.90	0.99	0.52	1.19
37.00	8.40	6.59	0.94	1.41	1.59	3.49	4.86	3.18	4.32	2.04	0.46	0.00	2.53	1.08	2.54	0.65	0.65	1.02
38.00	8.40	6.61	4.68	0.07	1.11	1.60	5.71	5.05	5.09	0.68	3.71	0.13	2.13	0.65	1.61	1.28	1.92	0.37
39.00	8.40	6.59	1.15	0.00	3.05	3.23	4.91	3.29	3.18	0.00	0.07	0.71	0.16	2.81	1.80	0.73	0.04	0.00
40.00	8.41	6.61	6.34	1.05	0.01	4.29	5.71	3.59	5.10	0.01	0.59	0.69	3.40	1.97	3.79	1.70	0.40	0.71
41.00	8.40	6.59	2.57	1.83	2.56	2.51	5.35	0.12	2.19	1.32	0.00	0.01	1.98	0.98	2.91	0.00	0.49	0.57
42.00	8.40	6.59	4.89	0.31	3.45	3.01	5.70	3.04	4.71	0.22	1.06	0.41	1.18	1.68	2.12	1.01	0.13	0.62
43.00	8.41	6.61	0.14	0.19	3.04	1.04	2.20	0.75	3.52	1.48	0.97	0.00	1.50	0.11	2.52	0.00	0.02	0.00
44.00	8.40	6.59	1.66	0.00	5.36	5.25	3.34	3.87	4.75	0.78	0.79	0.09	0.79	1.21	3.33	0.00	0.41	1.15
45.00	8.40	6.61	1.67	0.08	0.00	1.61	2.44	2.57	2.71	2.04	0.48	4.39	0.66	0.32	3.90	0.25	1.44	0.28
46.00	8.41	6.59	5.37	1.31	0.62	3.20	1.35	4.56	4.68	0.68	1.25	3.59	2.06	2.81	2.91	0.00	0.59	1.72
47.00	8.40	6.61	1.15	1.71	1.37	1.28	4.22	2.46	4.35	2.24	0.44	0.18	3.25	1.92	2.34	1.17	0.65	0.06
48.00	8.40	6.59	1.10	2.27	2.04	2.63	5.70	1.98	4.82	0.16	0.53	0.65	1.64	3.39	2.08	0.04	0.40	1.01
49.00	8.41	6.61	4.19	0.73	0.49	2.14	5.70	0.93	4.85	1.17	2.06	2.06	1.81	0.54	3.34	0.00	1.06	0.93
50.00	8.40	6.59	6.25	0.80	5.20	2.48	5.50	1.65	5.04	0.00	0.15	0.21	0.86	1.20	3.72	1.50	1.57	0.21
51.00	8.40	6.61	4.16	0.73	2.32	3.04	5.30	3.57	4.50	0.16	0.00	1.47	1.77	2.40	2.28	0.00	1.06	1.59
52.00	8.41	6.59	6.54	1.50	0.37	5.59	5.66	2.84	5.15	1.32	0.16	0.05	2.44	0.14	4.05	1.86	1.72	0.38
53.00	8.40	6.61	6.31	0.00	1.15	1.99	3.16	2.67	3.94	3.45	1.26	0.87	1.86	3.46	3.78	0.52	1.01	0.67
54.00	8.40	6.59	3.10	1.13	2.28	4.76	4.22	2.85	2.38	1.05	2.40	2.18	1.86	0.55	3.57	0.00	0.16	0.94
55.00	8.41	6.59	3.69	2.52	4.42	1.51	5.70	0.28	4.38	0.00	0.48	0.28	0.05	2.40	3.72	0.88	0.12	1.01
56.00	8.40	6.61	2.19	0.00	5.76	1.94	5.52	1.04	3.92	1.67	0.04	0.91	0.37	1.20	3.60	0.85	0.09	0.88
57.00	8.40	6.59	3.79	2.59	2.72	2.71	2.94	1.64	4.15	0.41	0.00	2.70	0.87	0.01	0.34	0.00	0.00	0.79
58.00	8.40	6.61	0.02	2.87	4.96	3.53	5.64	2.97	4.05	0.44	0.48	1.26	0.55	1.40	0.67	0.55	1.73	0.44
59.00	8.41	6.59	5.36	1.38	2.34	2.26	4.86	3.63	2.47	2.03	0.82	0.06	0.52	1.65	3.32	0.00	0.78	0.00
60.00	8.40	6.61	5.94	0.49	2.26	3.47	5.71	2.93	3.93	1.10	3.20	1.05	0.02	0.75	3.90	2.46	0.00	0.01
61.00	8.40	6.59	4.40	0.00	0.92	0.47	3.54	4.03	4.96	1.18	2.16	1.70	1.12	1.14	3.29	0.00	0.66	0.78
62.00	8.41	6.61	4.00	0.00	1.04	2.00	2.18	3.83	4.60	0.39	0.45	0.05	2.86	0.05	3.16	0.49	0.98	0.46
63.00	8.40	6.59	5.26	0.32	6.04	1.18	5.71	0.00	5.11	0.00	0.00	0.12	0.94	1.66	3.79	0.00	1.59	0.45
64.00	8.40	6.61	6.12	0.97	2.63	4.03	5.70	2.85	5.03	0.07	0.21	0.71	1.79	1.71	3.03	1.37	1.15	0.00
65.00	8.41	6.59	0.88	1.44	3.85	2.94	3.63	0.67	1.46	0.57	1.00	0.00	0.48	1.30	3.79	1.79	0.46	0.78
66.00	8.40	6.61	5.57	1.20	4.52	4.60	0.73	2.45	4.89	0.00	2.01	0.00	2.64	1.35	2.93	0.42	0.02	1.14
67.00	8.40	6.59	3.94	4.46	2.86	4.07	3.20	0.85	3.29	0.02	0.00	0.00	0.22	0.08	3.78	0.00	1.24	0.49
68.00	8.41	6.59	4.15	0.08	4.57	4.35	5.69	4.19	5.09	0.25	1.97	1.31	2.23	1.47	3.11	2.57	0.13	0.75
69.00	8.40	6.61	2.50	0.00	3.71	2.13	4.39	0.67	2.84	0.00	0.19	0.00	2.72	1.14	2.27	0.68	0.21	0.26
70.00	8.40	6.59	4.73	1.83	2.80	3.50	3.00	2.85	3.98	0.01	2.59	2.39	3.50	0.20	2.10	0.64	0.47	0.40
71.00	8.41	6.61	3.10	0.14	3.64	4.20	5.09	2.83	4.80	0.28	1.11	1.18	2.93	1.38	2.58	1.35	0.85	1.28
72.00	8.40	6.59	2.85	2.51	4.09	1.93	3.63	2.14	4.20	1.28	1.00	0.49	0.46	1.15	3.53	0.53	0.21	0.84
73.00	8.40	6.61	3.64	0.00	1.98	0.45	6.59	4.23	4.89	0.04	0.02	1.11	0.88	1.34	2.21	0.00	0.20	0.38
74.00	8.41	6.59	6.42	0.00	2.37	3.19	5.64	5.24	5.10	0.99	0.15	1.14	2.08	1.70	4.29	2.33	0.55	0.55
75.00	8.40	6.61	5.11	0.02	2.40	2.07	5.62	1.66	5.10	0.93	0.24	0.00	0.98	2.79	3.00	0.09	0.32	1.83
76.00	8.40	6.59	2.12	4.12	0.00	1.64	5.69	0.02	5.11	0.78	1.12	0.01	0.01	1.10	3.89	0.62	1.55	0.87
77.00	8.40	6.61	2.12	2.89	0.19	3.90	3.62	2.63	4.85	0.04	0.69	0.00	0.89	1.20	2.87	0.05	0.73	1.00
78.00	8.41	6.59	1.80	3.27	0.07	1.48	1.66	2.01	4.66	0.26	0.64	1.17	0.88	0.44	2.44	0.68	1.48	1.20
79.00	8.40	6.61	3.53	0.79	3.98	2.48	3.74	0.85	4.83	0.22	2.77	1.31	2.58	1.78	2.97	0.44	1.42	0.85
10.2.1.2	8.56	8.33
10.2.1.3	6.73	8.81
10.1.1.16	0.72	255780.54
10.1.1.3	3.69	39263.79
10.1.1.4	1.02	182046.26
10.1.1.5	2.71	129505.85
10.1.1.6	2.94	76018.82
10.1.1.7	4.45	19207.13
10.1.1.8	2.59	82790.73
10.1.1.9	4.13	42684.25
10.1.1.10	0.75	161801.12
10.1.1.11	0.95	175661.07
10.1.1.12	0.85	147048.81
10.1.1.13	1.62	93117.53
10.1.1.14	1.42	116137.33
10.1.1.15	2.94	21833.06
10.1.1.17	0.69	126083.18
10.1.1.18	0.63	189234.19
