Waf: Entering directory `/home/synrg-sc1/Desktop/Jiaming/ns-3.29-mesh/build'
Waf: Leaving directory `/home/synrg-sc1/Desktop/Jiaming/ns-3.29-mesh/build'
Build commands will be stored in build/compile_commands.json
'build' finished successfully (4.769s)
CreateVariables () DONE !!!
Creating 19 APs 50.00 m apart.
CreateApNodes () DONE !!!
Creating 0 CLs 20.00 m away from each AP.
CreateClNodes () DONE !!!
CreateNodes () DONE !!!
CreateMeshDevices () DONE !!!
CreateWifiDevices () DONE !!!
CreateCsmaDevices () DONE !!!
CreateDevices () DONE !!!
InstallInternetStack () DONE !!!
Gateway is connect to AP 0
InstallApplications () DONE !!!
Starting simulation for 80.00 s ...
-------------------------------------------------
Time[s]	ap-0	ap-1	ap-2	ap-3	ap-4	ap-5	ap-6	ap-7	ap-8	ap-9	ap-10	ap-11	ap-12	ap-13	ap-14	ap-15	ap-16	ap-17	ap-18
2.00	0.00	0.00	0.00	0.00	0.00	0.00	0.00	0.00	0.00	0.00	0.00	0.00	0.00	0.00	0.00	0.00	0.00	0.00	0.00
3.00	7.55	6.47	0.00	0.00	0.00	0.00	0.00	0.00	0.00	0.00	0.00	0.00	0.00	0.00	0.00	0.00	0.00	0.00	0.00
4.00	8.40	7.21	0.00	0.00	0.00	0.00	0.00	0.00	0.00	0.00	0.00	0.00	0.00	0.00	0.00	0.00	0.00	0.00	0.00
5.00	8.41	7.20	2.21	0.54	0.04	0.00	2.38	0.82	1.86	1.33	1.91	2.57	1.97	0.82	0.07	0.08	1.06	0.46	0.26
6.00	8.40	7.21	3.30	3.83	0.00	0.00	3.78	2.79	0.06	3.17	4.80	2.61	3.62	0.53	1.26	0.86	2.43	1.61	0.00
7.00	8.40	7.20	0.98	1.41	2.08	0.04	1.99	1.60	0.13	2.64	4.42	1.26	2.30	1.26	0.94	1.18	1.50	1.67	2.74
8.00	8.41	7.20	0.66	0.99	0.00	0.00	4.45	2.97	0.77	1.54	4.07	2.59	3.69	3.51	1.25	1.22	2.17	2.78	2.81
9.00	8.40	7.21	2.34	1.66	0.00	0.00	0.85	1.14	1.39	5.00	3.26	0.00	2.78	1.38	0.16	2.27	0.58	1.13	0.79
10.00	8.40	7.20	0.68	2.17	0.00	0.00	4.76	0.07	3.30	4.45	4.18	1.73	4.36	1.22	0.04	0.55	0.91	0.13	3.19
11.00	8.41	7.21	0.49	2.44	0.39	0.00	3.46	0.99	4.32	2.03	3.62	3.58	4.15	1.98	0.00	2.96	3.26	2.92	3.59
12.00	8.40	7.20	0.00	1.78	2.24	0.00	5.43	0.99	4.98	4.80	4.53	0.00	4.26	2.72	0.28	0.08	4.20	3.90	3.60
13.00	8.40	7.20	3.21	1.55	0.02	0.00	3.18	0.54	2.34	3.40	2.63	1.32	3.54	3.10	0.57	0.61	1.98	1.99	2.79
14.00	8.41	7.21	1.10	0.00	0.75	0.00	3.54	0.00	1.67	0.67	4.52	1.68	4.33	1.32	0.14	0.31	2.91	3.57	3.12
15.00	8.40	7.20	0.00	0.92	0.93	0.00	1.73	1.26	2.06	0.00	3.12	0.72	2.58	0.95	0.00	0.39	3.37	1.83	3.20
16.00	8.40	7.21	1.87	3.74	0.49	0.00	2.25	0.66	4.33	1.45	4.50	0.91	3.51	0.00	2.17	1.47	1.39	0.35	1.38
17.00	8.41	7.20	1.30	4.33	0.00	0.00	4.53	0.49	0.00	1.47	3.93	2.86	4.51	4.83	0.26	0.51	0.00	0.00	2.39
18.00	8.40	7.21	0.99	6.22	1.48	0.00	5.29	0.16	0.14	1.19	4.42	4.45	4.47	3.94	3.01	0.08	4.26	1.97	1.34
19.00	8.40	7.20	2.20	1.97	0.12	0.00	1.33	1.12	2.81	3.38	3.91	2.43	3.39	1.19	0.54	2.67	2.98	2.44	0.55
20.00	8.40	7.20	2.56	3.54	1.64	0.00	2.45	2.37	2.96	3.39	4.50	1.27	3.14	3.57	0.65	1.90	1.70	3.56	3.24
21.00	8.41	7.21	0.99	2.47	0.26	0.00	3.63	0.08	4.45	0.00	3.18	3.01	2.50	0.82	0.05	0.57	2.61	1.46	1.88
22.00	8.40	7.20	0.49	2.31	1.48	0.00	3.94	1.02	4.57	5.06	4.51	1.95	3.10	0.39	0.98	0.49	1.52	1.65	2.01
23.00	8.40	7.21	0.00	3.87	1.37	0.00	0.93	1.71	1.57	1.74	4.50	2.60	4.32	0.52	2.52	0.09	2.94	3.18	3.60
24.00	8.41	7.20	4.56	6.49	0.00	0.00	0.45	1.14	0.35	5.63	4.50	0.05	3.25	2.78	0.75	1.14	2.43	1.31	2.10
25.00	8.40	7.20	2.74	1.64	0.87	0.00	1.37	0.78	4.96	1.95	3.53	3.62	2.92	0.00	0.07	0.13	2.03	3.91	1.93
26.00	8.40	7.21	2.67	1.58	0.00	0.00	4.49	1.27	3.74	0.38	3.85	2.57	3.85	4.26	1.06	1.52	2.12	1.58	1.19
27.00	8.41	7.20	3.23	2.63	0.00	0.00	2.80	1.39	3.54	4.02	1.26	0.79	2.47	1.05	3.17	0.08	1.50	0.74	2.74
28.00	8.40	7.21	0.00	0.28	0.59	0.00	4.91	0.00	4.71	3.63	1.99	1.25	4.47	1.41	0.45	0.37	0.72	0.71	0.91
29.00	8.40	7.20	0.49	1.99	1.20	0.00	3.54	1.41	3.76	1.61	3.05	1.66	3.29	2.61	0.35	0.14	2.78	1.32	3.60
30.00	8.41	7.20	2.91	0.53	1.55	0.00	4.20	0.92	2.39	0.04	3.86	1.60	4.31	0.64	0.00	0.02	2.38	2.10	3.60
31.00	8.40	7.21	2.78	3.82	0.22	0.00	5.38	1.52	1.98	0.00	4.49	0.00	3.82	0.00	1.60	1.33	2.80	1.12	3.59
32.00	8.40	7.20	5.59	2.25	0.27	0.00	5.42	0.57	0.88	0.00	4.52	1.97	4.51	2.14	0.97	3.05	3.42	1.97	3.53
33.00	8.41	7.21	0.66	3.64	0.00	0.00	2.38	0.00	1.48	0.46	3.73	2.57	1.80	0.51	0.31	0.44	2.34	1.58	3.21
34.00	8.40	7.20	4.55	1.40	0.49	0.00	5.16	0.09	4.98	0.00	4.38	1.50	2.20	4.22	0.08	0.11	3.18	1.12	2.92
35.00	8.40	7.21	2.45	3.97	1.02	0.00	2.66	0.00	3.11	2.57	4.29	0.06	2.03	0.58	0.08	0.92	1.78	1.51	2.34
36.00	8.41	7.20	3.80	4.66	0.41	0.00	5.64	0.86	4.30	0.00	4.50	3.66	4.42	2.01	0.11	2.06	0.48	2.77	1.26
37.00	8.40	7.20	3.60	0.99	0.49	0.00	4.64	0.00	1.53	0.00	4.43	0.00	4.23	0.13	0.77	0.49	0.49	0.00	2.04
38.00	8.40	7.21	0.62	0.99	1.13	0.00	2.11	1.57	0.16	0.82	4.50	5.61	4.00	0.49	1.14	1.18	2.81	3.62	3.37
39.00	8.40	7.20	0.49	1.88	3.54	0.00	3.73	1.51	1.83	3.86	4.50	3.31	1.13	0.49	0.41	2.27	3.78	3.90	0.84
40.00	8.41	7.21	4.03	3.27	3.29	0.00	2.51	0.02	3.63	0.06	4.18	2.97	2.89	2.08	0.13	2.97	3.96	3.04	2.72
41.00	8.40	7.20	0.48	2.60	0.00	0.00	4.06	1.51	1.32	3.84	3.59	2.70	2.87	0.15	0.00	0.00	3.44	2.33	2.36
42.00	8.40	7.20	0.00	1.19	0.94	0.00	0.69	1.05	1.08	0.04	4.50	2.00	4.47	2.73	0.89	4.44	0.99	2.67	3.59
43.00	8.41	7.21	4.60	0.32	0.28	0.00	2.57	0.06	0.99	1.54	4.17	0.53	3.46	2.16	2.16	1.32	0.00	3.59	3.60
44.00	8.40	7.20	1.60	0.49	3.82	0.00	4.29	0.48	3.73	3.67	4.50	1.39	3.99	3.01	0.31	1.47	1.24	3.82	0.58
45.00	8.40	7.21	0.49	3.32	0.46	0.00	1.46	0.21	3.59	2.33	3.40	3.29	4.10	0.20	0.32	0.41	1.86	0.31	4.05
46.00	8.41	7.20	2.61	0.60	2.01	0.00	3.04	2.61	1.78	1.35	3.64	4.49	3.80	0.66	1.35	0.19	0.59	0.84	3.50
47.00	8.40	7.21	2.20	1.25	0.11	0.00	5.41	1.47	1.24	4.03	2.04	3.76	4.50	0.69	0.20	0.01	0.13	1.84	1.86
48.00	8.40	7.20	3.65	0.49	0.00	0.00	5.36	1.87	3.85	0.34	4.38	3.52	4.50	3.59	3.29	0.53	1.65	1.19	3.60
49.00	8.41	7.20	2.64	1.80	0.66	0.00	4.64	0.00	1.24	2.77	4.23	2.06	3.01	2.34	0.60	0.68	1.35	1.30	3.50
50.00	8.40	7.21	2.31	0.29	0.89	0.00	4.85	3.98	2.25	3.27	4.16	3.33	4.15	1.54	0.08	1.33	3.31	2.60	1.73
51.00	8.40	7.20	2.53	1.21	0.77	0.00	0.22	1.00	2.76	0.38	4.03	0.75	4.09	2.52	1.98	3.96	3.78	1.19	1.32
52.00	8.41	7.21	0.99	2.16	0.99	0.00	3.63	0.79	4.02	0.00	4.50	1.32	4.49	3.19	2.24	1.20	4.19	3.58	3.54
53.00	8.40	7.20	0.12	0.00	0.99	0.00	4.70	0.48	2.80	1.04	3.67	0.37	4.24	0.98	0.26	0.05	1.97	1.05	1.91
54.00	8.40	7.20	2.25	0.00	1.98	0.00	5.28	3.53	4.04	1.19	4.18	2.46	3.90	1.59	0.84	1.26	3.94	3.10	3.62
55.00	8.41	7.21	1.33	3.10	0.29	0.00	3.91	2.46	0.60	0.99	4.51	4.29	2.03	1.35	0.79	0.00	2.93	3.52	1.74
56.00	8.40	7.20	1.41	2.47	3.00	0.00	4.53	2.31	1.12	4.31	4.50	2.10	0.32	0.48	1.72	0.00	2.70	3.82	3.71
57.00	8.40	7.21	0.00	3.14	0.00	0.00	5.09	2.96	1.48	0.00	4.19	2.26	3.63	2.06	1.99	0.04	0.18	2.01	3.59
58.00	8.40	7.20	1.87	3.05	1.28	0.00	2.89	0.04	2.08	2.20	3.20	2.99	3.27	1.08	0.07	0.61	2.05	1.61	3.19
59.00	8.41	7.20	2.56	0.02	0.40	0.00	1.72	0.00	0.45	4.75	4.50	3.23	3.70	0.82	1.85	1.71	3.50	2.64	3.29
60.00	8.40	7.21	1.86	3.62	2.11	0.00	5.20	0.02	4.51	3.44	4.50	2.47	4.18	1.75	0.91	1.74	1.90	2.37	1.95
61.00	8.40	7.20	2.05	2.13	0.01	0.00	4.30	1.93	2.80	4.57	3.05	0.13	4.09	0.48	0.60	0.88	3.29	0.91	1.28
62.00	8.41	7.21	4.17	1.21	1.60	0.00	5.12	0.58	4.09	2.84	4.06	2.20	4.27	1.59	0.11	1.10	2.70	3.44	1.33
63.00	8.40	7.20	2.30	0.68	3.59	0.00	5.04	2.30	1.14	1.00	4.46	4.13	2.03	0.07	0.84	0.13	3.51	3.37	3.06
64.00	8.40	7.21	1.31	4.56	1.90	0.00	4.09	2.26	2.27	0.99	3.94	4.45	3.77	0.41	1.74	1.19	3.06	3.47	2.27
65.00	8.41	7.20	1.42	1.47	1.02	0.00	4.23	1.88	2.86	2.67	4.49	4.10	4.50	1.44	0.57	0.51	2.93	1.79	3.59
66.00	8.40	7.20	1.05	0.99	0.00	0.00	1.70	0.98	3.20	3.83	2.01	4.11	4.19	0.75	1.13	0.05	1.74	1.86	3.60
67.00	8.40	7.21	2.11	2.26	0.51	0.00	4.95	3.00	1.98	3.10	3.01	2.66	3.74	1.00	0.20	0.54	2.44	2.16	3.57
68.00	8.41	7.20	2.96	5.48	0.05	0.00	0.64	1.38	4.78	2.66	4.32	3.85	3.93	0.71	1.07	0.00	1.38	1.81	3.50
69.00	8.40	7.21	2.71	2.61	1.37	0.00	4.51	1.39	1.14	3.67	3.78	3.19	2.16	1.28	0.00	0.38	2.98	3.90	1.35
70.00	8.40	7.20	0.38	1.80	0.31	0.00	2.47	0.71	2.30	2.34	2.52	3.32	4.18	3.79	1.41	0.67	3.43	3.78	3.40
71.00	8.41	7.20	3.53	2.06	0.01	0.00	2.10	2.18	3.32	1.44	2.63	1.11	4.06	2.74	1.74	0.97	2.61	2.93	1.42
72.00	8.40	7.21	2.20	4.42	1.08	0.00	1.37	2.92	2.71	1.21	3.07	3.99	2.59	0.00	0.01	2.67	2.32	2.87	0.00
73.00	8.40	7.20	5.09	0.00	0.05	0.00	4.10	0.26	2.72	4.27	3.42	0.94	3.89	1.81	0.16	0.52	1.55	1.10	4.20
74.00	8.41	7.21	5.09	1.75	1.22	0.00	3.76	0.00	4.47	0.85	4.04	3.74	4.03	3.33	0.01	1.07	4.18	1.01	3.60
75.00	8.40	7.20	1.34	3.78	0.49	0.00	3.09	0.84	1.30	1.11	1.91	1.47	4.13	0.69	0.01	0.00	2.80	3.19	0.85
76.00	8.40	7.20	3.60	2.27	4.22	0.00	4.65	1.54	1.60	1.64	4.12	1.15	4.44	0.59	1.57	2.47	1.06	3.85	3.24
77.00	8.40	7.21	3.84	0.69	3.93	0.00	1.30	0.07	3.03	2.79	3.45	3.58	4.42	1.86	0.18	1.37	0.73	0.80	3.60
78.00	8.41	7.20	1.68	3.04	0.87	0.00	2.59	1.18	4.58	2.21	3.16	1.11	3.30	1.58	0.81	2.12	2.53	3.05	3.60
79.00	8.40	7.21	1.27	0.78	0.28	0.00	3.52	0.80	3.97	0.42	1.58	2.57	2.40	0.72	1.59	0.00	2.40	1.19	2.39
10.2.1.2	8.56	8.54
10.2.1.3	7.34	8.69
10.1.1.11	3.87	8583.93
10.1.1.12	2.35	72824.71
10.1.1.13	3.64	15673.05
10.1.1.14	1.62	115329.13
10.1.1.15	0.85	233679.68
10.1.1.16	1.03	131017.59
10.1.1.17	2.34	54755.64
10.1.1.3	2.11	152061.23
10.1.1.6	1535.44	2026733.33
10.1.1.7	3.53	17019.87
10.1.1.4	2.19	130532.06
10.1.1.18	2.21	42038.51
10.1.1.8	1.19	149144.92
10.1.1.9	2.63	47711.10
10.1.1.5	0.99	174958.65
10.1.1.10	2.15	126364.66
10.1.1.19	2.60	39329.88
