Waf: Entering directory `/home/synrg-sc1/Desktop/Jiaming/ns-3.29-mesh/build'
Waf: Leaving directory `/home/synrg-sc1/Desktop/Jiaming/ns-3.29-mesh/build'
Build commands will be stored in build/compile_commands.json
'build' finished successfully (4.742s)
CreateVariables () DONE !!!
Creating 17 APs 50.00 m apart.
CreateApNodes () DONE !!!
Creating 0 CLs 20.00 m away from each AP.
CreateClNodes () DONE !!!
CreateNodes () DONE !!!
CreateMeshDevices () DONE !!!
CreateWifiDevices () DONE !!!
CreateCsmaDevices () DONE !!!
CreateDevices () DONE !!!
InstallInternetStack () DONE !!!
Gateway is connect to AP 0
InstallApplications () DONE !!!
Starting simulation for 80.00 s ...
-------------------------------------------------
Time[s]	ap-0	ap-1	ap-2	ap-3	ap-4	ap-5	ap-6	ap-7	ap-8	ap-9	ap-10	ap-11	ap-12	ap-13	ap-14	ap-15	ap-16
2.00	0.00	0.00	0.00	0.00	0.00	0.00	0.00	0.00	0.00	0.00	0.00	0.00	0.00	0.00	0.00	0.00	0.00
3.00	5.22	4.99	4.77	0.00	0.00	0.00	0.00	0.00	0.00	0.00	0.00	0.00	0.00	0.00	0.00	0.00	0.00
4.00	6.90	6.61	6.30	0.00	0.00	0.00	0.00	0.00	0.00	0.00	0.00	0.00	0.00	0.00	0.00	0.00	0.00
5.00	6.90	6.59	6.30	1.18	1.14	0.49	0.28	3.26	2.68	0.00	1.34	1.50	0.99	0.00	1.75	1.14	0.00
6.00	6.90	6.61	6.30	0.00	1.51	0.00	0.04	1.67	4.98	5.18	0.02	2.65	2.57	3.10	3.23	0.13	0.68
7.00	6.90	6.59	6.30	1.97	0.78	0.04	5.50	1.87	1.33	2.60	0.00	0.57	0.04	0.72	2.24	0.00	1.42
8.00	6.90	6.61	6.30	2.78	4.32	2.08	4.30	2.37	2.11	3.96	0.33	1.10	0.34	0.16	0.81	1.04	1.14
9.00	6.90	6.59	6.30	1.91	2.78	0.00	4.32	1.39	0.85	5.09	0.08	0.13	0.52	2.01	2.52	0.55	0.38
10.00	6.90	6.61	6.30	2.57	3.84	2.59	4.84	3.72	4.22	4.39	0.00	0.71	1.02	1.66	2.47	0.33	0.91
11.00	6.90	6.59	6.30	0.77	5.20	1.83	4.05	1.67	1.78	2.00	0.00	0.16	0.55	0.41	4.11	0.58	1.60
12.00	6.90	6.61	6.30	1.27	3.43	1.58	4.63	2.77	2.71	4.69	0.00	0.94	1.15	0.00	1.39	0.06	0.34
13.00	6.90	6.59	6.30	0.05	4.09	0.52	5.70	1.06	1.79	4.22	0.99	2.90	0.99	1.77	1.58	0.37	0.33
14.00	6.90	6.61	6.30	3.10	2.12	1.11	5.43	5.71	3.82	5.35	0.68	2.03	3.24	2.56	4.02	0.57	0.47
15.00	6.90	6.59	6.30	0.78	1.17	0.49	5.55	1.17	0.69	4.98	0.01	0.00	0.00	0.09	2.46	0.09	0.12
16.00	6.90	6.59	6.30	1.88	1.98	0.00	3.54	1.66	3.03	3.59	0.00	0.00	0.00	1.48	3.33	0.48	0.00
17.00	6.89	6.61	6.30	1.42	2.33	0.49	5.25	0.86	3.09	5.39	0.01	1.27	1.73	0.00	3.30	0.28	1.63
18.00	6.90	6.59	6.30	0.49	3.38	0.00	4.92	2.31	3.49	3.23	0.00	0.00	0.80	0.00	2.44	0.00	1.63
19.00	6.90	6.61	6.30	0.95	4.52	0.42	3.77	2.47	0.13	3.60	0.00	0.00	1.01	0.00	1.84	0.04	0.26
20.00	6.90	6.59	6.30	0.52	3.84	0.00	4.47	2.17	1.67	1.91	0.00	1.34	0.42	0.12	3.23	0.00	0.08
21.00	6.90	6.61	6.30	3.19	4.04	1.52	5.66	2.59	1.71	2.78	0.00	1.31	0.05	0.01	0.48	0.53	0.42
22.00	6.90	6.59	6.30	3.99	1.52	0.49	4.15	2.86	2.76	5.38	0.24	0.32	1.31	0.00	2.84	0.98	0.40
23.00	6.90	6.61	6.30	0.78	5.64	0.94	5.19	1.46	1.52	4.69	0.22	1.17	0.51	0.09	3.94	0.07	0.05
24.00	6.90	6.59	6.30	1.31	5.15	1.19	1.12	2.50	2.27	0.71	0.00	1.10	0.22	0.26	1.75	0.02	0.08
25.00	6.90	6.61	6.30	0.84	2.53	1.40	4.42	0.95	1.58	2.89	0.12	0.08	0.16	0.81	3.23	0.00	0.01
26.00	6.90	6.59	6.30	0.66	3.62	0.00	5.02	1.04	4.82	4.92	0.00	0.24	0.12	0.00	1.68	0.00	0.85
27.00	6.90	6.61	6.30	2.52	3.74	2.93	2.97	1.78	0.31	3.86	0.00	0.34	0.40	0.00	2.30	0.00	0.05
28.00	6.90	6.59	6.30	0.00	5.09	0.00	3.76	2.10	0.59	5.29	0.01	2.53	2.28	2.23	2.99	1.59	0.49
29.00	6.90	6.59	6.30	1.17	5.08	1.99	5.70	1.57	0.32	5.04	0.00	0.00	1.37	0.16	1.63	1.02	0.38
30.00	6.90	6.61	6.30	1.01	4.24	1.95	5.45	5.52	2.04	3.36	0.01	0.00	0.00	0.40	2.12	0.24	0.61
31.00	6.90	6.59	6.30	0.00	4.10	0.00	4.56	3.50	3.70	5.15	0.27	0.48	0.67	0.15	0.72	0.14	0.00
32.00	6.90	6.61	6.30	1.47	2.78	3.58	5.70	4.98	3.18	5.42	0.28	0.00	0.99	0.32	1.64	0.68	1.55
33.00	6.90	6.59	6.30	0.00	2.91	0.04	1.39	1.06	0.34	0.58	0.54	1.97	0.01	0.13	0.06	0.00	0.11
34.00	6.89	6.61	6.30	2.97	4.84	0.00	0.48	3.10	2.01	2.87	1.15	0.04	0.00	0.04	2.37	0.00	0.31
35.00	6.90	6.59	6.30	1.67	1.68	0.21	3.39	2.26	0.34	3.21	1.17	0.00	1.55	0.00	3.86	2.77	1.54
36.00	6.90	6.61	6.30	2.01	5.17	0.00	1.90	3.64	0.35	2.44	1.18	0.00	0.39	0.02	3.39	1.54	2.12
37.00	6.90	6.59	6.30	0.99	4.72	0.09	5.81	1.37	0.72	3.12	0.78	0.21	0.01	0.29	1.26	0.00	1.37
38.00	6.90	6.61	6.30	1.50	2.38	0.99	5.71	0.77	1.21	1.90	0.00	0.91	0.12	0.09	1.90	1.41	0.55
39.00	6.90	6.59	6.30	3.00	0.00	0.00	3.57	1.32	0.13	3.20	0.00	3.19	0.71	0.00	2.03	0.89	0.04
40.00	6.90	6.61	6.30	3.42	7.34	0.00	4.64	4.63	0.00	5.39	0.00	0.00	1.94	0.00	3.17	0.71	0.00
41.00	6.90	6.59	6.30	0.71	4.71	0.47	3.53	0.51	1.31	2.53	1.39	0.65	0.88	1.24	4.02	0.34	0.00
42.00	6.90	6.59	6.30	2.08	4.64	0.00	5.62	2.60	3.56	5.39	0.00	1.46	2.52	0.46	2.34	0.14	0.00
43.00	6.90	6.61	6.30	1.61	1.48	1.10	2.60	0.94	3.90	3.78	0.00	0.00	1.17	0.07	3.58	0.29	0.04
44.00	6.90	6.59	6.30	1.57	4.36	0.00	4.65	0.00	0.77	0.98	0.00	0.33	0.01	0.00	0.86	0.00	0.64
45.00	6.90	6.61	6.30	0.00	2.72	0.45	5.28	1.70	0.49	2.41	0.00	0.99	0.62	0.00	1.26	0.00	0.00
46.00	6.90	6.59	6.30	3.73	4.51	0.00	5.24	0.49	0.46	5.62	0.00	0.00	0.01	0.00	1.47	0.48	0.00
47.00	6.90	6.61	6.30	3.52	4.55	0.00	4.44	1.19	2.91	2.32	1.30	1.33	0.00	0.15	4.60	1.13	0.00
48.00	6.90	6.59	6.30	0.71	6.24	0.25	2.18	0.82	3.93	1.98	0.05	2.39	0.00	2.25	2.13	0.00	1.63
49.00	6.90	6.61	6.30	0.60	2.01	0.74	1.98	1.85	1.93	3.38	0.00	0.00	0.00	0.80	2.01	0.00	0.00
50.00	6.89	6.59	6.30	2.23	2.03	1.55	6.12	1.61	1.79	4.62	0.01	0.47	1.12	0.02	3.31	0.00	0.81
51.00	6.90	6.61	6.30	1.21	4.98	0.00	1.01	2.26	3.90	3.73	0.09	0.00	1.10	1.38	1.88	0.01	0.00
52.00	6.90	6.59	6.30	0.48	6.04	0.00	5.15	2.60	3.24	4.05	0.24	0.29	1.11	0.02	0.57	0.66	0.39
53.00	6.90	6.61	6.30	0.55	4.84	0.00	5.64	0.09	1.20	4.97	0.15	0.41	0.15	1.52	2.04	0.00	0.12
54.00	6.90	6.59	6.30	1.51	5.86	0.49	4.77	0.77	2.24	4.03	0.00	1.02	1.78	0.79	2.90	0.57	1.10
55.00	6.90	6.59	6.30	2.78	2.61	0.49	5.39	0.25	1.60	1.50	0.00	0.55	0.04	0.00	1.64	0.04	0.00
56.00	6.90	6.61	6.30	2.12	3.29	0.95	3.44	0.53	2.04	4.12	0.02	0.47	1.30	1.22	1.66	1.35	0.14
57.00	6.90	6.59	6.30	0.99	5.70	1.39	2.14	0.16	1.06	4.62	0.31	0.58	0.48	0.84	1.10	3.13	0.31
58.00	6.90	6.61	6.30	2.65	3.43	0.00	4.98	3.00	2.81	4.52	0.97	3.70	0.00	0.19	2.27	0.49	0.87
59.00	6.90	6.59	6.30	2.76	0.00	0.00	2.97	4.39	2.76	5.04	0.00	1.52	0.91	0.61	0.02	0.00	0.24
60.00	6.90	6.61	6.30	1.02	5.03	0.00	2.72	2.14	0.57	4.13	0.01	0.86	1.80	0.37	1.52	0.73	0.60
61.00	6.90	6.59	6.30	0.71	4.40	1.83	5.04	0.37	1.84	4.40	0.00	2.01	0.27	0.58	2.91	0.24	1.22
62.00	6.90	6.61	6.30	1.66	2.65	0.00	5.02	1.78	2.25	2.90	0.00	1.98	0.19	0.00	0.86	0.00	1.67
63.00	6.90	6.59	6.30	0.69	4.13	2.12	4.97	1.91	1.42	2.77	0.05	2.94	0.00	0.05	2.32	1.94	0.00
64.00	6.90	6.61	6.30	0.55	1.48	1.07	5.70	1.57	1.85	4.93	0.59	3.03	3.82	0.08	3.63	0.64	0.93
65.00	6.90	6.59	6.30	0.24	3.77	0.48	2.97	2.12	1.19	3.57	0.51	2.99	1.14	0.12	2.21	0.08	1.38
66.00	6.89	6.61	6.30	2.16	3.42	3.80	5.69	0.33	2.64	5.28	0.24	3.77	2.19	1.61	1.51	0.00	1.46
67.00	6.90	6.59	6.30	2.36	2.80	0.00	3.79	1.39	2.50	1.37	0.25	2.07	0.01	0.00	2.38	0.82	1.34
68.00	6.90	6.59	6.30	0.69	5.63	2.01	5.71	0.64	2.19	4.32	0.00	0.41	1.59	2.04	4.00	1.04	1.24
69.00	6.90	6.61	6.30	1.30	3.14	0.52	4.68	1.10	3.37	3.21	0.01	0.15	0.47	0.01	1.84	1.68	0.35
70.00	6.90	6.59	6.30	3.18	5.43	0.00	4.39	1.27	0.98	1.92	0.97	0.05	1.08	0.74	1.05	2.16	0.02
71.00	6.90	6.61	6.30	0.99	5.95	2.27	4.59	1.75	4.18	5.25	0.49	2.27	0.01	0.00	4.05	1.95	0.00
72.00	6.90	6.59	6.30	2.73	2.89	0.49	2.53	4.51	3.07	3.70	0.00	1.33	3.50	0.00	3.34	0.71	0.75
73.00	6.90	6.61	6.30	0.88	0.95	1.45	3.12	0.00	2.13	3.43	1.38	1.39	0.41	0.00	0.77	0.00	0.01
74.00	6.90	6.59	6.30	2.71	3.49	2.38	4.24	3.37	1.30	5.43	0.09	0.00	0.01	0.00	0.95	0.05	0.01
75.00	6.90	6.61	6.29	0.51	0.37	0.45	3.37	1.70	2.48	5.36	0.01	0.49	0.91	0.89	2.20	0.00	0.00
76.00	6.90	6.59	6.30	0.49	6.01	1.34	5.70	3.37	2.63	2.57	0.00	3.19	2.16	0.00	2.50	1.10	2.46
77.00	6.90	6.61	6.30	0.57	4.55	2.24	5.65	2.23	2.30	2.59	0.01	1.90	0.53	1.60	1.95	0.51	0.87
78.00	6.90	6.59	6.30	0.49	4.45	2.24	5.75	2.36	0.00	0.00	0.57	1.05	1.04	0.00	0.15	0.18	0.92
79.00	6.90	6.61	6.30	1.14	3.92	0.00	1.15	2.34	2.63	4.69	0.00	0.02	2.70	1.55	1.74	0.46	0.15
10.2.1.4	6.42	8.53
10.2.1.3	6.73	8.93
10.2.1.2	7.03	7.94
10.1.1.11	0.26	207334.28
10.1.1.12	1.06	156165.66
10.1.1.13	0.89	93478.49
10.1.1.6	0.85	225148.25
10.1.1.7	4.24	33054.32
10.1.1.8	2.02	88982.73
10.1.1.14	0.57	288360.58
10.1.1.9	2.06	61136.91
10.1.1.10	3.78	33158.89
10.1.1.4	1.50	155087.14
10.1.1.5	3.73	31813.62
10.1.1.15	2.29	49247.57
10.1.1.16	0.58	217824.76
10.1.1.17	0.61	163696.80
