Waf: Entering directory `/home/synrg-sc1/Desktop/Jiaming/ns-3.29-mesh/build'
Waf: Leaving directory `/home/synrg-sc1/Desktop/Jiaming/ns-3.29-mesh/build'
Build commands will be stored in build/compile_commands.json
'build' finished successfully (4.727s)
CreateVariables () DONE !!!
Creating 17 APs 50.00 m apart.
CreateApNodes () DONE !!!
Creating 0 CLs 20.00 m away from each AP.
CreateClNodes () DONE !!!
CreateNodes () DONE !!!
CreateMeshDevices () DONE !!!
CreateWifiDevices () DONE !!!
CreateCsmaDevices () DONE !!!
CreateDevices () DONE !!!
InstallInternetStack () DONE !!!
Gateway is connect to AP 0
InstallApplications () DONE !!!
Starting simulation for 80.00 s ...
-------------------------------------------------
Time[s]	ap-0	ap-1	ap-2	ap-3	ap-4	ap-5	ap-6	ap-7	ap-8	ap-9	ap-10	ap-11	ap-12	ap-13	ap-14	ap-15	ap-16
2.00	0.00	0.00	0.00	0.00	0.00	0.00	0.00	0.00	0.00	0.00	0.00	0.00	0.00	0.00	0.00	0.00	0.00
3.00	5.75	5.29	0.00	0.00	0.00	0.00	0.00	0.00	0.00	0.00	0.00	0.00	0.00	0.00	0.00	0.00	0.00
4.00	7.81	7.21	0.00	0.00	0.00	0.00	0.00	0.00	0.00	0.00	0.00	0.00	0.00	0.00	0.00	0.00	0.00
5.00	7.80	7.20	1.68	3.66	3.49	1.90	0.00	3.29	0.85	1.54	1.06	1.07	1.74	1.20	0.34	2.23	0.33
6.00	7.80	7.21	1.93	4.71	1.80	1.97	2.87	2.64	1.87	1.85	0.82	3.00	0.69	0.27	0.00	2.76	0.15
7.00	7.81	7.20	0.74	5.13	2.51	1.63	3.67	3.12	0.14	0.62	0.86	0.79	1.74	1.25	3.18	1.94	1.21
8.00	7.80	7.20	0.49	5.50	0.86	4.47	3.31	3.23	0.80	0.75	1.07	1.42	2.04	2.97	3.84	1.57	0.13
9.00	7.80	7.21	2.53	4.09	0.00	0.42	2.10	1.51	0.00	4.05	1.95	1.47	3.77	1.72	3.90	1.63	0.79
10.00	7.81	7.20	2.12	5.98	4.52	0.41	2.45	4.86	2.84	0.04	0.74	2.32	2.54	3.07	3.90	1.20	0.68
11.00	7.80	7.21	0.31	5.71	3.63	2.44	1.42	1.19	0.99	1.26	0.00	2.18	0.81	4.04	3.11	2.48	0.28
12.00	7.81	7.20	1.70	5.81	1.01	5.92	3.77	1.80	0.94	0.99	0.00	1.12	1.34	0.16	0.87	1.24	0.98
13.00	7.80	7.20	1.95	4.91	2.26	5.35	0.84	4.15	0.05	1.04	1.72	3.69	1.48	0.00	2.13	3.39	1.53
14.00	7.80	7.21	0.07	4.66	3.40	4.75	3.54	4.70	1.35	0.22	1.66	2.47	2.20	0.59	2.58	2.96	1.78
15.00	7.81	7.20	1.54	6.06	3.21	5.64	5.62	5.28	0.54	1.97	0.37	1.79	1.75	3.07	1.17	2.47	2.04
16.00	7.80	7.21	2.10	5.39	3.47	6.03	1.92	2.56	0.25	1.06	1.31	1.95	3.17	3.85	0.75	1.93	1.42
17.00	7.80	7.20	1.67	3.06	2.17	5.81	0.75	0.86	0.49	0.00	0.11	2.61	2.11	2.99	1.63	1.52	0.05
18.00	7.81	7.21	0.05	7.05	3.79	5.86	2.20	6.65	1.75	0.08	0.00	2.58	0.86	4.03	0.00	0.00	1.66
19.00	7.80	7.20	2.36	4.64	2.06	2.57	1.24	4.77	0.93	0.99	0.25	0.77	2.27	1.65	1.46	0.53	3.06
20.00	7.80	7.20	1.75	4.10	1.10	4.29	4.15	2.11	0.20	3.60	1.78	3.18	3.79	0.27	3.09	2.54	2.97
21.00	7.81	7.21	2.46	4.75	0.34	4.47	4.11	4.95	0.13	2.54	0.04	2.76	2.93	2.65	0.62	0.64	2.91
22.00	7.80	7.20	0.00	3.74	3.91	5.08	5.48	4.89	2.48	1.83	0.65	2.10	3.34	2.67	3.13	1.45	1.27
23.00	7.81	7.21	0.00	6.04	2.30	2.26	2.47	3.51	1.21	0.18	0.33	0.94	4.03	0.00	1.24	0.20	0.00
24.00	7.80	7.20	0.66	5.83	1.33	3.04	2.68	4.33	3.30	0.62	1.02	1.18	1.79	3.25	0.49	1.77	0.98
25.00	7.80	7.20	1.28	3.30	4.92	2.64	1.86	0.14	1.65	0.00	0.00	1.67	1.93	4.03	1.64	3.57	0.00
26.00	7.81	7.21	2.07	5.04	2.81	4.62	2.83	4.13	1.95	0.51	1.83	2.78	4.13	2.33	2.64	3.43	0.99
27.00	7.80	7.20	1.45	4.25	1.77	3.36	2.96	0.86	0.00	2.53	1.05	1.48	4.27	0.00	2.47	2.64	0.93
28.00	7.80	7.21	1.21	5.99	1.71	6.35	3.40	5.71	3.76	0.00	0.00	4.39	1.60	5.36	0.54	0.31	0.15
29.00	7.81	7.20	2.83	4.63	2.07	4.11	3.62	4.13	0.66	0.49	0.53	2.79	1.91	0.29	2.16	2.68	0.06
30.00	7.80	7.20	0.02	5.98	1.45	4.27	4.71	3.71	0.55	0.94	0.14	2.96	1.42	1.81	2.18	3.11	0.49
31.00	7.80	7.21	0.00	5.29	3.51	4.27	1.35	3.29	0.13	0.04	0.05	2.93	1.53	3.76	1.67	2.52	0.18
32.00	7.81	7.20	0.00	5.98	2.05	5.96	4.29	2.90	1.87	1.24	0.49	3.65	3.50	3.34	0.85	3.06	0.25
33.00	7.80	7.21	2.12	4.37	1.01	2.05	2.81	2.11	0.01	0.49	0.00	2.91	0.53	2.76	3.19	3.18	0.00
34.00	7.81	7.20	1.80	5.83	1.45	4.20	6.99	1.71	0.00	0.00	0.00	4.73	3.13	0.58	1.78	3.14	3.11
35.00	7.80	7.21	2.45	4.47	1.92	4.62	3.59	4.49	1.08	1.01	0.00	3.62	0.37	0.51	3.91	3.56	0.00
36.00	7.80	7.20	0.00	3.54	4.78	3.80	4.37	2.16	0.00	1.38	0.00	3.39	1.04	1.46	1.33	1.28	0.97
37.00	7.81	7.20	1.28	5.31	1.54	4.83	5.05	0.35	1.73	0.60	1.72	2.96	0.21	2.59	0.53	3.76	0.00
38.00	7.80	7.21	1.54	4.38	2.86	3.37	4.65	3.94	0.12	0.00	1.41	0.52	3.12	2.59	3.47	3.38	2.44
39.00	7.80	7.20	1.25	4.91	3.20	3.13	3.90	5.78	1.74	1.18	0.01	1.90	1.71	0.39	3.90	1.37	0.67
40.00	7.81	7.21	0.89	5.99	1.40	5.35	4.72	4.20	0.25	0.79	0.29	2.73	2.33	4.18	3.56	1.87	1.50
41.00	7.80	7.20	2.39	5.66	0.00	3.24	6.25	5.52	0.00	0.00	0.00	0.73	0.01	3.80	3.69	2.26	1.65
42.00	7.80	7.20	0.00	5.79	4.99	1.46	5.85	5.32	0.26	1.41	0.00	3.17	0.91	1.33	3.90	0.74	2.93
43.00	7.81	7.21	0.87	5.53	3.50	2.40	1.98	4.91	0.25	1.61	0.49	4.19	2.17	0.95	3.79	1.40	1.71
44.00	7.80	7.20	4.24	6.02	1.59	3.72	5.29	3.83	0.82	0.99	0.78	0.26	1.18	1.00	3.91	2.94	0.91
45.00	7.81	7.21	1.07	6.01	1.81	1.80	2.05	1.94	0.28	0.00	0.01	0.78	0.04	2.38	3.90	2.39	0.60
46.00	7.80	7.20	1.58	5.99	1.45	3.97	3.17	2.00	0.00	0.91	0.01	1.33	0.92	0.55	3.91	0.99	0.04
47.00	7.80	7.21	1.71	5.96	5.03	2.10	6.02	0.01	1.08	2.14	0.39	1.26	2.13	1.81	3.85	1.12	0.14
48.00	7.81	7.20	0.02	5.64	1.90	3.09	5.44	4.78	2.64	0.97	0.49	3.46	1.59	4.66	3.69	1.12	0.42
49.00	7.80	7.20	1.59	4.76	1.74	2.03	4.12	3.06	1.25	1.64	0.01	2.50	2.36	1.58	2.41	3.29	0.25
50.00	7.80	7.21	0.00	5.99	3.34	4.63	5.99	5.91	0.02	0.00	0.04	1.71	1.37	3.21	0.84	3.60	1.27
51.00	7.81	7.20	0.64	5.88	1.92	0.71	5.33	1.50	0.00	1.32	0.52	0.31	3.14	1.24	1.07	0.69	1.92
52.00	7.80	7.21	1.63	1.01	0.73	4.86	5.28	4.60	1.22	0.29	2.34	1.14	3.13	1.48	4.89	3.60	0.14
53.00	7.80	7.20	0.00	3.27	5.91	2.11	4.30	5.97	0.00	2.74	0.65	2.65	2.57	0.00	3.90	3.60	1.08
54.00	7.81	7.20	1.24	4.17	4.73	3.18	2.59	4.64	2.17	0.72	1.92	2.26	1.20	2.72	2.83	2.90	0.26
55.00	7.80	7.21	1.81	4.20	5.10	3.69	5.78	2.34	0.00	0.00	0.93	4.53	2.24	3.06	2.57	1.01	1.06
56.00	7.81	7.20	0.87	5.52	4.53	4.13	5.99	2.84	0.00	0.59	0.67	2.39	1.19	0.49	1.46	0.00	1.31
57.00	7.80	7.21	2.57	3.94	1.21	3.06	4.80	4.04	1.25	0.04	0.00	1.00	2.31	0.00	2.59	3.01	3.45
58.00	7.80	7.20	0.05	5.43	6.55	0.94	3.11	4.09	1.26	0.00	0.31	2.00	1.26	3.57	1.77	1.87	1.11
59.00	7.81	7.20	0.99	6.10	5.45	5.24	0.99	5.70	0.11	0.44	0.00	3.00	2.44	1.78	1.74	1.71	1.47
60.00	7.80	7.21	2.89	5.78	5.59	4.75	4.15	4.30	0.89	0.01	1.32	2.06	3.42	0.86	4.29	3.59	0.00
61.00	7.80	7.20	0.99	3.76	3.16	4.50	5.13	2.38	0.00	0.31	0.51	1.33	2.14	2.23	3.25	1.84	0.00
62.00	7.81	7.21	1.44	5.89	2.17	4.92	5.91	5.65	1.50	0.38	0.00	2.36	3.51	3.52	3.90	0.49	2.34
63.00	7.80	7.20	2.72	4.17	3.45	5.09	6.01	2.39	1.61	1.44	1.05	3.16	1.14	0.57	3.90	2.08	0.00
64.00	7.80	7.21	2.91	5.96	2.59	5.90	5.24	5.42	0.00	0.15	0.33	2.73	1.51	3.05	2.07	2.39	1.74
65.00	7.81	7.20	0.00	4.17	1.27	5.50	1.67	3.69	0.00	0.05	1.87	0.00	2.31	3.32	1.90	1.65	0.89
66.00	7.80	7.20	0.89	5.26	3.36	3.53	6.63	1.24	0.18	0.49	0.09	4.13	1.95	2.63	2.65	2.27	1.26
67.00	7.81	7.21	1.78	0.58	2.41	4.79	0.48	1.91	1.47	0.00	0.75	1.53	3.21	3.64	3.97	2.11	0.08
68.00	7.80	7.20	1.01	5.99	1.22	4.58	3.73	5.05	2.65	1.47	0.00	1.83	2.87	2.89	3.91	2.07	0.00
69.00	7.80	7.21	0.14	4.80	1.68	5.61	2.54	3.71	0.97	2.31	0.80	0.79	2.07	2.20	2.59	2.01	0.00
70.00	7.81	7.20	0.75	5.99	2.12	5.99	6.01	4.12	1.08	4.18	0.32	3.66	1.65	4.20	4.22	3.30	0.84
71.00	7.80	7.20	2.98	4.04	1.73	1.72	2.20	2.96	0.01	2.86	0.32	2.71	3.23	0.81	3.44	1.58	0.88
72.00	7.80	7.21	2.43	4.16	2.03	3.29	4.44	2.91	0.58	0.92	1.26	3.44	1.02	1.95	3.89	3.27	1.90
73.00	7.81	7.20	0.06	6.11	2.44	1.19	1.86	1.94	0.82	1.63	0.00	4.42	3.65	1.38	0.97	3.26	0.05
74.00	7.80	7.21	1.01	4.72	3.27	4.80	6.01	2.41	3.27	0.81	0.60	3.97	1.25	2.19	3.90	3.14	2.58
75.00	7.80	7.20	0.49	4.71	0.00	5.89	5.78	3.20	1.06	0.71	0.06	1.79	0.22	0.91	3.90	3.45	3.20
76.00	7.81	7.20	0.09	3.90	2.04	2.66	5.86	1.20	0.65	0.06	0.07	3.31	1.11	2.94	3.86	0.58	1.71
77.00	7.80	7.21	1.85	4.13	3.72	1.75	2.37	2.65	0.00	2.31	0.51	2.34	1.57	1.47	3.65	2.14	0.82
78.00	7.81	7.20	3.56	6.01	4.98	0.00	4.59	1.63	1.24	1.42	0.01	4.06	2.24	0.00	3.19	3.29	0.05
79.00	7.80	7.21	0.06	2.64	3.03	0.62	4.95	3.18	1.18	0.79	0.00	2.86	2.73	1.84	3.90	0.68	2.70
10.2.1.3	7.34	9.55
10.2.1.2	7.95	8.07
10.1.1.12	2.39	71539.25
10.1.1.13	2.08	57440.21
10.1.1.14	2.08	110339.21
10.1.1.15	2.70	61205.50
10.1.1.16	2.18	56833.47
10.1.1.3	1.35	144978.77
10.1.1.17	1.08	102397.54
10.1.1.4	5.04	17443.31
10.1.1.5	2.74	105680.98
10.1.1.6	3.73	38557.02
10.1.1.7	3.95	57751.62
10.1.1.8	3.50	50815.41
10.1.1.9	0.94	218265.97
10.1.1.10	1.01	128559.80
10.1.1.11	0.58	223918.67
