Waf: Entering directory `/home/synrg-sc1/Desktop/Jiaming/ns-3.29-mesh/build'
Waf: Leaving directory `/home/synrg-sc1/Desktop/Jiaming/ns-3.29-mesh/build'
Build commands will be stored in build/compile_commands.json
'build' finished successfully (4.730s)
CreateVariables () DONE !!!
Creating 11 APs 50.00 m apart.
CreateApNodes () DONE !!!
Creating 0 CLs 20.00 m away from each AP.
CreateClNodes () DONE !!!
CreateNodes () DONE !!!
CreateMeshDevices () DONE !!!
CreateWifiDevices () DONE !!!
CreateCsmaDevices () DONE !!!
CreateDevices () DONE !!!
InstallInternetStack () DONE !!!
Gateway is connect to AP 0
InstallApplications () DONE !!!
Starting simulation for 80.00 s ...
-------------------------------------------------
Time[s]	ap-0	ap-1	ap-2	ap-3	ap-4	ap-5	ap-6	ap-7	ap-8	ap-9	ap-10
2.00	0.00	0.00	0.00	0.00	0.00	0.00	0.00	0.00	0.00	0.00	0.00
3.00	7.47	0.00	0.00	0.00	0.00	0.00	0.00	0.00	0.00	0.00	0.00
4.00	7.50	0.00	0.00	0.00	0.00	0.00	0.00	0.00	0.00	0.00	0.00
5.00	7.50	4.31	0.00	3.69	3.45	3.26	3.23	0.00	2.31	2.73	2.38
6.00	7.50	2.67	0.64	1.81	3.97	1.70	3.90	0.74	3.42	1.34	3.63
7.00	7.50	2.27	0.00	0.34	1.61	1.08	3.97	0.00	1.42	2.43	1.55
8.00	7.50	7.29	0.09	1.25	2.57	2.41	2.30	0.00	4.53	2.47	2.30
9.00	7.50	3.43	0.51	0.00	3.57	0.26	3.54	0.74	0.49	2.74	1.67
10.00	7.49	1.85	0.00	0.00	0.35	0.97	0.74	0.38	0.62	0.00	1.63
11.00	7.50	1.54	0.64	0.71	2.92	0.92	3.25	1.31	0.51	1.66	1.83
12.00	7.50	3.21	2.51	2.26	4.63	1.07	0.40	1.44	1.74	1.58	1.71
13.00	7.50	3.30	1.71	1.88	1.59	0.00	0.64	1.98	1.59	2.17	2.05
14.00	7.50	0.65	0.60	0.00	4.36	1.86	2.66	3.03	2.00	1.20	3.44
15.00	7.50	7.74	0.00	0.40	4.13	1.86	3.79	1.72	1.14	0.52	3.34
16.00	7.50	3.39	0.00	0.00	2.44	1.59	0.68	0.00	0.00	0.86	1.22
17.00	7.50	1.80	0.06	2.27	2.10	1.92	2.63	0.39	0.62	2.39	2.19
18.00	7.50	6.14	0.00	0.15	3.58	3.63	2.76	0.00	1.84	2.50	1.77
19.00	7.49	3.86	1.02	0.92	2.57	1.38	3.71	0.00	0.79	1.17	0.55
20.00	7.50	2.05	0.00	0.45	3.83	0.01	1.15	0.00	0.00	0.85	0.68
21.00	7.50	4.07	1.79	0.00	1.94	2.59	2.36	0.00	0.93	1.39	1.28
22.00	7.50	0.49	0.44	0.00	1.58	1.54	2.16	0.00	0.80	0.91	1.87
23.00	7.50	4.93	0.86	0.00	4.63	3.83	1.52	0.52	2.68	3.72	1.18
24.00	7.50	2.58	2.85	0.00	2.38	2.61	3.20	0.15	1.55	1.15	2.20
25.00	7.50	6.97	2.40	3.33	3.45	0.00	3.66	0.00	2.61	1.52	0.88
26.00	7.50	3.18	1.21	2.07	2.56	3.60	3.43	0.00	1.13	2.77	3.42
27.00	7.50	1.14	0.00	0.00	0.32	2.13	1.24	1.07	0.49	3.06	2.52
28.00	7.49	1.51	0.00	0.52	2.74	0.71	3.70	0.08	0.04	2.01	1.30
29.00	7.50	5.44	0.95	0.00	2.31	2.16	3.30	0.00	0.69	0.00	0.12
30.00	7.50	3.17	0.00	0.01	3.62	1.02	0.81	0.49	0.01	1.30	0.87
31.00	7.50	3.51	0.00	0.00	2.76	2.81	0.00	1.55	1.41	1.06	3.07
32.00	7.50	3.59	4.38	6.61	5.69	5.41	1.57	0.25	3.57	4.51	3.86
33.00	7.50	2.25	0.62	0.00	1.00	0.34	1.39	0.00	0.65	1.34	1.00
34.00	7.50	3.00	0.48	0.00	2.79	0.00	3.59	0.20	0.00	1.87	1.80
35.00	7.50	3.45	0.00	1.34	2.45	1.84	2.64	0.00	1.75	2.74	2.31
36.00	7.50	1.70	0.00	1.37	3.00	0.24	3.31	0.00	0.18	0.55	1.33
37.00	7.49	1.41	0.21	0.31	1.54	2.47	0.49	0.38	0.55	0.45	0.80
38.00	7.50	4.65	0.04	0.18	0.60	2.81	0.98	0.00	0.27	0.33	1.02
39.00	7.50	2.86	0.00	0.00	5.13	0.00	2.03	0.00	0.39	1.31	1.84
40.00	7.50	7.20	1.46	0.00	6.01	5.43	0.28	0.00	3.79	0.77	0.19
41.00	7.50	1.91	0.48	0.49	4.26	0.97	3.92	0.00	0.69	2.44	3.21
42.00	7.50	2.26	0.25	0.12	2.47	0.67	2.45	0.68	1.21	1.85	3.18
43.00	7.50	5.13	0.00	0.00	4.85	1.11	0.00	0.01	1.60	2.32	3.36
44.00	7.50	0.67	0.80	0.73	2.04	1.60	0.85	0.01	1.42	1.71	0.94
45.00	7.50	1.65	2.67	1.11	1.90	2.89	0.49	0.00	1.26	0.48	2.30
46.00	7.49	4.90	5.25	2.72	5.42	3.99	2.70	2.81	2.51	0.00	4.44
47.00	7.50	5.78	0.18	2.47	1.50	1.00	3.50	0.00	1.05	1.14	2.26
48.00	7.50	7.20	4.93	5.96	4.92	0.00	5.39	0.72	3.39	2.11	3.86
49.00	7.50	2.45	1.12	0.55	1.48	1.70	0.59	0.11	1.25	0.45	0.59
50.00	7.50	5.50	0.00	1.79	4.89	0.52	4.38	0.00	1.25	2.06	0.47
51.00	7.50	6.03	0.24	0.87	1.95	0.00	5.12	0.00	0.00	0.68	0.58
52.00	7.50	5.04	0.01	1.54	0.69	1.27	3.99	0.00	0.06	0.81	0.89
53.00	7.50	3.64	0.94	1.83	1.34	0.00	2.72	0.00	0.00	0.00	1.50
54.00	7.50	7.20	6.90	6.30	5.70	3.18	0.00	4.20	0.99	1.67	3.90
55.00	7.49	4.16	3.13	3.40	3.13	2.99	0.00	2.28	0.00	2.43	2.11
56.00	7.50	1.18	0.00	0.69	1.46	1.24	2.85	0.00	0.00	0.97	1.11
57.00	7.50	4.44	0.14	0.74	2.51	0.89	0.99	0.13	1.05	1.98	1.86
58.00	7.50	3.69	0.46	1.35	3.40	0.89	3.33	0.51	0.68	1.07	1.07
59.00	7.50	3.46	0.57	0.87	3.20	2.46	3.29	0.00	2.21	0.40	0.46
60.00	7.50	5.33	0.00	0.27	4.46	1.27	1.02	0.45	0.00	2.77	2.98
61.00	7.50	1.78	0.00	0.74	1.72	0.93	1.87	0.05	1.65	3.18	2.32
62.00	7.50	7.20	0.02	1.88	3.25	5.39	4.91	1.59	4.50	3.86	3.70
63.00	7.50	1.34	0.49	1.55	4.36	1.27	1.99	0.00	0.97	1.71	1.67
64.00	7.49	2.01	0.75	2.21	2.60	2.79	3.23	0.00	2.31	1.93	2.47
65.00	7.50	0.75	2.30	0.93	3.24	1.38	0.20	0.58	1.78	2.10	1.75
66.00	7.50	1.81	0.73	2.51	2.26	0.00	1.20	1.42	0.99	2.51	3.17
67.00	7.50	6.31	0.00	3.74	5.04	3.84	7.10	0.49	4.03	1.45	2.38
68.00	7.50	3.21	1.07	0.46	4.26	1.10	2.37	0.51	0.59	1.27	0.81
69.00	7.50	2.26	3.98	0.00	4.50	4.75	1.75	3.63	3.58	0.81	3.12
70.00	7.50	7.20	0.01	1.26	5.70	5.41	5.41	4.79	4.80	2.06	3.90
71.00	7.50	3.36	0.54	0.00	1.59	1.86	2.12	1.05	1.77	0.00	2.44
72.00	7.50	2.94	0.05	0.84	3.17	0.39	1.97	1.08	0.41	1.46	1.15
73.00	7.49	4.65	2.07	0.12	3.12	3.12	1.52	0.14	0.54	1.46	2.36
74.00	7.50	7.05	0.02	0.00	4.50	0.00	5.24	0.00	0.00	1.92	1.87
75.00	7.50	2.11	0.26	0.00	2.99	2.73	1.41	0.00	0.42	0.80	1.97
76.00	7.50	7.21	0.00	3.73	5.59	4.88	4.45	2.04	4.52	2.97	2.81
77.00	7.50	3.21	0.00	0.99	2.81	2.30	1.74	0.62	1.39	0.75	1.48
78.00	7.50	2.79	0.00	0.61	2.25	0.60	1.46	0.09	0.46	0.84	1.27
79.00	7.50	3.10	0.26	1.25	2.14	0.33	3.44	0.00	0.20	0.13	1.85
10.2.1.2	7.64	8.33
10.1.1.5	3.17	24515.34
10.1.1.2	3.72	29929.41
10.1.1.10	1.61	119493.16
10.1.1.3	0.94	85498.37
10.1.1.6	1.88	40163.87
10.1.1.7	2.50	32941.65
10.1.1.11	2.04	40476.24
10.1.1.4	1.23	86453.19
10.1.1.8	0.67	148808.19
10.1.1.9	1.41	69945.09
