Waf: Entering directory `/home/synrg-sc1/Desktop/Jiaming/ns-3.29-mesh/build'
Waf: Leaving directory `/home/synrg-sc1/Desktop/Jiaming/ns-3.29-mesh/build'
Build commands will be stored in build/compile_commands.json
'build' finished successfully (4.974s)
CreateVariables () DONE !!!
Creating 22 APs 50.00 m apart.
CreateApNodes () DONE !!!
Creating 0 CLs 20.00 m away from each AP.
CreateClNodes () DONE !!!
CreateNodes () DONE !!!
CreateMeshDevices () DONE !!!
CreateWifiDevices () DONE !!!
CreateCsmaDevices () DONE !!!
CreateDevices () DONE !!!
InstallInternetStack () DONE !!!
Gateway is connect to AP 0
InstallApplications () DONE !!!
Starting simulation for 80.00 s ...
-------------------------------------------------
Time[s]	ap-0	ap-1	ap-2	ap-3	ap-4	ap-5	ap-6	ap-7	ap-8	ap-9	ap-10	ap-11	ap-12	ap-13	ap-14	ap-15	ap-16	ap-17	ap-18	ap-19	ap-20	ap-21
2.00	0.00	0.00	0.00	0.00	0.00	0.00	0.00	0.00	0.00	0.00	0.00	0.00	0.00	0.00	0.00	0.00	0.00	0.00	0.00	0.00	0.00	0.00
3.00	7.87	6.29	0.00	0.00	0.00	0.00	0.00	0.00	0.00	0.00	0.00	0.00	0.00	0.00	0.00	0.00	0.00	0.00	0.00	0.00	0.00	0.00
4.00	9.00	7.21	0.00	0.00	0.00	0.00	0.00	0.00	0.00	0.00	0.00	0.00	0.00	0.00	0.00	0.00	0.00	0.00	0.00	0.00	0.00	0.00
5.00	9.01	7.20	0.00	0.13	1.52	2.28	0.28	1.45	0.04	1.94	0.04	0.00	0.67	1.66	0.04	1.27	0.73	1.06	0.04	1.07	0.04	1.21
6.00	9.00	7.21	0.00	0.57	1.27	3.47	0.00	0.97	1.01	1.39	0.00	0.55	2.39	1.11	0.00	2.14	0.69	0.95	0.00	1.94	0.46	0.45
7.00	9.00	7.20	0.04	0.82	0.00	0.60	0.00	0.46	1.61	3.25	2.79	2.68	1.21	3.51	0.00	1.48	3.92	0.00	0.00	2.34	2.44	2.14
8.00	9.00	7.20	0.15	1.61	2.47	1.37	1.94	2.43	1.66	4.27	1.77	4.13	4.07	3.34	0.00	4.11	1.45	0.11	0.00	2.17	1.83	2.41
9.00	9.01	7.21	0.99	0.59	3.13	3.54	2.86	0.88	2.05	2.08	0.00	1.17	1.02	2.28	0.75	2.85	1.04	0.32	0.00	1.27	0.84	0.32
10.00	9.00	7.20	0.49	0.45	4.85	2.41	0.51	0.51	1.57	4.22	0.13	4.52	3.17	1.83	0.97	3.92	1.14	0.28	0.00	0.91	1.28	0.39
11.00	9.00	7.21	0.00	0.00	4.12	1.45	1.97	0.07	1.66	2.10	0.04	1.24	2.61	1.34	2.12	2.36	2.34	1.19	0.00	3.14	2.32	0.98
12.00	9.00	7.20	0.49	0.60	2.19	0.99	5.68	1.19	2.40	4.45	0.47	3.50	1.38	1.11	1.10	2.99	1.04	0.46	0.00	1.94	1.79	2.14
13.00	9.01	7.20	0.00	0.05	1.92	1.04	1.61	2.28	1.00	1.59	0.25	1.95	2.20	1.21	0.04	3.12	0.58	1.37	0.00	0.64	1.84	1.07
14.00	9.00	7.21	1.68	1.18	3.83	1.98	3.99	2.57	4.83	4.59	0.29	2.16	2.50	0.67	0.00	2.89	2.38	0.00	0.00	0.22	1.94	0.65
15.00	9.00	7.20	3.62	0.00	1.71	1.94	1.61	1.22	1.80	2.04	0.54	1.95	1.20	1.13	0.05	0.14	0.81	0.00	0.00	0.47	1.77	1.07
16.00	9.00	7.21	4.65	0.00	2.91	2.44	1.87	1.05	2.93	4.35	1.70	1.48	1.25	1.14	0.74	2.86	0.77	0.20	0.00	0.00	1.10	1.21
17.00	9.01	7.20	0.49	2.20	3.50	0.27	2.74	0.42	1.20	4.57	0.02	3.97	2.31	0.22	1.00	0.13	0.47	0.00	0.00	0.74	1.79	1.51
18.00	9.00	7.21	0.00	0.33	1.45	2.61	4.19	0.00	4.73	2.72	0.48	3.80	1.45	2.21	0.51	2.90	0.37	0.00	0.00	1.67	1.78	1.46
19.00	9.00	7.20	1.98	0.08	0.32	2.79	3.51	0.74	2.06	4.72	0.52	1.48	2.68	0.00	0.32	4.19	0.82	0.19	0.00	0.94	0.82	0.28
20.00	9.01	7.20	1.19	0.04	0.00	0.94	2.86	1.71	0.00	3.09	0.00	2.56	3.82	3.03	1.78	2.57	1.19	1.73	0.00	1.01	1.68	1.84
21.00	9.00	7.21	3.91	0.00	0.62	3.10	1.95	0.57	1.73	2.30	1.25	2.08	0.39	0.82	0.07	0.84	1.38	0.39	0.00	0.22	3.18	1.85
22.00	9.00	7.20	0.91	0.87	2.33	3.51	0.58	0.01	3.80	2.24	0.79	5.16	1.75	0.35	0.64	4.15	2.00	0.00	0.00	1.31	3.30	1.65
23.00	9.00	7.21	1.14	0.89	0.88	2.85	2.24	2.04	2.04	1.01	0.00	3.69	2.81	2.93	1.66	3.11	1.32	0.06	0.00	1.19	1.98	1.57
24.00	9.01	7.20	0.72	0.09	5.79	2.67	1.88	0.95	3.59	2.07	0.66	0.97	2.24	1.27	0.79	4.12	0.00	0.84	0.00	1.46	3.21	2.18
25.00	9.00	7.20	0.89	0.14	5.24	0.86	1.26	1.22	0.49	4.78	0.49	0.95	2.03	1.18	0.02	3.97	1.52	0.19	0.00	1.12	1.17	1.65
26.00	9.00	7.21	3.18	0.48	3.50	0.84	1.92	1.12	0.00	3.64	0.98	0.00	2.11	3.49	1.84	0.33	2.00	1.39	0.00	3.24	2.27	0.61
27.00	9.00	7.20	4.04	1.07	2.47	2.84	3.33	3.01	1.20	0.68	1.12	1.99	3.53	1.73	0.45	0.84	0.22	0.00	0.00	1.98	2.81	2.07
28.00	9.01	7.21	2.93	0.86	0.85	0.32	3.85	3.47	3.46	2.20	2.53	3.74	0.58	0.66	1.64	3.19	3.33	0.00	0.00	1.92	1.31	2.06
29.00	9.00	7.20	2.47	0.00	2.05	4.76	4.36	0.58	1.38	1.88	0.71	1.84	1.68	0.73	0.94	1.67	0.11	0.39	0.00	1.54	1.33	1.73
30.00	9.00	7.20	1.31	2.66	1.60	1.93	4.29	0.00	1.80	3.46	0.84	2.61	2.00	1.55	0.49	3.30	1.92	0.00	0.00	1.74	1.51	0.39
31.00	9.00	7.21	2.54	0.66	5.18	0.91	1.44	0.00	1.21	2.65	2.36	0.46	3.33	3.00	0.58	1.88	1.08	0.49	0.00	1.73	3.29	2.13
32.00	9.01	7.20	3.79	0.79	5.25	2.52	5.36	2.67	2.26	4.53	0.64	4.11	3.36	2.34	1.19	2.56	0.45	0.20	0.00	2.26	2.32	1.54
33.00	9.00	7.21	0.57	0.00	0.31	1.35	0.07	1.04	2.12	3.26	1.20	2.52	1.50	1.60	0.52	0.88	2.30	0.46	0.00	2.66	1.40	0.68
34.00	9.00	7.20	1.19	0.08	2.79	0.05	5.61	0.99	3.11	4.76	1.08	3.39	2.79	0.00	0.00	1.28	4.71	0.41	0.00	0.97	1.86	2.63
35.00	9.01	7.21	3.23	1.26	2.36	2.61	1.46	1.19	4.07	2.57	2.13	2.24	0.92	2.86	0.01	3.10	1.33	0.18	0.00	1.21	0.58	1.40
36.00	9.00	7.20	3.10	1.37	4.24	1.98	3.20	1.10	4.10	1.12	1.85	3.34	1.40	0.49	1.58	4.52	2.76	0.00	0.00	0.93	2.19	1.00
37.00	9.00	7.20	0.00	0.00	2.10	0.00	0.93	0.80	4.25	1.45	0.57	0.00	0.91	1.25	1.54	3.79	3.14	0.49	0.00	3.30	1.72	1.22
38.00	9.00	7.21	1.88	1.80	2.91	1.31	1.86	0.95	4.02	4.25	0.04	0.49	1.47	0.92	1.86	4.19	2.40	0.06	0.00	0.34	0.99	0.82
39.00	9.01	7.20	1.72	1.10	1.57	2.03	1.39	0.00	2.80	2.76	0.08	1.95	2.40	0.05	0.93	1.60	2.51	0.00	0.00	1.65	2.85	1.87
40.00	9.00	7.21	4.15	0.65	5.44	3.36	2.73	0.59	1.64	3.62	0.52	2.71	2.68	0.57	1.47	2.01	0.44	0.45	0.00	3.19	1.92	2.53
41.00	9.00	7.20	3.50	0.00	2.66	0.81	2.68	1.78	1.38	4.83	0.95	3.18	1.57	2.23	2.89	0.93	1.98	0.99	0.00	1.17	0.38	1.66
42.00	9.00	7.20	1.31	0.55	0.00	1.04	4.00	1.97	2.26	4.33	0.58	2.34	4.51	3.21	2.05	4.23	1.18	0.02	0.00	1.97	1.07	1.44
43.00	9.01	7.21	3.51	2.72	4.40	0.49	0.55	1.32	1.66	1.60	0.40	0.06	1.88	0.84	0.09	4.20	0.13	0.27	0.00	2.76	0.24	0.24
44.00	9.00	7.20	1.18	0.00	3.85	1.66	2.78	1.41	1.51	5.03	3.34	2.56	4.47	2.41	1.34	3.83	1.21	0.61	0.00	3.14	2.39	1.63
45.00	9.00	7.21	0.19	1.40	2.13	0.00	1.46	0.01	3.19	2.89	0.00	2.67	2.41	1.21	0.53	1.97	1.58	0.02	0.00	0.19	1.55	1.32
46.00	9.00	7.20	1.19	1.05	3.04	0.61	1.83	0.24	3.03	2.92	1.04	2.44	1.78	0.24	1.48	3.47	0.81	0.01	0.00	0.95	2.20	2.27
47.00	9.01	7.21	3.29	0.95	4.05	0.25	3.86	0.00	0.14	1.57	0.89	2.21	4.24	0.48	0.49	4.18	2.63	0.00	0.00	1.92	3.30	0.81
48.00	9.00	7.20	3.90	0.49	1.58	0.01	3.05	0.75	2.24	3.05	0.00	4.29	1.85	1.91	0.37	4.19	2.56	1.37	0.00	0.44	1.87	0.27
49.00	9.00	7.20	2.19	0.00	3.69	0.48	1.51	0.73	0.74	3.11	0.05	2.23	1.87	0.93	0.00	2.96	1.90	0.01	0.00	0.25	2.01	2.00
50.00	9.01	7.21	1.63	0.87	1.65	2.00	4.15	0.71	2.30	3.34	1.51	2.91	1.48	0.62	0.00	1.79	1.15	0.16	0.00	1.01	2.19	1.68
51.00	9.00	7.20	1.65	0.04	0.00	1.73	2.64	0.86	0.49	2.93	0.26	2.23	1.78	1.87	0.77	2.97	0.68	1.21	0.18	0.37	3.30	1.02
52.00	9.00	7.21	3.89	0.22	1.95	5.08	1.17	0.82	4.49	4.42	0.92	2.30	2.85	1.32	1.18	1.70	1.22	0.00	0.00	0.38	2.18	1.20
53.00	9.00	7.20	1.95	0.75	0.66	1.31	3.66	0.44	0.98	1.70	0.06	1.99	1.05	1.04	0.31	1.90	1.27	0.62	0.00	2.66	2.64	1.48
54.00	9.01	7.20	2.47	0.75	3.77	0.00	3.18	1.88	4.13	3.25	0.05	0.21	2.93	2.76	0.34	1.79	2.45	0.72	0.00	2.68	2.26	1.98
55.00	9.00	7.21	1.39	0.37	2.87	0.18	2.18	0.39	1.84	2.46	0.40	1.02	3.21	0.59	0.67	0.95	1.34	0.00	0.00	0.98	2.03	1.13
56.00	9.00	7.20	3.70	0.02	4.68	4.80	1.34	0.09	2.24	3.16	1.32	0.64	1.71	1.77	0.41	3.71	2.05	0.00	0.00	2.04	1.81	1.92
57.00	9.00	7.21	3.17	1.17	4.07	1.46	2.43	0.37	0.00	2.76	0.04	1.31	1.84	1.71	0.54	2.93	2.36	0.16	0.00	0.00	2.31	1.17
58.00	9.01	7.20	3.14	0.08	0.81	4.25	1.30	0.97	5.24	2.43	1.97	4.84	0.62	0.00	1.12	0.78	2.14	1.28	0.00	1.01	1.90	1.05
59.00	9.00	7.20	1.64	0.00	0.75	2.17	1.04	0.00	1.97	2.01	0.00	0.18	0.26	2.34	0.27	1.68	1.11	0.00	0.00	2.54	1.08	0.00
60.00	9.00	7.21	3.20	0.15	4.82	0.00	2.57	1.38	4.09	1.77	1.83	0.39	3.23	0.45	0.51	3.62	2.10	0.08	0.00	1.31	1.95	0.39
61.00	9.00	7.20	3.73	1.31	0.75	0.04	0.68	1.39	3.09	3.39	0.73	2.98	1.32	2.13	0.77	1.44	0.46	0.39	0.00	1.77	1.33	0.58
62.00	9.01	7.21	0.49	1.58	1.00	0.53	1.01	0.65	3.84	4.77	0.64	3.67	2.97	1.37	1.38	3.03	1.75	0.47	0.00	2.11	2.46	0.92
63.00	9.00	7.20	3.86	0.02	2.92	1.32	2.51	0.04	1.13	3.58	0.21	0.51	3.53	0.16	3.36	4.06	2.25	1.24	0.00	0.69	1.08	0.49
64.00	9.00	7.21	2.67	1.20	2.43	1.20	3.69	1.77	0.78	4.75	1.66	1.78	1.07	1.63	0.66	0.00	0.49	0.00	0.00	1.28	2.72	0.78
65.00	9.01	7.20	2.20	0.73	2.04	1.33	3.49	1.92	3.73	2.24	3.69	2.33	1.61	0.26	0.00	1.97	2.46	0.86	0.00	0.00	3.30	1.12
66.00	9.00	7.20	2.70	2.26	1.57	0.01	0.00	0.94	2.21	2.21	0.27	3.84	2.40	1.35	1.51	4.19	3.42	0.93	0.00	2.65	1.95	0.35
67.00	9.00	7.21	2.59	0.00	1.85	0.79	2.92	0.00	0.53	3.64	0.97	2.77	3.74	1.90	0.40	2.67	0.00	0.42	0.00	1.33	2.25	0.00
68.00	9.00	7.20	1.95	0.34	2.99	0.78	3.45	1.84	1.98	1.78	0.00	4.19	1.24	3.07	1.92	3.91	1.38	0.00	0.00	2.53	2.86	1.64
69.00	9.01	7.21	0.84	1.28	1.26	2.28	1.51	1.55	1.38	2.61	0.13	4.12	1.00	2.68	0.00	3.03	0.14	0.11	0.00	2.84	0.75	0.00
70.00	9.00	7.20	1.80	0.04	1.10	5.79	3.00	1.19	2.73	4.88	0.59	3.99	4.23	2.16	1.13	3.70	1.11	0.00	0.00	1.61	0.89	0.00
71.00	9.00	7.20	1.92	0.00	3.69	3.93	1.26	1.60	2.31	2.43	0.25	1.30	1.12	1.27	0.00	1.77	1.52	0.27	0.00	1.32	0.58	0.46
72.00	9.00	7.21	1.70	0.04	0.73	5.53	4.38	3.94	3.76	2.86	0.12	3.05	1.35	0.00	0.14	5.37	0.84	0.19	0.00	3.67	2.16	0.46
73.00	9.01	7.20	0.59	0.06	0.32	1.44	2.17	1.33	4.86	2.16	0.00	4.90	0.44	1.60	0.54	3.69	3.53	0.00	0.00	0.00	1.34	0.97
74.00	9.00	7.21	1.25	0.00	3.23	2.05	1.87	0.00	3.86	4.84	0.00	2.98	1.85	3.84	1.77	2.38	1.20	0.00	0.00	1.31	1.45	1.44
75.00	9.00	7.20	4.13	0.99	0.01	4.24	2.27	3.01	1.33	4.68	0.00	1.45	1.26	1.32	0.58	1.04	1.71	0.00	0.00	0.94	1.84	1.41
76.00	9.00	7.20	4.03	1.06	0.00	1.94	1.94	2.01	2.36	1.57	0.12	4.53	1.99	2.46	0.04	4.45	0.27	0.00	0.00	0.86	3.31	1.30
77.00	9.01	7.21	0.29	0.00	1.17	2.50	0.38	1.99	5.23	2.65	0.15	2.30	1.18	0.00	0.00	2.74	0.29	0.02	0.00	0.82	1.78	0.51
78.00	9.00	7.20	0.66	1.18	0.48	1.50	0.25	1.00	4.78	0.42	1.67	3.97	2.20	1.74	0.66	1.61	3.11	0.08	0.00	3.23	3.43	0.89
79.00	9.00	7.21	0.55	1.10	0.35	0.16	2.68	0.26	1.52	0.47	0.00	2.51	1.67	2.21	0.81	3.98	0.33	0.00	0.00	0.06	1.88	1.40
10.2.1.2	9.17	8.96
10.2.1.3	7.34	10.82
10.1.1.5	2.38	74972.23
10.1.1.4	0.66	300781.39
10.1.1.21	1.93	48299.13
10.1.1.18	0.37	320528.31
10.1.1.19	0.00	28281.83
10.1.1.20	1.52	87068.25
10.1.1.17	1.55	97901.35
10.1.1.15	0.80	180710.83
10.1.1.16	2.75	39149.38
10.1.1.12	2.48	64310.26
10.1.1.13	2.13	52266.93
10.1.1.14	1.55	184338.08
10.1.1.9	2.40	98520.01
10.1.1.10	3.05	27527.21
10.1.1.11	0.77	244168.06
10.1.1.8	1.14	114425.30
10.1.1.6	1.84	71491.61
10.1.1.7	2.37	90318.60
10.1.1.22	1.24	110098.47
10.1.1.3	2.05	126655.10
