Waf: Entering directory `/home/synrg-sc1/Desktop/Jiaming/ns-3.29-mesh/build'
Waf: Leaving directory `/home/synrg-sc1/Desktop/Jiaming/ns-3.29-mesh/build'
Build commands will be stored in build/compile_commands.json
'build' finished successfully (5.036s)
CreateVariables () DONE !!!
Creating 22 APs 50.00 m apart.
CreateApNodes () DONE !!!
Creating 0 CLs 20.00 m away from each AP.
CreateClNodes () DONE !!!
CreateNodes () DONE !!!
CreateMeshDevices () DONE !!!
CreateWifiDevices () DONE !!!
CreateCsmaDevices () DONE !!!
CreateDevices () DONE !!!
InstallInternetStack () DONE !!!
Gateway is connect to AP 0
InstallApplications () DONE !!!
Starting simulation for 80.00 s ...
-------------------------------------------------
Time[s]	ap-0	ap-1	ap-2	ap-3	ap-4	ap-5	ap-6	ap-7	ap-8	ap-9	ap-10	ap-11	ap-12	ap-13	ap-14	ap-15	ap-16	ap-17	ap-18	ap-19	ap-20	ap-21
2.00	0.00	0.00	0.00	0.00	0.00	0.00	0.00	0.00	0.00	0.00	0.00	0.00	0.00	0.00	0.00	0.00	0.00	0.00	0.00	0.00	0.00	0.00
3.00	7.10	4.73	0.00	0.00	0.00	0.00	0.00	0.00	0.00	0.00	0.00	0.00	0.00	0.00	0.00	0.00	0.00	0.00	0.00	0.00	0.00	0.00
4.00	9.90	6.61	0.00	0.00	0.00	0.00	0.00	0.00	0.00	0.00	0.00	0.00	0.00	0.00	0.00	0.00	0.00	0.00	0.00	0.00	0.00	0.00
5.00	9.89	6.59	0.04	0.04	0.00	1.66	2.45	0.00	0.00	0.04	0.04	1.26	0.04	0.04	0.24	1.67	0.04	2.12	0.37	0.00	0.04	1.39
6.00	9.90	6.61	0.00	0.29	0.16	1.55	2.48	0.04	0.04	0.26	0.02	0.91	1.19	3.17	0.00	2.60	0.86	0.93	2.94	0.00	0.00	1.21
7.00	9.90	6.59	0.00	1.59	0.16	0.93	2.18	0.02	0.01	0.47	2.19	2.14	2.52	1.73	0.00	1.65	1.71	0.29	2.41	1.66	0.00	1.94
8.00	9.89	6.61	0.13	2.59	0.46	0.19	3.26	0.40	0.68	0.75	3.59	0.26	3.97	2.45	0.00	1.99	2.74	0.49	3.46	2.20	0.38	1.58
9.00	9.90	6.59	0.48	2.61	0.00	1.88	3.39	0.02	0.59	0.44	1.08	1.95	2.91	1.15	0.00	1.10	2.63	0.75	2.54	2.28	0.42	1.92
10.00	9.90	6.61	0.31	1.15	0.59	1.48	3.98	0.01	1.38	0.22	0.48	0.89	3.37	3.46	0.00	1.42	2.10	0.78	2.31	1.58	0.38	2.24
11.00	9.89	6.59	1.27	2.38	0.99	1.66	0.31	0.05	0.00	0.04	2.07	0.59	0.99	2.60	0.00	1.78	1.50	0.51	3.17	1.54	0.12	0.04
12.00	9.90	6.61	0.49	3.87	0.88	0.72	2.98	0.16	0.08	0.37	2.73	3.53	0.72	2.85	0.00	3.09	2.98	0.49	2.98	0.97	0.37	2.41
13.00	9.90	6.59	0.00	2.41	0.00	0.37	2.81	0.49	0.00	0.68	1.77	3.69	1.92	2.76	0.00	2.08	3.17	0.99	2.76	0.13	0.87	2.80
14.00	9.90	6.61	0.79	3.01	0.04	1.12	0.99	3.50	0.00	1.35	3.96	1.14	0.68	4.27	0.00	3.79	3.43	1.71	3.73	0.40	2.26	2.92
15.00	9.89	6.59	0.14	0.64	0.01	1.24	2.72	0.49	0.25	0.89	2.04	0.46	3.09	1.24	0.00	3.90	3.34	3.04	0.65	1.30	0.05	2.63
16.00	9.90	6.59	1.58	2.32	1.20	1.12	3.24	1.74	0.08	0.01	2.28	3.31	3.85	3.70	0.00	0.99	2.50	1.46	2.37	1.34	0.53	1.33
17.00	9.90	6.61	0.01	0.84	0.02	0.48	1.04	0.04	1.08	1.63	3.82	1.60	2.28	2.39	0.00	2.10	0.82	2.00	1.40	1.32	0.46	2.05
18.00	9.89	6.59	0.00	3.38	1.54	1.40	0.00	1.02	0.54	2.61	3.26	3.25	2.52	4.38	0.00	2.31	2.39	2.07	3.59	4.02	0.07	2.21
19.00	9.90	6.61	0.00	2.86	1.00	1.40	1.06	1.24	0.65	1.00	1.26	1.66	4.05	1.50	0.00	2.61	0.60	2.06	1.57	1.05	0.51	1.90
20.00	9.90	6.59	0.15	1.70	0.11	1.70	1.52	0.11	1.31	0.65	2.45	1.18	3.98	2.87	0.00	1.87	2.76	1.27	1.70	3.05	0.11	2.30
21.00	9.89	6.61	0.13	0.00	0.00	0.28	0.84	0.37	0.34	0.35	3.82	0.27	1.71	3.52	0.00	0.75	3.44	0.82	0.72	2.37	0.22	1.54
22.00	9.90	6.59	0.27	3.80	0.00	1.65	1.05	0.98	0.14	0.21	2.84	1.41	4.39	2.10	0.00	2.79	3.46	0.49	3.84	2.06	0.00	3.00
23.00	9.90	6.61	0.01	1.75	0.11	1.45	3.87	0.01	0.00	1.46	1.50	2.47	4.35	1.31	0.00	3.51	2.10	2.32	1.46	1.17	0.00	2.33
24.00	9.89	6.59	0.45	3.85	0.14	0.77	5.05	0.00	1.93	0.09	2.64	1.46	3.21	1.27	0.00	2.52	3.62	0.72	3.62	0.94	1.12	2.07
25.00	9.90	6.61	0.04	0.29	0.00	1.18	3.99	0.52	0.00	0.59	2.45	0.92	3.13	1.04	0.00	3.66	0.62	0.91	2.98	2.67	0.49	2.41
26.00	9.90	6.59	0.00	2.19	0.00	1.54	3.59	0.00	0.49	0.49	1.80	2.24	4.64	3.21	0.00	4.04	3.57	1.54	3.38	2.91	0.00	2.14
27.00	9.90	6.61	0.00	4.27	0.00	2.24	4.19	0.00	0.07	0.59	0.84	1.02	3.05	1.67	0.00	2.03	1.95	0.02	1.90	2.17	1.01	2.06
28.00	9.89	6.59	0.00	1.67	0.02	0.51	1.68	1.38	0.00	0.29	3.31	0.05	4.02	2.13	0.00	4.50	2.19	2.51	3.63	0.94	0.41	2.14
29.00	9.90	6.59	0.00	1.17	0.00	2.46	3.46	1.13	0.49	1.73	4.17	1.53	3.46	1.50	0.00	4.18	1.72	0.39	1.33	2.91	1.37	1.13
30.00	9.90	6.61	0.13	4.19	0.00	2.73	3.50	1.60	0.00	0.97	4.33	1.28	3.72	3.63	0.00	4.12	2.56	0.04	3.31	3.27	1.72	2.43
31.00	9.89	6.59	0.00	1.77	0.00	1.14	4.35	0.08	0.62	0.52	1.85	0.99	2.18	2.89	0.00	2.91	0.91	0.91	1.78	0.28	2.30	0.94
32.00	9.90	6.61	0.08	2.78	0.00	1.33	4.80	0.89	2.19	0.99	3.94	1.08	3.98	2.70	0.00	3.73	3.82	0.00	2.13	1.58	1.95	0.78
33.00	9.90	6.59	0.00	2.10	1.85	0.68	4.83	0.00	0.95	0.38	3.72	2.86	3.36	2.45	0.00	1.45	1.81	0.00	1.86	1.73	0.40	0.00
34.00	9.89	6.61	0.00	3.72	0.32	0.00	4.60	1.81	2.08	1.38	0.49	1.17	4.50	0.07	0.00	1.34	3.39	0.00	3.33	0.38	2.03	0.64
35.00	9.90	6.59	0.82	0.67	0.08	1.00	4.11	0.53	1.92	2.54	2.04	2.99	4.17	5.12	0.00	3.07	2.76	0.00	2.97	1.98	0.53	1.78
36.00	9.90	6.61	0.00	2.16	0.00	0.44	4.78	0.28	0.00	0.31	2.47	1.00	4.50	2.38	0.00	2.33	2.17	0.00	3.33	2.96	0.92	0.79
37.00	9.89	6.59	1.46	1.95	1.64	2.10	2.60	0.21	0.04	2.04	3.24	0.42	2.64	2.48	0.00	2.74	0.60	0.00	1.97	0.59	0.19	1.92
38.00	9.90	6.61	1.20	4.38	0.58	1.18	2.97	1.15	0.12	1.98	4.00	1.70	2.84	4.20	0.00	2.57	1.54	0.00	4.04	0.26	0.00	2.10
39.00	9.90	6.59	0.06	0.27	0.00	1.71	0.94	0.59	0.99	2.51	3.44	0.00	3.21	4.30	0.00	1.63	1.75	0.00	3.58	0.71	1.11	2.01
40.00	9.90	6.61	1.02	3.57	0.00	0.00	2.81	0.01	1.34	1.38	2.16	0.00	3.11	2.73	0.00	3.46	3.42	0.00	3.39	2.56	0.46	1.57
41.00	9.89	6.59	0.00	0.29	0.00	2.89	2.03	0.01	1.14	0.34	1.33	1.61	3.43	2.73	0.00	2.25	0.53	0.00	2.47	1.15	1.11	1.91
42.00	9.90	6.59	0.00	1.07	0.77	4.37	5.28	0.42	0.00	1.22	0.22	2.52	2.66	3.46	0.00	3.45	3.60	0.00	3.62	1.92	0.26	1.66
43.00	9.90	6.61	0.84	1.60	1.38	2.03	4.19	0.73	0.06	1.10	3.60	2.18	2.16	3.51	0.00	2.19	2.86	0.00	3.60	2.03	0.00	1.51
44.00	9.89	6.59	0.05	0.47	0.00	0.00	5.31	1.45	0.95	0.54	2.80	4.31	4.45	3.38	0.00	0.00	2.73	0.00	3.56	3.20	1.91	0.02
45.00	9.90	6.61	0.00	2.78	0.00	0.86	3.76	1.58	1.61	1.60	2.36	1.34	3.87	2.76	0.00	1.05	0.78	0.00	2.83	2.01	0.71	0.11
46.00	9.90	6.59	1.07	1.59	0.98	1.95	5.42	0.06	2.10	1.11	1.22	0.00	2.08	3.87	0.00	0.00	3.06	0.00	3.59	1.44	0.48	2.78
47.00	9.89	6.61	0.12	3.01	0.00	2.33	1.14	0.34	0.64	0.34	3.71	3.40	3.23	2.68	0.00	0.21	3.49	0.00	0.95	0.86	0.39	2.60
48.00	9.90	6.59	0.31	2.65	0.00	3.13	5.41	0.18	1.35	0.00	3.73	3.26	1.87	4.27	0.00	4.02	3.60	0.00	2.47	2.34	0.11	2.96
49.00	9.90	6.61	0.06	0.59	1.73	0.62	2.31	0.62	0.22	1.84	1.92	0.02	0.87	1.68	0.00	1.17	2.31	0.00	2.73	2.24	0.69	2.13
50.00	9.89	6.59	3.33	2.40	0.02	1.79	2.23	1.28	2.63	1.02	3.30	3.44	3.57	3.16	0.00	2.89	3.56	0.00	3.40	0.72	0.41	1.08
51.00	9.90	6.61	0.44	0.00	0.00	1.12	1.58	1.17	0.46	0.46	1.92	0.85	2.45	2.11	0.00	0.07	1.65	0.00	1.20	0.46	1.01	0.80
52.00	9.90	6.59	1.40	1.59	0.21	2.45	1.73	1.38	0.89	0.66	2.13	4.39	4.43	4.16	0.00	3.69	3.51	0.00	1.47	3.19	2.17	0.94
53.00	9.90	6.61	1.71	2.68	0.00	2.43	2.59	0.00	0.92	1.51	4.53	1.58	3.32	2.20	0.00	0.69	2.86	0.00	2.28	1.90	1.12	1.54
54.00	9.89	6.59	0.26	2.45	0.99	0.71	5.15	0.61	0.87	3.43	2.86	3.05	1.93	4.65	0.00	3.80	3.44	0.00	4.62	1.40	1.74	0.00
55.00	9.90	6.59	0.00	0.73	0.59	0.00	4.57	0.24	0.38	0.54	0.00	1.17	4.27	4.36	0.00	1.31	2.81	0.00	2.28	0.77	0.11	1.64
56.00	9.90	6.61	0.38	1.45	0.00	1.02	2.44	0.27	0.88	0.28	2.41	0.87	4.51	3.72	0.00	3.27	1.08	0.00	2.89	0.54	0.74	1.32
57.00	9.89	6.59	0.84	1.55	0.00	0.53	2.72	0.49	0.00	1.72	0.79	0.78	2.40	2.67	0.00	1.52	3.04	0.00	1.28	1.35	2.31	0.97
58.00	9.90	6.61	0.88	1.57	0.53	0.00	3.63	1.01	0.55	0.78	2.67	0.67	2.39	3.69	0.00	2.31	3.10	0.00	2.93	1.53	2.00	1.26
59.00	9.90	6.59	1.97	3.24	0.00	0.00	4.36	1.87	0.93	0.46	0.00	0.00	0.82	2.01	0.00	2.24	1.39	0.00	2.81	2.47	0.05	0.11
60.00	9.89	6.61	0.11	1.24	1.11	1.25	3.89	0.13	0.00	1.28	2.68	1.55	3.74	3.24	0.00	1.79	2.89	0.00	3.60	0.71	1.84	1.70
61.00	9.90	6.59	1.08	1.99	0.00	0.75	0.79	0.00	0.01	0.05	0.44	1.32	2.00	4.16	0.00	1.08	3.59	0.00	3.37	1.52	0.98	2.68
62.00	9.90	6.61	2.06	3.24	0.59	1.75	3.64	1.34	0.28	1.73	2.64	3.07	3.39	2.70	0.00	2.28	2.38	0.00	2.70	1.42	2.45	2.04
63.00	9.89	6.59	0.52	0.69	0.00	2.40	3.66	2.56	1.18	1.77	0.18	0.99	3.14	4.45	0.00	2.56	2.53	0.00	2.50	1.25	2.03	0.85
64.00	9.90	6.61	0.93	1.73	0.00	1.87	3.47	3.03	1.15	0.14	2.31	2.11	4.45	3.23	0.00	3.39	3.69	0.00	3.60	1.08	1.08	3.64
65.00	9.90	6.59	0.49	1.02	0.00	1.21	2.17	0.61	0.00	0.07	4.22	0.00	3.72	4.25	0.00	3.78	2.08	0.00	3.14	1.94	0.15	0.62
66.00	9.90	6.61	1.31	0.48	0.20	0.95	5.42	0.04	0.05	0.92	4.25	1.52	1.28	3.65	0.00	4.03	1.60	0.00	2.81	1.85	0.98	1.52
67.00	9.89	6.59	0.00	0.00	2.06	2.72	1.14	0.79	0.60	1.14	0.93	1.11	1.79	2.56	0.00	3.58	2.54	0.00	3.60	3.60	0.48	1.81
68.00	9.90	6.59	2.66	3.26	2.32	3.69	2.33	0.01	0.16	2.28	4.27	1.65	4.51	1.18	0.00	3.40	2.70	0.00	3.60	1.84	0.82	3.00
69.00	9.90	6.61	2.65	3.00	1.30	1.40	1.71	0.35	0.42	0.00	1.90	1.79	1.81	2.34	0.00	3.05	2.56	0.00	3.10	1.63	0.47	1.78
70.00	9.89	6.59	0.00	1.39	1.59	0.58	4.15	0.39	0.49	0.85	4.59	0.00	3.84	2.46	0.00	3.98	2.67	0.00	3.60	3.30	0.21	2.31
71.00	9.90	6.61	0.05	0.99	0.15	1.94	2.67	0.14	0.01	0.07	0.95	0.20	4.17	3.98	0.00	1.08	0.93	0.00	2.43	1.80	0.01	1.92
72.00	9.90	6.59	0.02	0.49	1.51	1.92	5.37	0.52	0.71	0.93	0.00	1.38	3.38	4.36	0.00	1.50	2.81	0.00	3.59	1.60	0.94	1.55
73.00	9.89	6.61	0.06	4.39	0.05	3.34	5.02	1.44	1.18	0.82	1.47	0.46	2.68	2.93	0.00	2.34	1.60	0.00	3.39	1.04	1.17	1.07
74.00	9.90	6.59	0.52	2.13	0.48	0.73	3.47	0.98	0.46	1.81	2.91	2.86	4.50	2.77	0.00	1.37	3.60	0.00	2.41	1.63	0.49	3.23
75.00	9.90	6.61	0.48	2.12	0.00	3.23	0.58	0.97	0.01	0.72	0.89	1.32	1.37	3.53	0.00	3.26	2.32	0.00	2.79	1.47	0.05	3.00
76.00	9.90	6.59	0.00	4.59	2.20	1.75	4.93	0.00	0.00	4.18	4.43	1.08	3.58	3.54	0.00	0.09	1.87	0.00	3.45	2.24	0.00	3.00
77.00	9.89	6.61	0.24	1.39	0.05	0.93	1.20	0.99	0.09	1.20	3.00	0.00	4.11	3.24	0.00	1.20	0.88	0.00	2.74	2.14	0.05	2.41
78.00	9.90	6.59	0.49	0.55	0.00	1.40	2.12	1.21	0.49	1.48	2.92	1.54	2.36	3.23	0.00	4.18	0.08	0.00	1.60	2.67	0.94	2.04
79.00	9.90	6.61	0.11	2.93	0.29	3.59	3.80	0.75	0.00	1.37	0.85	2.41	2.44	2.37	0.00	3.59	0.84	0.00	2.45	1.86	1.17	0.12
10.2.1.2	10.09	8.11
10.2.1.3	6.73	9.15
10.1.1.5	0.46	232226.55
10.1.1.3	0.53	197777.21
10.1.1.4	2.03	71632.00
10.1.1.12	1.57	71614.45
10.1.1.13	3.10	30263.39
10.1.1.14	2.95	39385.23
10.1.1.15	5.79	7157.00
10.1.1.8	0.70	209115.54
10.1.1.6	1.49	159880.24
10.1.1.7	3.14	40374.20
10.1.1.20	1.74	79755.24
10.1.1.16	2.48	77583.54
10.1.1.9	0.62	276855.30
10.1.1.10	1.03	112825.22
10.1.1.11	2.39	73124.41
10.1.1.21	0.78	151553.91
10.1.1.22	1.79	68231.90
10.1.1.17	2.39	54683.00
10.1.1.18	1.23	350138.48
10.1.1.19	2.80	48380.04
