Waf: Entering directory `/home/synrg-sc1/Desktop/Jiaming/ns-3.29-mesh/build'
Waf: Leaving directory `/home/synrg-sc1/Desktop/Jiaming/ns-3.29-mesh/build'
Build commands will be stored in build/compile_commands.json
'build' finished successfully (4.832s)
CreateVariables () DONE !!!
Creating 22 APs 50.00 m apart.
CreateApNodes () DONE !!!
Creating 0 CLs 20.00 m away from each AP.
CreateClNodes () DONE !!!
CreateNodes () DONE !!!
CreateMeshDevices () DONE !!!
CreateWifiDevices () DONE !!!
CreateCsmaDevices () DONE !!!
CreateDevices () DONE !!!
InstallInternetStack () DONE !!!
Gateway is connect to AP 0
InstallApplications () DONE !!!
Starting simulation for 80.00 s ...
-------------------------------------------------
Time[s]	ap-0	ap-1	ap-2	ap-3	ap-4	ap-5	ap-6	ap-7	ap-8	ap-9	ap-10	ap-11	ap-12	ap-13	ap-14	ap-15	ap-16	ap-17	ap-18	ap-19	ap-20	ap-21
2.00	0.00	0.00	0.00	0.00	0.00	0.00	0.00	0.00	0.00	0.00	0.00	0.00	0.00	0.00	0.00	0.00	0.00	0.00	0.00	0.00	0.00	0.00
3.00	5.11	0.00	0.00	0.00	0.00	0.00	0.00	0.00	0.00	0.00	0.00	0.00	0.00	0.00	0.00	0.00	0.00	0.00	0.00	0.00	0.00	0.00
4.00	7.50	0.00	0.00	0.00	0.00	0.00	0.00	0.00	0.00	0.00	0.00	0.00	0.00	0.00	0.00	0.00	0.00	0.00	0.00	0.00	0.00	0.00
5.00	7.50	0.00	0.00	3.23	0.65	2.53	0.26	0.95	2.71	1.77	0.00	1.20	0.64	1.86	0.00	1.42	2.77	0.00	1.53	2.01	2.05	1.86
6.00	7.50	1.58	1.39	1.40	0.00	1.67	0.75	0.02	3.07	0.41	0.04	0.77	1.93	2.14	0.34	1.07	3.14	0.00	1.31	2.41	1.24	2.11
7.00	7.50	0.49	1.50	1.26	0.39	0.01	0.01	1.48	1.31	0.73	0.00	0.79	0.71	0.00	0.18	0.39	3.92	0.00	1.70	1.41	1.92	1.19
8.00	7.50	0.00	2.00	4.45	0.75	3.06	3.89	1.65	3.58	0.72	1.33	0.99	1.13	1.35	0.53	2.50	2.17	0.00	0.62	1.05	2.74	1.46
9.00	7.50	2.43	1.83	2.67	1.14	3.01	1.85	0.32	2.18	0.02	0.05	0.07	0.47	0.00	0.21	1.57	2.01	0.85	0.69	1.41	1.33	1.26
10.00	7.49	4.31	2.12	4.30	1.32	3.52	2.14	0.38	2.65	0.75	0.06	1.78	2.20	2.05	1.08	1.01	1.71	0.39	1.01	2.11	2.61	0.67
11.00	7.50	2.21	0.49	3.60	0.39	2.31	0.58	0.00	0.34	0.11	0.00	2.31	2.11	1.21	1.14	1.77	3.87	0.00	0.00	1.95	1.32	0.28
12.00	7.50	1.42	3.09	6.47	0.38	2.20	4.85	0.32	1.51	0.00	0.06	1.65	2.89	1.97	1.39	1.86	4.46	0.19	0.49	2.19	1.94	2.72
13.00	7.50	0.60	1.83	2.12	0.57	1.33	0.68	0.21	0.28	0.13	0.04	0.69	2.28	1.90	0.19	3.34	3.11	0.49	0.77	1.30	2.72	0.66
14.00	7.50	3.24	1.18	2.53	0.01	3.44	0.24	0.88	0.00	0.52	0.48	0.65	3.39	0.75	1.70	2.46	3.72	0.00	0.88	3.67	0.55	1.80
15.00	7.50	2.57	2.24	4.68	0.19	1.37	0.80	0.93	3.72	0.05	0.06	0.58	0.28	2.16	0.16	1.64	2.41	0.01	1.01	1.59	1.04	2.66
16.00	7.50	3.09	1.84	3.44	0.74	1.67	0.84	0.49	3.94	0.62	0.51	2.64	0.00	1.25	1.15	0.31	3.27	0.00	0.77	0.87	2.16	1.45
17.00	7.50	1.47	1.65	2.24	1.94	3.31	0.92	0.14	1.45	0.52	0.00	0.04	1.41	2.54	0.85	2.17	3.60	0.00	3.69	2.91	2.53	1.70
18.00	7.50	0.61	0.41	4.19	0.28	1.74	0.49	0.08	4.80	1.25	0.19	2.79	0.94	3.64	0.78	0.73	4.50	0.49	2.99	1.20	2.00	2.85
19.00	7.49	1.42	2.05	1.99	1.55	4.23	0.18	0.00	0.91	0.00	0.08	2.51	1.42	0.46	0.00	1.98	0.57	0.00	0.40	0.48	1.39	2.41
20.00	7.50	1.98	2.63	4.79	0.54	1.17	1.87	0.18	0.54	1.63	0.27	0.15	3.20	0.00	0.82	1.70	4.76	0.34	0.92	1.99	0.82	1.64
21.00	7.50	1.46	3.07	3.27	0.00	3.87	0.42	0.01	1.71	1.48	0.59	1.06	1.00	0.00	0.74	2.63	2.72	0.54	2.13	0.27	2.16	0.87
22.00	7.50	4.02	1.24	3.56	2.14	2.07	0.27	0.00	2.51	0.13	0.74	0.88	0.26	0.39	0.85	0.92	4.23	0.00	3.16	2.98	1.77	3.00
23.00	7.50	2.11	2.59	3.93	1.31	3.84	0.00	0.55	2.52	0.00	0.00	1.05	2.87	0.00	0.00	0.69	3.52	0.00	1.38	3.16	0.99	2.04
24.00	7.50	2.13	4.86	3.54	0.49	1.54	0.54	0.60	0.89	0.93	0.49	0.40	0.85	1.34	0.28	2.16	4.38	0.00	0.81	2.60	2.19	3.00
25.00	7.50	2.99	3.03	2.30	0.00	1.65	0.29	1.52	0.00	0.00	0.39	1.84	1.54	2.87	0.45	0.00	3.66	0.00	0.00	1.67	1.30	2.40
26.00	7.50	3.70	2.26	5.94	2.87	0.86	0.64	0.65	0.00	0.06	0.27	1.05	1.34	1.68	0.16	1.15	2.92	0.64	0.91	2.90	1.13	2.00
27.00	7.50	1.73	2.98	5.63	0.68	2.67	0.53	2.84	1.93	0.99	1.45	1.21	2.20	1.13	1.22	0.01	3.99	1.15	0.24	1.42	1.06	1.53
28.00	7.49	0.01	2.65	5.51	0.00	2.78	0.94	0.99	0.26	0.40	0.49	0.12	0.81	2.43	1.14	0.57	4.52	0.00	2.64	1.98	1.68	2.11
29.00	7.50	2.83	0.78	2.25	0.11	1.75	1.51	0.58	1.39	2.26	0.01	1.39	0.25	0.31	2.00	2.07	3.93	0.00	0.54	0.87	0.95	2.89
30.00	7.50	2.97	3.98	6.01	0.01	3.83	0.00	0.02	0.00	3.23	1.40	2.81	3.70	0.00	3.01	2.08	4.50	0.95	0.66	1.47	3.24	2.99
31.00	7.50	1.24	1.35	1.97	0.00	0.41	2.34	0.00	3.03	1.52	0.02	0.21	0.44	3.29	0.72	0.66	3.19	0.92	0.00	0.12	0.68	2.50
32.00	7.50	3.36	0.99	4.25	1.71	1.30	3.37	0.66	1.73	2.18	2.43	1.83	0.49	0.41	0.21	1.86	3.11	0.47	2.36	1.20	2.38	1.81
33.00	7.50	0.77	0.59	1.22	0.99	1.39	0.00	0.61	2.31	0.49	0.01	0.59	1.54	1.85	0.04	1.75	4.85	0.20	1.98	1.53	1.28	0.85
34.00	7.50	0.62	0.59	5.68	0.05	0.79	0.49	1.52	1.72	0.61	0.49	0.88	0.06	5.29	0.02	2.37	3.04	1.54	2.28	2.84	2.73	2.04
35.00	7.50	3.23	1.66	3.77	0.02	0.07	0.81	1.15	1.42	0.00	0.15	1.37	1.01	3.89	0.05	1.71	1.52	1.39	1.73	2.54	3.24	1.47
36.00	7.50	0.68	1.45	5.30	0.79	2.31	0.22	0.14	2.24	1.18	0.95	2.60	1.93	2.25	0.00	1.33	3.63	0.85	0.44	0.42	2.54	1.22
37.00	7.49	3.24	0.33	2.24	0.32	1.93	0.00	0.49	0.00	0.58	0.02	1.28	0.00	0.37	0.00	1.05	2.56	0.05	1.94	3.01	1.45	0.27
38.00	7.50	0.65	0.49	2.73	0.80	2.10	0.59	1.79	1.50	1.87	0.13	2.28	3.91	0.86	2.85	0.42	3.37	0.49	2.45	2.21	0.82	3.27
39.00	7.50	2.74	1.63	2.73	0.00	0.99	0.00	1.15	3.73	0.08	0.09	3.21	3.05	1.42	1.02	1.22	2.58	0.91	1.95	0.77	1.70	2.63
40.00	7.50	4.07	4.05	6.35	2.58	0.53	2.78	0.37	2.25	0.47	1.39	0.64	1.70	1.65	0.39	2.98	3.17	0.00	2.97	0.21	1.57	1.40
41.00	7.50	2.97	1.38	2.73	1.22	2.51	1.71	0.55	0.62	1.00	0.00	1.04	3.07	0.82	0.37	1.35	2.47	0.44	0.24	0.00	0.97	1.06
42.00	7.50	1.45	2.47	4.82	0.54	1.34	0.14	0.59	1.73	2.00	1.25	2.04	4.39	1.67	0.66	1.15	4.46	0.33	0.00	0.25	2.96	2.36
43.00	7.50	0.06	2.48	1.87	0.32	1.06	0.68	0.02	0.49	0.00	1.48	0.01	1.85	4.05	1.84	0.46	3.00	0.00	0.00	0.58	1.28	1.41
44.00	7.50	0.88	1.42	1.48	0.00	2.40	1.45	0.49	3.38	1.47	1.01	1.70	2.17	2.86	0.64	1.50	4.45	0.13	0.07	3.30	1.35	1.61
45.00	7.50	0.25	2.80	0.05	0.00	1.27	0.00	0.24	1.99	1.45	0.00	2.97	1.20	0.80	0.38	1.24	2.33	0.00	0.73	2.64	2.23	3.03
46.00	7.49	2.90	3.63	0.47	0.00	2.37	0.80	0.19	1.04	0.13	2.26	1.27	0.69	0.01	0.00	1.74	0.73	0.98	2.24	0.00	3.30	2.93
47.00	7.50	3.93	0.08	3.32	1.04	4.37	0.18	0.12	0.53	0.19	0.00	0.51	2.61	0.35	0.78	1.86	1.34	0.01	2.24	3.37	2.21	2.06
48.00	7.50	1.15	1.91	3.42	0.00	4.68	0.49	0.00	0.08	0.99	0.00	1.27	3.01	3.90	1.44	2.03	4.53	0.00	0.80	2.43	0.40	2.31
49.00	7.50	3.74	0.71	1.51	0.00	0.44	0.77	0.87	0.58	1.08	0.04	1.53	3.27	1.63	0.14	1.39	1.34	0.15	0.00	1.13	0.16	1.91
50.00	7.50	0.42	0.45	4.06	0.52	5.72	0.64	1.67	1.11	0.52	0.00	0.67	4.06	1.97	3.21	0.33	3.53	2.04	0.00	2.84	2.63	1.87
51.00	7.50	1.54	1.07	1.32	0.27	0.79	1.08	0.06	1.00	1.58	0.49	0.84	2.74	2.46	0.08	0.31	3.42	0.20	0.26	3.29	2.03	3.23
52.00	7.50	1.78	0.48	3.01	0.64	5.09	1.10	0.46	0.00	0.26	0.01	1.93	2.76	0.65	0.51	0.71	2.17	1.27	2.96	2.89	0.82	1.64
53.00	7.50	3.06	3.82	0.59	0.92	3.87	0.08	0.49	1.87	0.00	0.00	1.88	0.84	2.16	0.58	1.91	3.90	1.77	2.05	1.85	3.00	0.84
54.00	7.50	2.30	0.07	1.71	0.11	3.96	3.24	0.97	1.50	0.49	0.00	1.40	1.44	2.89	0.00	1.13	1.47	0.52	0.35	1.90	1.78	1.10
55.00	7.49	0.99	0.20	3.17	0.19	2.58	0.49	0.00	1.68	0.00	0.02	2.37	2.20	0.00	0.25	1.59	1.86	0.00	0.19	2.97	1.44	1.02
56.00	7.50	2.01	1.15	3.98	0.59	1.40	0.00	0.26	1.47	0.07	0.91	0.68	2.92	0.49	0.67	1.93	3.24	0.07	0.88	1.15	1.85	2.66
57.00	7.50	0.46	0.86	0.48	1.18	2.12	0.58	1.64	2.26	2.16	0.46	0.60	2.08	0.00	0.12	1.79	3.60	2.03	1.12	2.92	1.40	1.60
58.00	7.50	1.01	0.05	4.30	0.00	1.81	1.75	3.14	1.40	0.84	0.04	1.86	1.53	0.21	1.44	2.27	2.54	1.31	1.07	1.80	2.16	2.46
59.00	7.50	1.81	2.06	4.55	0.74	3.31	0.73	0.05	2.50	0.51	0.14	0.47	3.16	1.87	2.86	1.87	4.22	0.66	0.49	1.77	2.89	1.33
60.00	7.50	0.28	5.81	5.45	0.13	2.16	0.00	0.69	1.21	0.60	0.01	2.30	3.29	1.90	0.12	0.25	3.90	0.20	1.53	1.75	2.87	2.01
61.00	7.50	0.68	2.20	3.20	0.28	1.77	0.49	0.69	2.43	1.00	0.00	0.49	0.79	0.73	1.85	0.00	0.82	0.74	1.71	0.79	2.27	2.00
62.00	7.50	0.62	3.42	5.77	2.72	4.53	1.68	2.10	2.56	0.00	0.00	0.09	2.81	0.64	2.38	0.09	1.50	0.00	3.34	3.26	1.70	0.94
63.00	7.50	2.45	1.34	3.42	1.86	0.86	3.26	0.33	1.85	0.32	0.00	0.86	2.00	1.18	0.94	3.04	2.57	0.00	1.86	1.48	1.92	3.24
64.00	7.49	2.16	0.16	2.45	0.47	3.60	0.32	0.81	0.60	1.61	0.00	1.30	1.37	1.79	0.00	1.74	4.47	0.00	0.49	3.06	2.40	1.21
65.00	7.50	3.86	4.60	3.43	1.01	3.96	0.27	0.32	1.06	0.49	0.00	1.60	1.64	1.28	1.42	1.44	3.47	0.00	1.48	2.21	0.64	0.38
66.00	7.50	0.98	2.11	2.79	0.49	4.79	1.20	0.73	3.34	2.45	0.00	1.21	1.21	0.00	0.19	0.00	4.23	0.04	3.49	2.08	0.82	2.56
67.00	7.50	1.05	0.37	3.82	0.49	4.25	0.16	0.34	4.02	0.88	0.11	1.13	3.45	1.40	0.00	0.91	2.92	0.00	1.84	1.35	2.45	2.71
68.00	7.50	0.78	0.39	1.75	1.88	1.38	1.75	0.02	0.16	2.47	0.00	1.72	4.40	1.46	0.32	2.74	4.10	0.71	0.59	3.30	0.00	2.79
69.00	7.50	2.08	2.92	2.80	0.59	1.12	0.49	0.00	2.51	0.00	0.22	1.14	0.59	2.84	0.04	1.42	0.73	1.59	0.57	0.93	1.32	1.80
70.00	7.50	0.00	3.37	3.13	3.54	0.79	0.66	0.02	3.89	0.93	0.00	0.00	4.05	1.88	0.00	1.88	4.02	0.60	0.69	1.93	2.04	3.31
71.00	7.50	0.00	2.11	3.51	0.45	2.98	2.06	0.34	1.74	1.20	0.57	1.72	1.57	0.21	0.00	0.67	3.64	0.01	1.57	2.51	0.51	1.01
72.00	7.50	4.63	1.31	4.76	0.51	3.71	0.00	0.97	3.18	0.25	1.55	1.21	0.88	1.93	0.00	1.31	4.29	0.06	0.94	1.67	0.18	2.51
73.00	7.49	0.85	1.00	3.49	0.00	3.82	2.17	0.59	2.32	1.01	0.47	1.59	1.90	0.00	0.26	0.47	4.37	0.04	0.28	0.00	1.66	2.92
74.00	7.50	0.64	2.61	2.13	0.04	4.50	0.14	1.04	1.75	1.14	2.23	2.27	2.26	0.99	0.69	0.00	4.50	0.00	1.50	3.09	1.91	2.93
75.00	7.50	2.41	0.79	4.30	0.07	3.78	0.46	0.00	3.19	0.86	0.00	0.27	3.26	1.27	0.66	0.11	3.46	0.00	0.25	1.79	0.41	1.53
76.00	7.50	1.28	0.00	0.42	0.00	1.47	0.99	0.33	1.25	0.65	2.05	0.68	0.29	1.37	0.00	3.11	1.80	0.49	0.21	1.66	2.92	1.22
77.00	7.50	3.05	3.11	1.45	0.31	3.19	0.00	0.00	0.00	0.31	0.18	0.46	1.04	0.93	0.07	3.25	5.52	1.72	2.19	2.70	1.99	0.88
78.00	7.50	0.52	3.27	4.33	0.47	3.39	0.62	0.51	2.45	1.19	0.02	1.68	0.33	0.08	0.00	2.10	4.56	0.00	1.14	1.63	1.39	2.97
79.00	7.50	2.30	1.67	4.84	0.99	2.39	1.77	0.00	4.60	0.80	0.58	0.42	1.57	0.00	0.00	2.86	3.54	0.00	1.58	1.47	0.46	1.58
10.2.1.2	7.64	8.85
10.1.1.2	1.86	107677.53
10.1.1.5	0.68	194138.11
10.1.1.6	2.50	39105.40
10.1.1.3	1.93	108210.56
10.1.1.9	1.83	146566.89
10.1.1.10	0.83	236160.49
10.1.1.11	0.43	180619.33
10.1.1.22	1.98	59072.04
10.1.1.4	3.37	26340.16
10.1.1.7	1.00	102949.12
10.1.1.8	0.63	138523.05
10.1.1.12	1.28	100448.07
10.1.1.13	1.91	47685.24
10.1.1.14	1.47	164545.95
10.1.1.15	0.71	82607.75
10.1.1.16	1.48	86234.83
10.1.1.17	3.32	14437.91
10.1.1.18	0.47	288442.72
10.1.1.19	1.26	74314.00
10.1.1.20	1.91	62541.29
10.1.1.21	1.74	30562.99
