Waf: Entering directory `/home/synrg-sc1/Desktop/Jiaming/ns-3.29-mesh/build'
Waf: Leaving directory `/home/synrg-sc1/Desktop/Jiaming/ns-3.29-mesh/build'
Build commands will be stored in build/compile_commands.json
'build' finished successfully (4.928s)
CreateVariables () DONE !!!
Creating 10 APs 50.00 m apart.
CreateApNodes () DONE !!!
Creating 0 CLs 20.00 m away from each AP.
CreateClNodes () DONE !!!
CreateNodes () DONE !!!
CreateMeshDevices () DONE !!!
CreateWifiDevices () DONE !!!
CreateCsmaDevices () DONE !!!
CreateDevices () DONE !!!
InstallInternetStack () DONE !!!
Gateway is connect to AP 0
InstallApplications () DONE !!!
Starting simulation for 80.00 s ...
-------------------------------------------------
Time[s]	ap-0	ap-1	ap-2	ap-3	ap-4	ap-5	ap-6	ap-7	ap-8	ap-9
2.00	0.00	0.00	0.00	0.00	0.00	0.00	0.00	0.00	0.00	0.00
3.00	6.59	6.59	5.82	0.00	0.00	0.00	0.00	0.00	0.00	0.00
4.00	7.50	7.50	6.61	0.00	0.00	0.00	0.00	0.00	0.00	0.00
5.00	7.50	7.50	6.59	3.72	0.04	0.04	0.00	0.00	0.04	0.04
6.00	7.50	7.50	6.61	1.64	0.00	0.00	1.81	1.78	0.45	0.62
7.00	7.50	7.50	6.59	0.00	0.52	0.73	0.39	2.52	1.86	1.66
8.00	7.50	7.50	6.61	0.04	0.27	0.51	0.00	0.61	2.40	1.99
9.00	7.50	7.50	6.59	1.31	1.79	0.62	0.00	1.24	1.65	1.86
10.00	7.49	7.49	6.61	0.26	1.61	0.00	0.00	0.00	3.39	1.60
11.00	7.50	7.50	6.59	0.01	1.32	3.09	0.00	0.32	4.19	0.42
12.00	7.50	7.50	6.61	1.28	0.60	2.30	0.00	0.75	1.59	2.27
13.00	7.50	7.50	6.59	1.94	1.19	1.28	0.00	0.00	3.91	1.75
14.00	7.50	7.50	6.61	0.35	0.08	3.84	0.00	0.49	4.09	0.39
15.00	7.50	7.50	6.59	0.79	1.02	0.19	0.00	1.12	1.91	1.97
16.00	7.50	7.50	6.59	0.49	0.18	4.98	0.00	0.42	0.57	1.30
17.00	7.50	7.50	6.61	0.00	0.11	0.12	0.00	0.00	1.17	0.00
18.00	7.50	7.50	6.59	0.45	3.24	3.07	0.00	0.69	0.05	0.01
19.00	7.49	7.49	6.61	0.51	2.83	0.00	0.00	0.07	0.85	2.41
20.00	7.50	7.50	6.59	0.39	2.83	0.00	0.00	0.00	3.70	2.04
21.00	7.50	7.50	6.61	0.46	0.66	0.00	0.00	0.89	4.03	1.77
22.00	7.50	7.50	6.59	0.00	0.00	0.00	0.00	0.00	2.30	1.79
23.00	7.50	7.50	6.61	1.75	0.55	1.91	0.00	0.00	3.05	0.39
24.00	7.50	7.50	6.59	0.28	1.19	4.31	0.00	1.45	4.29	0.01
25.00	7.50	7.50	6.61	0.64	0.91	0.57	0.00	0.51	3.49	2.20
26.00	7.50	7.50	6.59	0.01	2.53	0.21	0.00	0.00	1.48	1.12
27.00	7.50	7.50	6.61	0.11	0.00	1.66	0.00	0.45	2.47	0.28
28.00	7.49	7.49	6.59	0.00	0.48	2.45	0.00	0.19	0.00	2.43
29.00	7.50	7.50	6.59	0.29	1.42	0.00	0.00	1.30	0.00	0.00
30.00	7.50	7.50	6.61	0.00	0.00	0.00	0.00	0.00	0.00	0.00
31.00	7.50	7.50	6.59	0.00	1.67	0.20	0.00	0.74	1.44	1.70
32.00	7.50	7.50	6.61	1.11	1.91	0.74	0.00	0.68	2.28	1.04
33.00	7.50	7.50	6.59	0.01	0.49	0.19	0.00	1.06	3.57	2.57
34.00	7.50	7.50	6.61	0.00	0.15	0.07	1.97	0.15	3.09	0.00
35.00	7.50	7.50	6.59	0.25	0.02	1.07	0.00	0.00	2.06	3.45
36.00	7.50	7.50	6.61	0.00	1.58	1.40	0.00	3.33	3.89	2.72
37.00	7.49	7.49	6.59	0.00	0.07	4.06	0.28	0.04	2.67	1.90
38.00	7.50	7.50	6.61	0.49	0.37	0.12	1.11	0.04	2.45	0.49
39.00	7.50	7.50	6.59	0.00	0.08	0.16	0.00	0.00	2.76	0.58
40.00	7.50	7.50	6.61	0.21	0.46	1.32	0.00	1.52	1.74	2.89
41.00	7.50	7.50	6.59	1.14	0.46	0.61	0.00	2.34	1.99	3.24
42.00	7.50	7.50	6.59	5.71	5.12	5.11	4.55	4.80	4.50	3.60
43.00	7.50	7.50	6.61	0.91	0.82	0.31	1.11	2.89	3.78	2.91
44.00	7.50	7.50	6.59	0.00	0.00	0.00	0.00	1.01	3.71	0.75
45.00	7.50	7.50	6.61	0.00	0.02	1.05	1.18	1.24	0.00	0.00
46.00	7.49	7.49	6.59	0.00	0.00	0.00	0.00	1.66	0.00	0.00
47.00	7.50	7.50	6.61	1.31	2.34	2.38	0.00	0.05	1.40	2.17
48.00	7.50	7.50	6.59	0.64	1.24	1.21	1.18	0.22	2.65	1.90
49.00	7.50	7.50	6.61	0.00	0.47	0.00	0.00	1.25	0.99	1.40
50.00	7.50	7.50	6.59	0.00	3.29	2.85	0.00	0.00	0.49	3.04
51.00	7.50	7.50	6.61	0.01	0.00	4.35	0.00	0.00	3.94	2.57
52.00	7.50	7.50	6.59	0.01	1.10	2.48	0.00	0.00	2.39	1.97
53.00	7.50	7.50	6.61	0.15	0.37	2.66	0.00	0.09	1.47	1.58
54.00	7.50	7.50	6.59	0.00	0.00	1.86	0.00	0.00	1.64	0.25
55.00	7.49	7.49	6.59	0.00	2.43	1.19	0.00	1.74	3.19	0.87
56.00	7.50	7.50	6.61	0.00	0.52	2.06	0.00	0.00	3.42	1.19
57.00	7.50	7.50	6.59	0.00	0.94	0.32	0.00	0.00	2.68	0.93
58.00	7.50	7.50	6.61	0.00	3.25	2.60	0.00	0.18	2.43	2.44
59.00	7.50	7.50	6.59	0.00	1.22	1.41	0.00	1.20	0.88	0.37
60.00	7.50	7.50	6.61	0.28	2.03	2.23	0.00	1.27	0.00	1.65
61.00	7.50	7.50	6.59	0.15	4.17	0.00	0.00	3.36	1.95	1.80
62.00	7.50	7.50	6.61	0.00	3.42	0.00	0.00	3.17	2.81	0.05
63.00	7.50	7.50	6.59	0.04	0.00	0.09	0.00	0.00	0.62	0.79
64.00	7.49	7.49	6.61	0.19	2.06	0.60	0.00	2.61	1.91	1.24
65.00	7.50	7.50	6.59	0.07	1.42	1.46	0.81	0.38	1.05	1.59
66.00	7.50	7.50	6.61	0.00	0.00	0.00	2.00	0.00	0.00	0.49
67.00	7.50	7.50	6.59	0.00	0.00	0.00	0.00	0.00	0.00	3.38
68.00	7.50	7.50	6.59	0.00	0.00	0.00	0.00	0.00	0.00	1.33
69.00	7.50	7.50	6.61	0.07	3.52	0.58	0.34	0.86	1.88	0.78
70.00	7.50	7.50	6.59	0.00	0.73	0.00	0.00	0.00	0.00	0.00
71.00	7.50	7.50	6.61	0.00	0.00	0.00	0.00	0.00	0.00	0.00
72.00	7.50	7.50	6.59	0.00	0.00	0.00	0.00	0.00	0.00	0.00
73.00	7.49	7.49	6.61	1.61	0.00	2.80	0.98	0.95	0.00	0.75
74.00	7.50	7.50	6.59	0.92	0.00	1.37	0.41	0.40	0.00	0.48
75.00	7.50	7.50	6.61	0.04	0.00	0.00	0.00	0.00	0.00	0.00
76.00	7.50	7.50	6.59	0.00	0.00	0.00	0.00	0.00	0.00	0.00
77.00	7.50	7.50	6.61	0.00	0.00	0.00	0.00	0.01	0.00	0.00
78.00	7.50	7.50	6.59	0.00	0.00	0.00	0.00	0.00	0.00	0.00
79.00	7.50	7.50	6.61	0.00	0.00	0.00	0.00	0.00	0.00	0.00
10.2.1.2	7.64	8.98
10.2.1.3	7.64	21.72
10.2.1.4	6.73	7.96
10.1.1.9	2.07	80143.34
10.1.1.7	0.27	446346.20
10.1.1.8	0.77	143406.68
10.1.1.6	1.22	142223.83
10.1.1.5	1.15	158983.35
10.1.1.4	0.47	107975.22
10.1.1.10	1.38	138561.43
