Waf: Entering directory `/home/synrg-sc1/Desktop/Jiaming/ns-3.29-mesh/build'
Waf: Leaving directory `/home/synrg-sc1/Desktop/Jiaming/ns-3.29-mesh/build'
Build commands will be stored in build/compile_commands.json
'build' finished successfully (4.770s)
CreateVariables () DONE !!!
Creating 21 APs 50.00 m apart.
CreateApNodes () DONE !!!
Creating 0 CLs 20.00 m away from each AP.
CreateClNodes () DONE !!!
CreateNodes () DONE !!!
CreateMeshDevices () DONE !!!
CreateWifiDevices () DONE !!!
CreateCsmaDevices () DONE !!!
CreateDevices () DONE !!!
InstallInternetStack () DONE !!!
Gateway is connect to AP 0
InstallApplications () DONE !!!
Starting simulation for 80.00 s ...
-------------------------------------------------
Time[s]	ap-0	ap-1	ap-2	ap-3	ap-4	ap-5	ap-6	ap-7	ap-8	ap-9	ap-10	ap-11	ap-12	ap-13	ap-14	ap-15	ap-16	ap-17	ap-18	ap-19	ap-20
2.00	0.00	0.00	0.00	0.00	0.00	0.00	0.00	0.00	0.00	0.00	0.00	0.00	0.00	0.00	0.00	0.00	0.00	0.00	0.00	0.00	0.00
3.00	6.84	0.00	0.00	0.00	0.00	0.00	0.00	0.00	0.00	0.00	0.00	0.00	0.00	0.00	0.00	0.00	0.00	0.00	0.00	0.00	0.00
4.00	8.70	0.00	0.00	0.00	0.00	0.00	0.00	0.00	0.00	0.00	0.00	0.00	0.00	0.00	0.00	0.00	0.00	0.00	0.00	0.00	0.00
5.00	8.70	2.05	0.00	0.29	0.00	1.40	0.91	1.98	0.06	2.50	1.00	0.00	0.99	1.88	0.81	1.27	0.00	0.00	0.44	0.00	0.06
6.00	8.69	4.39	1.11	2.72	0.00	2.17	2.20	2.18	1.33	2.16	1.61	0.00	2.32	2.33	2.27	1.32	0.00	0.00	0.47	0.00	0.32
7.00	8.70	4.46	0.28	1.37	0.00	3.01	2.23	2.24	0.41	3.17	0.08	0.00	2.32	3.72	1.86	0.94	0.00	0.00	0.52	0.00	0.67
8.00	8.70	3.07	1.34	2.65	0.00	2.43	2.45	1.93	0.41	3.07	0.94	0.51	1.58	3.31	2.83	2.23	0.00	0.00	0.55	0.65	0.24
9.00	8.70	4.50	0.18	2.14	0.00	3.79	2.79	3.82	1.30	1.67	2.70	0.22	2.36	1.52	2.68	1.39	0.15	0.00	0.49	0.13	0.44
10.00	8.70	5.26	0.71	0.59	0.00	0.31	0.73	4.93	0.57	4.18	2.18	0.58	1.41	4.29	1.52	0.86	0.49	0.00	0.42	1.21	0.01
11.00	8.69	2.81	0.62	2.66	0.00	0.98	2.94	1.88	1.50	2.84	1.41	2.04	2.03	2.05	2.17	2.04	0.00	0.00	0.34	0.58	1.60
12.00	8.70	2.85	1.77	1.34	0.00	3.30	5.65	0.54	0.34	5.10	0.69	0.99	2.44	4.02	0.54	1.05	1.18	0.00	0.84	0.84	0.16
13.00	8.70	3.42	0.00	3.63	0.00	2.86	2.76	1.37	0.91	1.04	1.31	0.00	0.69	4.27	1.68	1.55	0.28	0.00	0.00	0.61	0.00
14.00	8.70	2.57	1.12	0.31	0.00	4.32	2.05	1.60	2.68	0.00	4.93	1.28	2.24	3.09	0.32	1.38	0.00	0.00	1.53	0.16	0.53
15.00	8.70	5.17	0.00	1.95	0.00	5.00	2.27	1.26	1.19	1.85	2.66	0.05	3.38	2.60	2.04	3.44	0.21	0.00	0.58	0.00	0.91
16.00	8.69	7.28	0.00	1.02	0.00	5.84	1.99	3.12	0.00	4.36	0.45	0.00	1.51	4.77	2.37	1.87	0.02	0.00	0.48	0.39	0.92
17.00	8.70	2.87	0.29	1.06	0.00	0.91	1.64	2.43	0.75	0.12	3.00	0.77	3.32	4.35	1.41	3.69	2.57	0.00	2.18	0.58	0.68
18.00	8.70	7.07	0.66	1.19	0.00	0.99	1.79	0.39	0.39	1.04	1.01	1.27	2.27	2.44	1.33	3.16	1.68	0.00	2.24	0.21	2.10
19.00	8.70	6.76	0.89	3.20	0.00	3.16	2.84	4.32	0.42	0.22	4.19	0.08	0.14	3.14	0.55	2.04	0.00	0.00	1.83	1.08	1.08
20.00	8.70	7.31	2.50	2.58	0.00	5.57	1.59	2.80	0.00	0.00	1.92	0.07	2.67	3.44	1.24	3.44	1.93	0.00	1.22	0.71	1.22
21.00	8.69	3.33	0.00	2.07	0.00	2.64	1.83	1.90	0.01	0.92	0.26	0.67	1.51	4.84	0.53	1.95	0.02	0.00	0.59	1.40	0.02
22.00	8.70	4.20	0.05	3.76	0.00	5.62	2.20	4.42	0.67	0.35	2.24	1.47	1.58	3.27	3.77	1.71	0.88	0.00	1.81	0.02	0.02
23.00	8.70	5.75	0.00	4.20	0.00	0.53	3.01	0.48	0.75	2.85	0.00	0.00	0.88	1.39	2.05	1.92	0.00	0.00	0.47	0.75	0.79
24.00	8.70	6.70	0.45	4.02	0.00	3.74	1.40	4.44	1.35	4.58	5.12	1.22	0.54	3.10	1.99	3.90	0.00	0.00	1.78	0.49	1.70
25.00	8.69	4.31	1.21	2.94	0.00	2.01	2.93	1.98	1.48	1.40	1.30	0.00	0.01	3.74	1.68	0.71	0.04	0.00	0.34	1.04	0.65
26.00	8.70	4.45	0.95	0.64	0.00	4.31	2.73	3.53	0.00	2.37	3.40	0.75	0.52	3.51	2.98	1.63	0.00	0.00	0.00	0.16	0.75
27.00	8.70	2.44	1.64	4.16	0.00	0.87	3.58	1.40	0.12	0.25	2.68	0.20	0.87	3.92	0.49	2.76	2.20	0.00	1.77	0.54	0.49
28.00	8.70	5.90	1.70	2.74	0.00	2.30	3.01	1.26	1.91	2.44	3.01	0.00	3.42	4.64	2.13	3.23	1.14	0.00	1.39	1.41	0.09
29.00	8.70	2.07	0.86	1.78	0.00	1.90	2.34	2.74	0.22	0.06	2.14	0.00	0.09	0.57	1.61	0.25	0.13	0.00	0.48	0.62	0.48
30.00	8.69	3.62	1.77	6.19	0.00	5.94	1.26	2.89	0.16	4.66	4.50	1.38	2.36	4.79	0.00	2.73	0.49	0.00	0.59	1.47	1.74
31.00	8.70	2.60	0.74	3.23	0.00	1.22	3.50	4.04	0.00	2.39	3.07	0.74	1.57	1.46	1.44	0.60	1.26	0.00	1.77	0.25	0.74
32.00	8.70	6.78	1.45	2.32	0.00	5.49	1.55	2.57	1.39	1.92	2.87	0.59	3.36	4.80	1.57	1.48	0.01	0.00	0.91	0.64	0.98
33.00	8.70	1.98	0.25	0.95	0.00	1.84	2.74	0.22	1.37	1.83	1.61	0.08	0.12	1.11	1.60	1.78	0.11	0.00	0.81	0.67	0.59
34.00	8.70	5.65	0.00	1.17	0.00	2.80	2.19	3.93	0.66	1.93	4.89	0.00	3.03	0.16	2.10	1.78	0.00	0.00	0.59	0.60	0.89
35.00	8.69	1.00	0.00	2.87	0.00	4.56	0.97	1.02	1.22	3.03	3.44	0.66	2.24	1.47	3.14	1.20	0.00	0.00	0.00	0.16	0.92
36.00	8.70	6.64	0.08	4.60	0.00	0.82	1.68	4.07	0.39	3.27	2.38	0.88	1.22	1.08	0.60	1.63	0.99	0.00	0.94	0.00	0.06
37.00	8.70	5.63	0.55	3.73	0.00	0.00	0.59	0.00	0.16	4.17	0.81	0.85	2.79	0.00	1.05	2.50	0.21	0.00	0.64	0.01	0.00
38.00	8.70	6.76	2.04	1.75	0.00	6.28	1.84	2.20	0.79	4.27	1.14	0.35	0.29	4.39	1.81	3.57	0.52	0.00	0.22	0.59	0.46
39.00	8.70	5.94	0.25	1.44	0.00	0.80	0.32	0.87	0.89	2.08	2.12	1.30	2.64	2.84	0.82	1.54	0.49	0.00	2.08	0.80	0.94
40.00	8.69	8.41	0.00	3.32	0.00	4.43	1.83	2.01	1.46	0.15	3.46	2.32	2.86	0.92	0.29	4.50	1.26	0.00	0.72	0.01	0.01
41.00	8.70	3.44	0.60	0.81	0.00	1.91	2.19	2.59	0.00	2.14	4.18	0.08	0.73	1.47	1.34	2.54	0.53	0.00	1.26	0.00	1.54
42.00	8.70	3.14	1.11	5.06	0.00	3.54	2.71	2.20	1.18	2.43	1.20	1.02	0.00	3.59	4.43	2.27	0.00	0.00	1.02	1.11	0.58
43.00	8.70	2.38	0.67	3.32	0.00	2.44	1.18	3.42	1.85	0.77	1.65	0.12	2.21	3.24	0.61	0.01	0.60	0.00	0.19	0.02	0.02
44.00	8.70	2.28	3.63	4.77	0.00	3.87	2.12	4.10	1.91	3.05	3.21	0.00	1.70	3.04	0.19	1.13	0.00	0.00	1.30	0.29	0.39
45.00	8.69	3.71	1.41	4.17	0.00	2.66	4.84	0.75	0.69	0.97	3.21	0.00	0.28	3.78	0.29	1.06	0.00	0.00	1.46	0.00	0.99
46.00	8.70	1.35	1.21	4.27	0.00	4.31	3.53	1.25	1.39	2.16	2.05	0.00	0.54	2.87	0.49	1.70	1.64	0.00	2.01	0.89	0.05
47.00	8.70	3.80	0.61	0.01	0.00	1.54	4.78	0.00	0.65	4.03	1.25	2.51	2.74	4.05	0.00	1.52	0.52	0.00	0.75	0.79	0.51
48.00	8.70	4.23	1.48	1.00	0.00	0.00	2.16	2.03	0.91	2.58	0.53	1.95	0.06	2.59	2.71	2.04	0.26	0.00	1.06	0.29	1.46
49.00	8.69	5.19	1.21	2.53	0.00	1.48	0.54	2.71	0.01	5.10	1.64	1.80	0.66	4.46	1.85	3.16	1.88	0.00	1.14	0.52	1.04
50.00	8.70	0.29	3.32	4.43	0.00	4.25	0.00	1.22	0.67	0.93	2.54	1.64	3.62	4.78	0.49	3.54	0.00	0.00	0.08	1.60	0.44
51.00	8.70	4.63	0.67	0.19	0.00	3.21	3.46	1.26	0.00	1.41	2.08	1.25	0.61	3.73	1.18	1.94	0.00	0.00	0.02	0.35	0.14
52.00	8.70	6.48	1.77	2.06	0.00	4.69	1.30	3.90	1.01	2.76	2.74	0.34	0.97	3.91	2.21	3.13	0.00	0.00	2.32	0.05	1.47
53.00	8.70	4.46	0.85	4.62	0.00	2.16	1.11	2.94	0.33	2.50	2.01	0.06	2.91	4.49	1.32	2.57	0.04	0.00	0.16	0.29	0.53
54.00	8.69	6.57	2.44	1.81	0.00	4.23	4.10	1.77	0.00	1.31	4.66	0.04	0.72	3.57	2.16	1.79	0.52	0.00	1.58	0.29	0.21
55.00	8.70	5.58	0.00	3.45	0.00	2.12	1.97	0.97	0.00	3.57	0.53	0.00	1.55	2.65	1.14	0.14	0.00	0.00	0.78	0.38	0.87
56.00	8.70	3.57	4.29	1.47	0.00	3.10	2.52	1.52	2.33	3.78	2.66	0.00	1.94	1.90	0.85	0.73	0.00	0.00	0.26	1.55	0.64
57.00	8.70	5.10	1.86	3.16	0.00	4.26	1.95	1.33	0.00	0.82	2.89	0.00	2.12	2.33	0.32	1.14	0.79	0.00	1.05	0.79	0.49
58.00	8.70	3.62	1.57	3.53	0.00	3.36	1.67	2.33	0.68	1.83	2.25	0.24	0.53	3.89	0.12	2.06	0.61	0.00	1.20	0.71	0.41
59.00	8.69	6.17	3.67	0.93	0.00	0.47	0.82	0.81	2.08	2.56	3.25	1.18	2.99	2.03	3.19	2.34	0.53	0.00	0.55	0.00	1.72
60.00	8.70	7.50	0.26	3.56	0.00	3.11	4.78	4.11	1.31	0.78	4.33	1.21	4.63	1.12	1.54	0.60	2.47	0.00	0.21	0.00	0.29
61.00	8.70	3.45	0.94	3.42	0.00	0.44	4.59	2.83	1.18	3.12	4.93	0.29	2.86	2.24	1.46	1.64	0.49	0.00	0.80	0.06	0.55
62.00	8.70	4.22	0.61	2.98	0.00	0.49	4.80	2.25	2.26	2.78	3.56	0.66	2.60	1.21	0.89	2.17	0.15	0.00	0.14	0.41	1.28
63.00	8.70	5.35	0.92	1.83	0.00	0.00	2.37	4.47	0.00	4.56	0.31	0.00	4.42	2.12	0.95	3.77	0.99	0.00	0.86	0.35	0.88
64.00	8.69	5.94	0.79	2.52	0.00	4.46	2.23	2.96	0.02	2.16	3.11	0.39	1.74	3.21	2.19	1.72	1.07	0.00	0.42	0.00	1.66
65.00	8.70	3.11	0.00	2.91	0.00	3.06	2.68	1.59	0.47	3.03	1.41	1.83	0.93	2.66	5.00	1.67	1.00	0.00	1.19	0.06	0.48
66.00	8.70	3.49	0.87	3.58	0.00	1.33	3.77	4.32	0.00	1.65	1.81	0.00	2.60	3.34	1.68	0.87	0.09	0.00	0.34	0.01	0.85
67.00	8.70	5.20	1.48	2.27	0.00	0.49	0.21	2.66	0.00	3.49	0.00	1.21	3.84	2.06	4.70	1.74	0.02	0.00	1.73	0.55	0.15
68.00	8.69	2.99	2.48	4.93	0.00	5.37	5.53	3.69	2.41	3.77	3.12	0.82	1.75	4.31	3.66	0.98	0.01	0.00	0.89	1.41	1.55
69.00	8.70	4.96	2.61	2.70	0.00	3.42	0.20	2.33	0.99	1.27	1.47	0.55	2.59	4.32	2.58	2.63	0.84	0.00	0.07	0.52	0.97
70.00	8.70	2.12	1.34	6.21	0.00	5.08	0.00	2.92	0.28	1.38	3.03	0.28	0.45	0.45	3.73	3.82	0.00	0.00	0.75	1.72	0.85
71.00	8.70	3.70	0.07	2.30	0.00	0.68	2.50	0.55	0.78	0.80	0.00	0.04	1.31	3.64	2.48	2.85	0.42	0.00	1.44	0.85	0.61
72.00	8.70	2.19	0.00	5.33	0.00	5.95	2.18	2.77	0.00	1.12	0.14	0.71	1.57	3.63	2.31	1.22	0.00	0.00	1.40	0.00	0.18
73.00	8.69	4.92	1.58	2.01	0.00	0.00	0.24	3.51	0.04	2.53	1.98	0.26	1.41	2.89	1.45	0.78	0.52	0.00	0.27	1.32	0.47
74.00	8.70	1.51	0.02	3.05	0.00	0.97	2.41	1.98	1.19	3.30	3.09	1.50	2.03	4.79	2.44	1.77	0.00	0.00	0.71	0.52	0.37
75.00	8.70	3.50	0.00	2.59	0.00	0.49	1.77	1.38	0.05	2.96	2.98	0.00	2.17	3.30	1.92	2.36	0.01	0.00	0.65	1.54	0.89
76.00	8.70	1.65	0.49	4.75	0.00	1.35	1.75	3.89	0.00	2.07	4.06	0.73	0.82	2.05	1.99	3.45	0.24	0.00	0.24	0.40	1.42
77.00	8.70	5.49	1.34	1.14	0.00	0.00	0.14	2.45	0.92	2.71	0.49	0.25	1.88	3.49	0.78	3.05	0.00	0.00	1.27	0.00	0.64
78.00	8.69	5.61	0.84	2.30	0.00	3.56	2.03	3.52	0.05	0.11	4.70	0.15	0.97	4.79	3.29	1.42	0.49	0.00	0.65	0.00	0.00
79.00	8.70	3.83	0.20	4.31	0.00	4.04	4.96	1.11	1.14	2.14	1.54	1.00	0.66	3.58	0.66	1.65	1.04	0.00	1.20	0.13	0.57
10.2.1.2	8.87	8.61
10.1.1.6	2.81	111312.19
10.1.1.7	2.34	85465.85
10.1.1.15	1.74	141586.06
10.1.1.2	4.43	25149.96
10.1.1.19	0.89	74785.48
10.1.1.9	0.76	313049.71
10.1.1.10	2.34	42929.21
10.1.1.11	2.35	70240.86
10.1.1.3	1.06	162536.94
10.1.1.4	2.80	60986.82
10.1.1.5	0	0
10.1.1.20	0.55	100924.71
10.1.1.21	0.71	177394.78
10.1.1.12	0.66	227907.49
10.1.1.13	1.80	64207.63
10.1.1.14	3.10	19858.61
10.1.1.8	2.42	92498.58
10.1.1.18	0	0
10.1.1.16	2.01	58102.82
10.1.1.17	0.53	258776.12
