Waf: Entering directory `/home/synrg-sc1/Desktop/Jiaming/ns-3.29-mesh/build'
Waf: Leaving directory `/home/synrg-sc1/Desktop/Jiaming/ns-3.29-mesh/build'
Build commands will be stored in build/compile_commands.json
'build' finished successfully (4.856s)
CreateVariables () DONE !!!
Creating 23 APs 50.00 m apart.
CreateApNodes () DONE !!!
Creating 0 CLs 20.00 m away from each AP.
CreateClNodes () DONE !!!
CreateNodes () DONE !!!
CreateMeshDevices () DONE !!!
CreateWifiDevices () DONE !!!
CreateCsmaDevices () DONE !!!
CreateDevices () DONE !!!
InstallInternetStack () DONE !!!
Gateway is connect to AP 0
InstallApplications () DONE !!!
Starting simulation for 80.00 s ...
-------------------------------------------------
Time[s]	ap-0	ap-1	ap-2	ap-3	ap-4	ap-5	ap-6	ap-7	ap-8	ap-9	ap-10	ap-11	ap-12	ap-13	ap-14	ap-15	ap-16	ap-17	ap-18	ap-19	ap-20	ap-21	ap-22
2.00	0.00	0.00	0.00	0.00	0.00	0.00	0.00	0.00	0.00	0.00	0.00	0.00	0.00	0.00	0.00	0.00	0.00	0.00	0.00	0.00	0.00	0.00	0.00
3.00	4.84	0.00	0.00	0.00	0.00	0.00	0.00	0.00	0.00	0.00	0.00	0.00	0.00	0.00	0.00	0.00	0.00	0.00	0.00	0.00	0.00	0.00	0.00
4.00	7.81	0.00	0.00	0.00	0.00	0.00	0.00	0.00	0.00	0.00	0.00	0.00	0.00	0.00	0.00	0.00	0.00	0.00	0.00	0.00	0.00	0.00	0.00
5.00	7.80	2.32	2.41	0.00	1.93	0.00	0.94	0.01	1.60	1.86	0.91	0.00	0.88	1.19	0.88	0.86	1.06	0.00	0.00	1.10	0.93	0.00	0.28
6.00	7.80	3.40	2.05	0.00	0.41	1.21	1.97	0.06	0.54	1.63	0.95	0.00	1.84	1.54	1.77	1.72	1.72	0.00	0.00	1.34	1.55	0.00	0.40
7.00	7.81	2.96	1.27	0.00	0.01	0.00	2.41	0.00	1.45	1.65	0.95	0.00	3.49	2.18	0.92	1.06	1.92	0.00	0.45	1.65	1.32	0.20	0.85
8.00	7.80	1.04	2.13	0.12	0.91	0.00	1.20	0.74	2.01	1.97	2.40	0.00	1.94	2.51	2.76	2.03	1.21	0.00	0.35	0.66	1.52	0.62	0.28
9.00	7.80	2.05	4.71	0.00	1.32	0.00	4.42	0.86	0.46	2.39	1.01	0.00	1.41	1.64	0.60	2.46	1.65	0.00	0.81	0.73	0.84	0.88	0.14
10.00	7.81	0.88	3.50	0.00	0.40	1.24	5.12	0.80	2.57	3.16	1.97	2.61	0.35	1.63	1.70	2.19	2.23	0.13	0.21	1.24	0.73	0.02	0.73
11.00	7.80	1.57	3.85	0.06	0.02	0.01	1.81	0.00	1.10	0.79	0.73	1.63	0.00	2.12	1.27	1.19	0.26	0.00	0.06	1.38	1.42	0.04	0.64
12.00	7.81	0.94	3.25	0.97	0.08	0.80	2.17	0.37	1.12	1.83	1.47	2.25	0.49	3.00	0.98	1.27	1.54	0.15	1.34	1.28	1.72	0.19	0.37
13.00	7.80	0.00	3.36	0.00	1.17	0.31	3.11	1.22	0.00	0.68	1.44	2.17	0.24	2.93	0.85	1.50	0.07	0.01	0.02	3.12	0.40	0.05	0.09
14.00	7.80	1.21	2.60	0.00	0.00	0.99	3.19	0.81	1.37	0.48	2.23	0.33	0.01	1.73	2.37	3.01	1.61	0.09	1.20	2.01	1.93	0.04	1.42
15.00	7.81	1.25	0.87	0.91	0.05	1.14	1.17	0.72	0.28	2.96	0.58	1.31	0.48	1.02	0.89	0.53	1.34	0.38	0.51	1.35	1.40	0.49	1.48
16.00	7.80	2.94	1.30	0.00	1.60	2.93	1.87	0.67	0.92	1.27	2.99	1.44	1.54	3.26	2.57	1.46	1.02	0.74	1.50	1.54	1.92	0.59	0.52
17.00	7.80	1.44	1.78	0.00	0.00	0.66	1.35	0.21	1.08	1.39	0.79	0.61	0.49	2.01	1.19	1.67	0.92	0.00	0.00	1.45	0.81	0.54	0.75
18.00	7.81	2.76	4.09	0.00	0.49	0.00	3.16	0.35	1.11	4.52	0.85	2.41	2.34	4.24	1.75	2.53	0.93	0.01	0.29	1.01	1.20	1.14	0.31
19.00	7.80	1.01	0.00	0.00	0.09	3.23	2.74	0.72	1.65	1.99	1.59	0.60	0.59	2.54	1.22	1.30	1.63	0.00	0.58	0.82	1.01	0.12	0.61
20.00	7.80	2.70	5.70	0.62	0.84	3.84	0.00	0.95	0.51	3.76	0.01	0.54	1.22	0.33	1.00	3.65	2.38	0.00	0.91	0.86	0.87	1.32	0.13
21.00	7.81	1.61	0.84	0.85	0.07	0.64	3.77	0.00	1.27	2.81	0.00	0.00	1.06	0.84	1.46	2.92	1.83	0.61	2.16	1.25	1.98	0.15	0.04
22.00	7.80	4.60	5.56	1.01	0.00	1.71	2.73	0.04	0.68	2.43	2.05	2.48	4.27	4.56	0.32	0.99	0.00	1.63	0.40	2.57	2.01	1.33	2.04
23.00	7.81	2.03	3.63	0.00	1.92	0.24	0.77	0.00	0.13	2.76	0.25	0.39	0.72	4.20	1.54	0.62	1.50	0.04	1.65	1.84	1.72	0.00	0.39
24.00	7.80	1.84	4.78	0.21	0.00	0.47	5.10	0.53	3.11	2.43	0.00	2.39	1.52	0.97	1.84	2.52	3.36	0.00	0.64	1.33	1.50	0.60	0.69
25.00	7.80	3.07	4.36	1.02	0.00	0.21	4.32	2.26	0.68	0.75	0.29	0.00	1.97	3.83	1.50	0.89	3.31	1.12	0.00	2.50	2.08	0.00	1.20
26.00	7.81	2.17	6.29	0.00	0.34	0.00	0.51	0.00	0.78	2.19	3.43	0.99	3.64	4.17	0.71	4.07	1.34	1.24	0.18	1.98	1.92	0.38	1.48
27.00	7.80	3.93	3.56	0.25	0.01	0.78	2.90	1.01	2.11	2.48	0.00	0.46	1.90	2.79	2.66	1.10	1.72	0.09	0.42	2.05	1.11	0.25	0.31
28.00	7.80	0.00	4.55	2.65	1.98	3.83	2.03	0.00	0.08	2.64	2.27	0.00	0.34	3.94	0.08	2.11	1.38	0.00	0.60	3.00	1.93	0.31	0.67
29.00	7.81	0.69	3.80	0.86	0.67	0.20	3.42	0.45	1.83	1.63	1.11	1.25	1.45	3.71	2.54	2.30	0.72	0.00	0.04	2.45	1.44	0.00	0.27
30.00	7.80	1.38	1.98	0.00	0.11	0.11	0.00	0.74	1.60	4.04	2.63	0.11	0.40	4.20	2.78	0.49	0.69	0.00	0.06	2.87	1.67	0.41	0.00
31.00	7.80	2.92	2.28	0.00	0.00	0.48	3.11	0.86	2.70	3.24	0.04	1.20	0.00	3.60	3.04	0.49	1.91	0.00	0.00	1.67	1.41	1.07	0.64
32.00	7.81	6.34	0.64	0.57	1.13	0.55	4.78	0.28	1.48	0.24	0.27	3.90	4.03	4.00	0.00	1.31	1.77	0.00	1.12	0.55	1.15	0.49	1.02
33.00	7.80	2.12	3.25	0.99	0.00	0.29	5.11	0.00	2.34	2.72	0.00	1.67	3.11	1.40	2.60	0.42	2.44	0.00	1.85	1.60	1.33	0.00	0.59
34.00	7.81	2.04	5.38	1.47	0.05	3.65	0.59	2.23	1.37	1.92	2.36	0.60	4.45	4.20	1.30	0.45	2.10	0.00	0.94	2.07	0.51	1.58	0.68
35.00	7.80	1.72	5.84	1.42	0.00	0.00	3.20	0.00	0.00	1.79	1.86	1.13	3.99	3.70	2.18	1.70	0.69	0.33	0.31	0.98	1.61	0.66	0.82
36.00	7.80	2.91	3.07	0.00	0.49	1.42	1.61	1.26	2.43	1.87	0.87	1.27	1.91	3.27	1.12	0.67	0.99	0.00	0.13	0.00	1.77	0.07	0.00
37.00	7.81	0.47	3.47	0.08	0.00	0.12	1.40	0.64	1.10	1.54	0.78	0.77	1.30	1.84	2.40	2.50	1.08	0.05	0.80	0.87	0.60	0.37	1.78
38.00	7.80	3.34	1.37	0.00	0.75	1.97	2.20	0.39	0.37	1.68	1.19	0.53	0.65	4.55	1.12	0.82	0.00	0.40	0.29	1.59	1.83	0.94	0.22
39.00	7.80	2.17	5.24	0.07	0.00	1.45	2.16	1.86	0.00	3.70	1.46	0.35	0.04	2.86	1.50	0.57	0.95	0.61	1.63	0.19	2.45	0.00	0.09
40.00	7.81	0.01	5.03	1.20	0.00	0.85	5.10	0.87	1.74	1.31	1.28	3.23	2.17	4.20	2.11	0.97	1.07	0.29	0.95	0.12	1.39	0.05	0.14
41.00	7.80	1.13	2.46	0.00	0.00	0.11	5.10	0.07	0.00	2.06	1.87	1.33	1.25	3.92	1.55	0.69	2.87	0.07	0.04	1.81	1.59	0.95	0.13
42.00	7.80	0.51	5.44	0.95	0.00	0.49	4.47	0.06	0.75	4.60	2.20	1.08	2.52	3.90	0.41	1.61	2.45	0.51	0.00	1.39	2.17	0.87	0.65
43.00	7.81	5.43	3.04	1.50	0.61	0.49	3.67	0.05	0.18	1.34	1.17	0.82	1.13	0.16	2.07	2.46	0.99	0.37	0.04	0.80	0.51	0.00	0.93
44.00	7.80	1.42	4.58	0.00	0.16	0.86	1.65	1.24	2.90	3.64	2.44	2.50	1.67	3.25	1.71	1.33	1.98	0.00	1.44	2.54	1.51	0.00	0.53
45.00	7.81	0.18	1.53	1.18	0.01	1.21	1.78	0.00	0.14	0.81	0.27	1.06	1.73	0.65	1.84	0.68	1.70	0.00	0.42	1.34	1.28	0.00	0.49
46.00	7.80	0.61	1.78	0.00	1.52	2.34	0.64	0.00	1.37	3.31	1.93	2.30	2.01	3.94	3.49	1.73	2.65	0.00	0.49	2.99	1.86	1.20	0.72
47.00	7.80	0.00	1.27	0.00	0.04	0.00	1.63	0.52	1.54	3.66	3.46	0.14	0.35	2.68	2.61	0.98	0.62	0.98	1.34	2.64	1.38	0.34	1.18
48.00	7.81	2.47	3.63	4.86	0.80	3.67	4.77	0.85	1.73	4.82	0.60	0.25	3.14	2.97	1.39	2.24	0.97	0.66	0.04	2.63	0.49	1.50	0.05
49.00	7.80	1.67	2.59	0.20	0.00	1.28	1.52	0.00	1.33	3.16	0.54	0.00	0.00	2.40	0.37	1.41	1.32	0.60	0.25	1.39	1.46	0.92	1.05
50.00	7.80	1.33	4.75	0.04	0.11	0.79	4.20	1.87	3.42	2.33	1.28	0.49	0.13	2.40	0.04	1.35	1.34	0.00	0.00	2.91	1.72	0.86	0.71
51.00	7.81	2.45	5.00	0.18	1.46	0.01	1.77	0.02	2.04	0.94	2.36	2.24	3.53	0.62	1.97	1.98	2.08	0.00	0.00	2.53	1.28	1.15	0.68
52.00	7.80	0.39	5.31	2.40	0.00	0.58	5.98	1.11	0.20	2.52	1.22	2.11	0.22	4.37	0.58	2.20	1.79	0.00	0.00	0.51	1.40	0.88	0.26
53.00	7.80	1.44	3.44	0.00	1.26	1.67	3.34	2.66	1.20	3.24	0.59	0.47	1.28	3.01	1.44	2.01	2.61	0.00	0.62	2.74	2.28	0.78	1.00
54.00	7.81	1.99	2.20	1.11	1.48	1.21	3.25	0.00	0.00	3.66	2.33	1.77	2.96	1.05	1.31	1.07	2.14	0.32	0.80	2.61	1.80	0.16	1.24
55.00	7.80	2.21	3.13	3.70	0.71	1.80	0.00	0.18	1.08	2.19	1.45	2.01	1.52	3.60	1.79	0.02	1.39	0.60	0.98	1.51	1.20	0.91	0.86
56.00	7.81	0.98	2.64	0.07	0.07	0.99	2.03	0.21	2.08	1.13	2.76	0.58	3.99	3.64	0.35	1.57	1.50	0.00	0.24	1.22	1.71	1.27	1.11
57.00	7.80	1.65	2.93	0.00	0.49	1.27	2.41	0.06	1.52	3.18	2.38	0.00	0.49	0.57	2.25	0.21	2.41	0.00	0.29	0.98	1.10	1.05	0.65
58.00	7.80	3.97	6.30	0.00	1.04	0.64	4.30	0.06	0.39	4.20	3.64	0.49	0.99	3.38	1.58	0.00	0.95	0.01	0.00	2.60	2.05	0.84	0.12
59.00	7.81	2.63	2.73	1.05	0.00	0.57	3.64	0.00	0.99	2.96	1.38	0.00	1.44	1.72	0.64	3.74	0.66	0.00	0.44	2.04	2.19	0.00	1.13
60.00	7.80	5.59	4.83	0.37	0.25	0.59	4.06	0.00	2.32	4.31	4.79	0.27	1.45	2.84	0.55	3.89	0.13	0.00	0.04	2.45	2.33	0.04	0.00
61.00	7.80	1.57	1.33	0.00	0.52	0.42	1.54	0.27	0.69	2.16	1.71	1.37	1.84	2.23	0.73	0.54	0.44	0.45	0.67	0.64	1.01	0.04	0.64
62.00	7.81	0.22	3.83	0.77	0.61	0.00	0.26	1.67	3.31	1.95	3.90	4.27	1.93	4.17	1.53	0.25	0.14	1.00	0.55	1.45	1.17	0.01	1.34
63.00	7.80	1.61	3.86	0.00	1.83	1.19	1.74	0.71	1.40	1.15	1.06	2.43	2.21	4.18	0.48	2.39	1.73	0.87	1.38	1.66	0.91	0.29	1.12
64.00	7.80	0.40	1.88	0.53	0.00	0.55	0.00	0.00	1.61	3.42	3.32	2.58	1.65	4.23	1.91	1.22	3.62	0.16	1.17	1.35	1.87	1.58	0.07
65.00	7.81	0.00	0.46	0.00	1.54	0.00	2.63	0.02	0.62	1.19	0.89	0.37	0.71	1.22	0.91	0.01	1.25	0.00	0.02	1.00	0.18	0.00	0.74
66.00	7.80	2.65	3.72	0.49	0.08	2.33	1.24	0.00	0.62	1.18	2.11	0.04	1.39	2.31	1.41	0.00	1.59	0.00	0.00	2.63	0.46	0.99	0.49
67.00	7.81	0.49	0.19	1.38	0.49	1.87	0.99	0.14	2.24	1.21	2.94	1.17	0.27	2.52	0.34	0.73	0.20	0.00	0.15	1.68	0.54	0.14	0.93
68.00	7.80	0.73	4.40	3.77	0.00	1.20	1.59	1.24	0.69	1.92	0.00	2.04	0.72	2.51	1.68	3.19	1.02	0.73	0.04	1.78	0.47	0.73	1.27
69.00	7.80	4.04	6.51	0.59	0.00	0.00	2.97	0.00	2.45	0.55	1.75	0.05	0.77	0.52	2.03	3.31	0.29	0.45	0.13	0.53	0.00	0.00	1.50
70.00	7.81	3.39	6.09	1.79	0.35	0.46	3.03	2.01	0.51	3.24	2.41	1.04	3.70	1.10	1.65	1.75	2.63	0.00	1.86	1.17	1.74	0.00	1.50
71.00	7.80	1.54	5.13	1.45	0.15	1.07	1.72	0.00	0.00	0.81	2.57	0.80	1.54	2.36	1.19	2.52	1.80	0.00	0.35	1.12	0.46	1.00	0.85
72.00	7.80	0.26	6.30	0.00	1.59	3.30	1.05	0.09	0.01	4.73	2.56	0.11	1.35	3.31	2.45	0.00	1.22	0.06	0.74	2.97	0.04	1.32	0.07
73.00	7.81	0.04	4.59	0.06	0.16	2.31	1.83	0.12	0.60	2.65	1.42	0.87	0.00	0.99	1.06	2.84	0.75	0.67	0.21	2.38	1.41	1.06	0.34
74.00	7.80	1.41	3.30	0.88	0.00	1.70	2.30	1.14	2.04	0.53	1.06	0.12	3.39	1.91	0.49	2.65	2.33	0.55	0.18	1.55	0.58	0.66	0.66
75.00	7.80	1.71	1.97	0.47	1.30	0.00	3.74	0.00	1.12	1.17	0.29	1.39	0.77	0.24	0.66	1.88	1.22	0.11	0.94	2.43	0.99	0.04	0.20
76.00	7.81	1.85	3.38	1.11	1.07	0.47	3.29	0.00	2.44	2.48	1.12	0.77	1.92	2.67	0.99	2.65	2.57	0.49	0.25	1.77	0.97	0.00	0.12
77.00	7.80	1.06	0.99	0.49	0.00	0.00	0.92	0.25	4.70	3.31	3.34	0.00	1.20	0.86	2.94	0.18	0.75	0.00	0.98	2.96	1.81	0.00	0.12
78.00	7.81	0.48	6.35	1.50	1.19	0.51	4.46	0.00	0.98	4.79	0.52	2.84	2.12	1.52	0.69	1.97	3.20	1.40	0.01	2.43	2.14	1.98	1.50
79.00	7.80	1.08	4.07	1.31	0.00	0.11	3.12	0.51	1.21	2.36	1.60	0.31	1.39	4.16	2.90	1.05	1.20	0.72	0.00	2.66	0.51	0.46	0.24
10.2.1.2	7.95	8.58
10.1.1.8	0.53	452713.03
10.1.1.9	1.33	117769.99
10.1.1.10	2.40	45135.35
10.1.1.21	1.37	35559.63
10.1.1.5	0.53	327753.13
10.1.1.6	1.02	212981.80
10.1.1.7	2.60	42233.49
10.1.1.4	0.71	220647.95
10.1.1.20	1.74	38821.86
10.1.1.3	3.54	61682.33
10.1.1.2	1.92	133148.60
10.1.1.17	1.53	52604.36
10.1.1.18	0.29	207305.44
10.1.1.19	0.56	116100.66
10.1.1.15	1.49	95442.93
10.1.1.16	1.62	70703.77
10.1.1.14	2.68	27446.55
10.1.1.11	1.59	81473.41
10.1.1.12	1.17	109067.56
10.1.1.13	1.62	93044.13
10.1.1.23	0.68	138327.54
10.1.1.22	0.55	188153.34
