Waf: Entering directory `/home/synrg-sc1/Desktop/Jiaming/ns-3.29-mesh/build'
Waf: Leaving directory `/home/synrg-sc1/Desktop/Jiaming/ns-3.29-mesh/build'
Build commands will be stored in build/compile_commands.json
'build' finished successfully (4.791s)
CreateVariables () DONE !!!
Creating 17 APs 50.00 m apart.
CreateApNodes () DONE !!!
Creating 0 CLs 20.00 m away from each AP.
CreateClNodes () DONE !!!
CreateNodes () DONE !!!
CreateMeshDevices () DONE !!!
CreateWifiDevices () DONE !!!
CreateCsmaDevices () DONE !!!
CreateDevices () DONE !!!
InstallInternetStack () DONE !!!
Gateway is connect to AP 0
InstallApplications () DONE !!!
Starting simulation for 80.00 s ...
-------------------------------------------------
Time[s]	ap-0	ap-1	ap-2	ap-3	ap-4	ap-5	ap-6	ap-7	ap-8	ap-9	ap-10	ap-11	ap-12	ap-13	ap-14	ap-15	ap-16
2.00	0.00	0.00	0.00	0.00	0.00	0.00	0.00	0.00	0.00	0.00	0.00	0.00	0.00	0.00	0.00	0.00	0.00
3.00	5.52	5.49	0.00	0.00	0.00	0.00	0.00	0.00	0.00	0.00	0.00	0.00	0.00	0.00	0.00	0.00	0.00
4.00	7.50	7.50	0.00	0.00	0.00	0.00	0.00	0.00	0.00	0.00	0.00	0.00	0.00	0.00	0.00	0.00	0.00
5.00	7.50	7.50	3.60	3.32	0.00	0.00	3.09	2.41	0.00	0.53	2.11	0.00	0.00	1.54	1.45	1.41	0.84
6.00	7.50	7.50	3.20	6.08	0.04	0.00	5.49	1.58	0.32	0.75	2.66	2.16	1.19	1.74	2.80	2.39	1.17
7.00	7.50	7.50	1.48	4.96	0.00	0.00	3.30	1.83	0.74	0.65	1.55	1.28	1.28	1.30	0.78	1.50	1.06
8.00	7.50	7.50	2.28	4.43	0.00	0.59	0.39	0.60	0.16	0.05	3.80	0.97	2.87	2.30	2.03	2.11	1.17
9.00	7.50	7.50	4.85	2.23	0.00	0.87	3.83	1.15	0.14	0.00	3.46	0.55	0.51	1.98	1.94	1.92	1.10
10.00	7.49	7.49	6.92	3.30	0.00	0.61	6.10	1.25	3.70	0.49	0.97	1.12	0.40	0.24	0.46	1.37	0.84
11.00	7.50	7.50	3.10	6.28	0.00	0.18	3.21	0.58	1.13	0.00	2.08	4.03	0.44	0.57	0.51	2.18	1.95
12.00	7.50	7.50	5.50	5.71	0.00	1.85	3.05	1.02	0.87	0.00	3.42	3.19	2.93	1.25	3.06	2.21	1.39
13.00	7.50	7.50	1.72	5.25	0.00	1.30	6.51	3.07	0.53	0.60	4.42	4.83	0.78	1.95	1.75	2.20	1.44
14.00	7.50	7.50	5.02	5.97	0.00	0.54	5.79	0.60	2.04	0.04	2.13	3.70	0.00	3.32	2.23	0.21	1.15
15.00	7.50	7.50	3.54	5.37	0.00	1.78	4.30	1.97	2.89	2.96	4.57	0.68	2.43	1.71	0.91	2.40	1.53
16.00	7.50	7.50	2.87	6.30	0.00	0.00	5.28	1.83	1.61	2.06	1.88	3.42	0.59	2.74	1.83	2.39	0.99
17.00	7.50	7.50	1.41	6.30	0.00	0.00	6.28	0.35	1.37	3.26	2.78	3.50	0.00	0.01	1.37	2.40	1.46
18.00	7.50	7.50	6.90	6.30	0.00	1.06	5.99	0.00	2.28	5.41	4.80	4.56	1.94	3.50	0.37	2.39	1.05
19.00	7.49	7.49	6.34	6.30	0.00	1.65	5.46	0.27	0.54	0.86	2.07	2.79	0.72	1.63	1.94	2.14	0.93
20.00	7.50	7.50	0.00	4.97	0.00	0.19	4.36	0.54	0.40	5.72	3.52	2.63	0.59	2.16	2.34	1.72	1.30
21.00	7.50	7.50	4.20	6.04	0.00	0.00	4.36	1.35	0.00	2.89	0.07	1.88	1.38	1.50	2.93	2.51	1.50
22.00	7.50	7.50	6.69	6.26	0.00	0.00	4.33	3.36	0.59	4.49	3.34	3.05	3.53	2.84	2.47	2.38	1.47
23.00	7.50	7.50	6.91	6.34	0.00	0.00	4.80	0.00	0.00	4.38	4.80	0.19	1.37	3.63	2.31	2.40	1.51
24.00	7.50	7.50	6.67	6.30	0.00	0.00	3.03	0.01	0.01	5.39	4.44	3.58	2.04	2.34	2.57	2.40	1.50
25.00	7.50	7.50	6.30	6.30	0.00	0.02	4.43	2.73	0.05	1.95	4.46	3.91	1.95	0.00	0.58	2.26	1.41
26.00	7.50	7.50	0.08	5.26	0.00	0.68	3.56	1.07	0.04	4.04	1.04	0.54	1.75	1.21	0.94	0.40	0.08
27.00	7.50	7.50	2.30	6.26	0.00	0.26	1.45	0.46	0.12	5.41	1.86	2.07	1.07	1.26	0.00	2.37	2.12
28.00	7.49	7.49	6.29	5.26	0.00	0.55	5.29	0.07	2.59	2.66	3.44	2.24	0.87	1.05	0.81	2.39	1.04
29.00	7.50	7.50	6.90	4.04	0.00	0.00	6.01	0.00	0.00	1.37	4.79	1.57	0.04	3.34	3.24	2.40	1.48
30.00	7.50	7.50	4.15	1.85	0.00	0.95	4.86	0.65	0.41	5.41	3.90	3.79	1.73	1.58	3.03	1.99	1.37
31.00	7.50	7.50	5.15	3.09	0.00	0.78	3.93	0.31	0.97	3.27	3.98	4.04	1.45	1.84	1.95	1.58	1.25
32.00	7.50	7.50	5.69	6.30	0.00	1.48	3.80	2.03	0.00	0.49	4.36	4.63	0.74	3.59	2.78	2.74	1.46
33.00	7.50	7.50	6.64	6.25	0.00	0.12	5.76	0.00	1.05	2.40	4.60	0.46	1.79	1.60	2.98	2.40	1.42
34.00	7.50	7.50	6.77	6.30	0.00	0.20	3.52	0.27	0.07	1.77	2.18	1.68	2.90	3.03	1.95	2.40	1.51
35.00	7.50	7.50	6.30	4.15	0.00	1.92	6.01	0.54	0.16	4.77	2.99	4.24	0.54	1.92	0.29	1.47	1.39
36.00	7.50	7.50	6.87	6.17	0.00	1.28	5.99	0.06	2.14	4.98	2.64	2.78	0.86	1.46	1.45	2.30	1.54
37.00	7.49	7.49	3.49	6.12	0.00	2.30	5.53	2.36	1.25	1.48	3.85	0.04	0.00	0.00	0.00	2.28	0.29
38.00	7.50	7.50	3.44	6.22	0.00	0.07	4.05	1.12	0.00	6.35	1.25	3.82	0.00	1.37	0.00	2.40	0.61
39.00	7.50	7.50	1.65	6.29	0.00	0.65	5.17	1.75	0.87	5.38	1.87	4.06	1.25	0.60	3.25	2.40	1.12
40.00	7.50	7.50	5.62	6.06	0.00	0.09	5.86	1.74	0.24	5.42	1.18	1.47	0.00	2.46	2.94	2.37	2.11
41.00	7.50	7.50	2.33	5.89	0.00	0.54	3.59	0.49	0.26	2.17	2.36	1.63	2.43	2.03	1.92	1.39	1.10
42.00	7.50	7.50	4.10	5.99	0.00	0.51	5.56	0.09	0.97	3.30	1.46	1.94	1.71	2.51	1.66	3.13	1.26
43.00	7.50	7.50	6.35	6.30	0.00	1.47	3.04	0.81	0.00	5.41	3.97	0.93	0.35	0.78	2.89	2.31	1.71
44.00	7.50	7.50	4.03	2.97	0.00	1.17	5.03	2.38	2.24	2.99	1.25	1.93	0.49	0.45	2.70	1.40	0.53
45.00	7.50	7.50	0.00	6.29	0.00	0.07	5.49	0.48	2.14	5.41	3.16	3.99	0.00	1.11	2.90	2.13	1.41
46.00	7.49	7.49	6.14	6.31	0.00	0.77	4.02	0.01	4.36	2.98	3.80	1.75	0.00	0.01	0.52	1.81	1.33
47.00	7.50	7.50	5.61	6.30	0.00	0.00	3.43	0.24	1.63	2.18	3.01	1.12	1.42	0.00	0.33	1.55	1.51
48.00	7.50	7.50	3.84	5.44	0.00	0.00	4.86	1.31	0.06	5.41	2.87	4.20	0.86	3.12	1.42	1.68	1.27
49.00	7.50	7.50	1.22	5.95	0.00	0.14	5.48	0.01	0.72	4.63	4.51	1.67	1.85	2.08	0.00	2.37	1.22
50.00	7.50	7.50	4.42	6.30	0.00	0.24	5.86	1.97	0.49	2.20	4.71	3.70	1.30	0.85	3.50	2.34	1.17
51.00	7.50	7.50	3.10	1.92	0.00	0.00	5.63	1.88	0.00	2.70	4.77	1.86	0.00	3.42	2.89	2.16	1.50
52.00	7.50	7.50	6.29	4.27	0.00	0.55	5.44	0.14	2.90	5.84	3.64	3.76	2.54	0.16	1.46	2.36	1.47
53.00	7.50	7.50	4.36	3.58	0.00	1.19	4.84	2.13	0.79	2.08	3.98	3.06	0.00	3.37	1.01	2.26	1.28
54.00	7.50	7.50	6.06	6.17	0.00	1.88	4.58	0.99	2.77	0.44	4.35	2.84	0.60	0.49	0.11	1.78	1.47
55.00	7.49	7.49	5.09	6.21	0.00	0.16	5.37	0.00	2.92	2.08	2.90	2.91	1.44	2.52	1.06	1.50	1.51
56.00	7.50	7.50	3.27	6.30	0.00	1.10	4.55	0.00	1.75	3.69	2.48	0.14	1.13	3.50	1.61	1.44	1.48
57.00	7.50	7.50	5.57	6.31	0.00	1.64	3.57	0.00	2.08	0.49	3.09	1.54	1.39	3.30	0.00	1.87	0.98
58.00	7.50	7.50	2.89	6.29	0.00	2.04	5.99	1.94	1.46	1.71	3.36	1.30	0.38	3.49	1.39	2.27	1.20
59.00	7.50	7.50	4.65	4.63	0.00	0.94	5.41	4.11	1.21	2.14	0.92	2.33	0.00	1.38	0.27	1.54	1.22
60.00	7.50	7.50	2.70	6.25	0.00	2.41	5.94	5.02	1.66	1.04	3.70	2.44	0.00	1.31	0.00	1.83	0.44
61.00	7.50	7.50	2.56	5.12	0.00	1.60	4.56	0.15	0.34	2.37	2.40	1.60	1.85	0.54	0.95	2.41	0.66
62.00	7.50	7.50	2.18	6.29	0.00	5.12	5.97	0.49	1.66	3.11	1.32	0.51	0.05	1.07	3.26	2.24	1.47
63.00	7.50	7.50	4.11	5.77	0.00	0.97	4.32	2.48	0.00	0.26	4.43	2.48	0.86	0.00	1.65	2.45	1.46
64.00	7.49	7.49	4.38	4.98	0.00	1.51	4.65	0.51	3.72	4.99	3.37	2.27	0.88	1.97	2.20	0.82	1.24
65.00	7.50	7.50	4.86	5.33	0.00	1.65	2.50	0.00	0.48	3.80	3.39	0.52	0.75	0.64	0.07	3.17	1.30
66.00	7.50	7.50	4.98	6.50	0.00	0.00	2.90	0.69	1.73	4.09	2.87	0.52	2.81	0.53	0.00	2.40	0.58
67.00	7.50	7.50	2.78	1.50	0.00	0.37	4.73	0.00	0.00	5.46	1.64	1.33	1.02	0.05	0.91	1.79	1.13
68.00	7.50	7.50	6.63	6.30	0.00	0.00	5.98	0.00	1.17	1.63	4.30	2.11	2.53	0.14	2.14	2.39	1.37
69.00	7.50	7.50	5.38	6.30	0.00	0.29	1.42	2.04	0.31	3.85	2.17	1.12	0.31	2.59	0.29	2.25	1.17
70.00	7.50	7.50	4.51	6.30	0.00	0.40	2.63	0.75	0.79	4.84	2.26	3.37	1.37	1.51	1.54	2.50	1.83
71.00	7.50	7.50	2.01	5.33	0.00	0.00	2.23	0.45	0.12	4.52	0.99	1.27	1.21	0.00	0.00	1.42	1.51
72.00	7.50	7.50	4.43	6.28	0.00	1.17	5.23	0.08	1.22	5.39	3.59	0.87	2.23	1.83	2.48	3.13	1.50
73.00	7.49	7.49	0.78	6.11	0.00	0.01	3.80	0.00	0.82	1.51	1.95	2.30	1.11	1.24	2.70	2.36	1.17
74.00	7.50	7.50	1.18	6.03	0.00	3.19	5.73	4.17	0.00	5.20	1.08	0.18	3.01	0.42	3.01	2.16	1.50
75.00	7.50	7.50	4.57	6.34	0.00	1.10	5.15	0.39	3.10	2.18	2.48	1.95	1.97	0.73	1.66	2.26	1.42
76.00	7.50	7.50	4.46	5.52	0.00	1.59	3.98	0.97	0.00	3.71	1.84	3.14	3.00	1.84	0.22	1.18	1.47
77.00	7.50	7.50	3.92	5.53	0.00	0.01	1.92	2.32	0.00	5.33	2.06	0.93	0.24	2.72	0.21	3.32	1.15
78.00	7.50	7.50	6.69	6.30	0.00	0.00	6.01	3.20	0.55	1.53	2.16	0.02	1.04	0.38	3.18	0.69	1.37
79.00	7.50	7.50	1.83	4.19	0.00	1.78	3.57	0.01	1.19	2.41	2.01	0.71	0.65	0.08	0.33	3.20	1.13
10.2.1.2	7.64	8.40
10.2.1.3	7.64	21.83
10.1.1.13	1.20	84100.46
10.1.1.14	1.63	123703.83
10.1.1.3	4.26	43136.10
10.1.1.15	1.61	71030.49
10.1.1.4	5.59	11550.11
10.1.1.5	817.88	1498060.00
10.1.1.6	0.86	164922.21
10.1.1.7	4.59	24405.11
10.1.1.8	1.13	185963.17
10.1.1.9	1.07	137925.66
10.1.1.10	3.07	56390.57
10.1.1.11	3.00	35612.52
10.1.1.12	2.27	59836.85
10.1.1.16	2.13	29840.67
10.1.1.17	1.30	31487.30
