Waf: Entering directory `/home/synrg-sc1/Desktop/Jiaming/ns-3.29-mesh/build'
Waf: Leaving directory `/home/synrg-sc1/Desktop/Jiaming/ns-3.29-mesh/build'
Build commands will be stored in build/compile_commands.json
'build' finished successfully (4.825s)
CreateVariables () DONE !!!
Creating 10 APs 50.00 m apart.
CreateApNodes () DONE !!!
Creating 0 CLs 20.00 m away from each AP.
CreateClNodes () DONE !!!
CreateNodes () DONE !!!
CreateMeshDevices () DONE !!!
CreateWifiDevices () DONE !!!
CreateCsmaDevices () DONE !!!
CreateDevices () DONE !!!
InstallInternetStack () DONE !!!
Gateway is connect to AP 0
InstallApplications () DONE !!!
Starting simulation for 80.00 s ...
-------------------------------------------------
Time[s]	ap-0	ap-1	ap-2	ap-3	ap-4	ap-5	ap-6	ap-7	ap-8	ap-9
2.00	0.00	0.00	0.00	0.00	0.00	0.00	0.00	0.00	0.00	0.00
3.00	6.67	0.00	0.00	0.00	0.00	0.00	0.00	0.00	0.00	0.00
4.00	7.21	0.00	0.00	0.00	0.00	0.00	0.00	0.00	0.00	0.00
5.00	7.20	0.00	1.20	0.19	0.08	0.39	0.00	0.42	0.00	1.79
6.00	7.21	0.11	2.38	2.05	0.33	1.84	0.00	2.84	0.00	2.11
7.00	7.20	0.92	5.04	2.05	0.11	1.65	0.58	1.85	0.00	3.12
8.00	7.20	1.46	4.51	1.10	0.00	2.05	1.42	3.16	0.52	2.64
9.00	7.21	0.94	4.30	4.47	1.30	4.09	5.30	3.38	1.58	3.62
10.00	7.20	0.00	0.75	1.65	0.00	0.62	0.99	0.33	0.00	2.98
11.00	7.21	0.44	1.11	2.16	0.00	0.94	2.08	1.94	0.00	2.54
12.00	7.20	0.04	5.05	4.64	0.00	0.00	2.78	3.07	0.00	1.88
13.00	7.20	0.00	1.35	2.33	1.75	0.00	0.49	3.23	0.07	2.25
14.00	7.21	0.00	2.84	3.11	0.48	0.75	3.11	0.11	0.00	1.15
15.00	7.20	0.53	1.28	1.26	0.00	1.99	3.44	3.80	0.00	2.72
16.00	7.21	0.21	1.71	3.24	0.39	0.14	2.33	1.13	0.04	2.07
17.00	7.20	0.06	0.93	2.20	0.00	1.44	1.74	1.20	0.39	1.51
18.00	7.21	0.51	1.74	4.05	1.92	4.36	2.38	3.54	2.07	4.24
19.00	7.20	1.50	0.18	2.25	0.28	0.75	2.68	1.85	0.39	0.68
20.00	7.20	1.14	0.00	3.52	0.00	3.58	3.11	1.27	0.00	2.17
21.00	7.21	0.42	2.47	2.18	1.18	2.56	0.40	2.57	0.00	2.25
22.00	7.20	0.65	0.00	5.38	0.00	3.80	4.86	4.57	3.27	2.91
23.00	7.21	0.00	0.49	1.44	2.32	2.21	0.53	2.97	0.00	1.87
24.00	7.20	0.02	0.00	3.00	0.01	4.80	0.94	1.63	0.00	3.31
25.00	7.20	0.00	0.49	1.14	0.42	0.68	0.00	1.19	0.00	2.10
26.00	7.21	0.00	2.64	1.87	0.00	0.60	1.71	1.95	0.00	0.51
27.00	7.20	0.00	1.48	4.69	0.00	0.49	0.00	0.00	0.00	0.49
28.00	7.21	2.72	3.20	3.58	0.00	1.30	2.36	2.71	0.00	3.33
29.00	7.20	2.26	0.49	5.41	1.87	0.26	5.28	2.50	0.00	3.59
30.00	7.20	1.40	1.35	4.63	1.60	2.52	3.97	4.39	0.00	2.34
31.00	7.21	0.88	3.05	3.14	0.44	2.68	1.95	3.74	0.57	2.10
32.00	7.20	0.00	1.90	0.35	0.45	4.46	0.49	3.96	0.09	2.90
33.00	7.21	0.00	1.10	0.78	0.49	3.72	2.12	4.88	0.00	3.60
34.00	7.20	0.00	2.31	3.56	0.02	2.90	1.88	3.99	1.57	2.77
35.00	7.21	0.11	2.14	1.54	0.14	3.12	2.92	3.46	0.16	2.27
36.00	7.20	0.00	1.64	1.47	1.02	1.85	1.85	0.73	0.00	1.25
37.00	7.20	0.55	1.18	1.58	0.42	3.87	2.23	2.87	0.46	0.80
38.00	7.21	0.06	0.01	1.63	3.79	4.16	0.42	3.47	0.57	2.25
39.00	7.20	0.00	3.11	2.50	0.00	0.28	1.84	1.78	0.00	2.03
40.00	7.21	0.98	0.00	0.00	1.93	2.73	2.92	0.99	0.00	3.16
41.00	7.20	2.37	1.85	3.06	1.86	0.38	3.57	1.85	0.67	2.12
42.00	7.20	0.94	3.49	5.71	1.10	1.42	4.45	3.42	0.28	2.96
43.00	7.21	0.31	0.37	1.97	0.00	0.32	2.40	1.57	0.00	1.18
44.00	7.20	0.02	4.25	1.24	0.69	1.52	2.73	2.85	2.00	3.06
45.00	7.21	0.00	0.00	4.96	0.71	0.00	0.99	1.20	1.66	2.14
46.00	7.20	0.00	3.99	0.33	0.00	2.04	1.19	1.25	0.49	0.66
47.00	7.21	0.51	3.46	2.44	0.00	0.08	2.73	3.47	0.00	0.39
48.00	7.20	0.52	1.05	4.88	0.00	4.63	4.05	3.66	0.00	2.32
49.00	7.20	0.00	3.92	1.97	1.48	0.45	0.00	2.10	0.67	1.85
50.00	7.21	0.54	2.79	2.20	1.51	0.82	3.21	0.38	0.00	1.40
51.00	7.20	0.00	0.00	0.26	0.00	1.31	3.13	2.06	1.18	1.12
52.00	7.21	3.38	3.05	3.84	1.04	1.86	3.63	3.20	0.88	3.06
53.00	7.20	1.19	2.37	3.79	0.99	0.99	0.98	2.66	1.39	0.35
54.00	7.20	0.51	4.37	1.94	0.32	1.77	0.84	1.58	0.00	3.65
55.00	7.21	0.00	2.59	2.76	0.06	1.90	1.13	1.98	0.00	1.38
56.00	7.20	0.00	1.78	2.68	0.00	1.41	1.32	2.66	0.00	0.29
57.00	7.21	0.00	1.24	2.93	0.00	1.85	0.00	2.37	0.04	0.91
58.00	7.20	0.18	3.52	3.45	0.99	1.44	3.12	2.40	0.00	1.95
59.00	7.20	0.00	0.60	3.66	0.00	2.11	1.12	0.67	0.00	0.89
60.00	7.21	1.27	0.42	0.39	0.98	1.57	2.79	1.14	1.07	2.06
61.00	7.20	1.57	1.70	2.08	0.00	2.70	4.60	4.02	0.04	2.52
62.00	7.21	0.00	0.98	4.13	0.00	0.00	3.93	1.00	0.24	0.42
63.00	7.20	1.01	0.55	3.62	0.67	1.02	1.79	3.73	0.42	2.43
64.00	7.21	0.71	2.57	1.71	0.24	2.32	2.73	2.14	1.32	2.26
65.00	7.20	0.75	3.03	3.27	1.39	0.93	1.88	2.66	0.00	2.31
66.00	7.20	0.49	2.47	3.67	2.16	2.48	1.30	3.31	0.00	0.85
67.00	7.21	0.00	1.22	2.17	1.24	3.93	2.33	1.87	0.97	0.16
68.00	7.20	0.00	2.46	3.53	0.00	3.60	3.98	4.27	0.79	0.61
69.00	7.21	0.00	2.56	0.85	1.54	2.54	1.85	4.02	0.01	0.15
70.00	7.20	0.00	1.94	2.64	0.00	2.33	2.38	4.06	0.00	1.68
71.00	7.20	0.00	3.01	1.06	0.00	2.85	1.79	3.50	0.00	2.85
72.00	7.21	0.11	1.04	4.82	0.44	2.13	0.15	3.76	0.00	3.10
73.00	7.20	0.04	0.84	3.43	1.33	3.37	2.44	3.51	0.78	2.91
74.00	7.21	0.00	1.70	3.39	0.49	0.73	2.18	3.19	0.00	2.85
75.00	7.20	0.00	0.86	2.56	0.00	2.06	3.73	4.44	0.00	2.98
76.00	7.20	0.15	3.01	1.60	0.26	4.56	1.60	3.39	0.08	2.67
77.00	7.21	0.00	1.14	5.15	2.96	0.75	0.00	2.45	1.78	2.78
78.00	7.20	0.00	2.98	1.92	0.00	0.72	3.04	3.10	0.02	0.81
79.00	7.21	1.39	2.13	4.02	0.22	1.35	2.99	4.22	0.00	3.63
10.2.1.2	7.34	8.42
10.1.1.3	1.99	113699.53
10.1.1.4	2.75	52837.64
10.1.1.9	0.43	72691.76
10.1.1.10	2.12	38081.40
10.1.1.8	2.65	39524.20
10.1.1.2	0.52	120086.24
10.1.1.5	0.65	136883.02
10.1.1.6	1.93	72533.74
10.1.1.7	2.22	90125.37
