Waf: Entering directory `/home/synrg-sc1/Desktop/Jiaming/ns-3.29-mesh/build'
Waf: Leaving directory `/home/synrg-sc1/Desktop/Jiaming/ns-3.29-mesh/build'
Build commands will be stored in build/compile_commands.json
'build' finished successfully (4.725s)
CreateVariables () DONE !!!
Creating 18 APs 50.00 m apart.
CreateApNodes () DONE !!!
Creating 0 CLs 20.00 m away from each AP.
CreateClNodes () DONE !!!
CreateNodes () DONE !!!
CreateMeshDevices () DONE !!!
CreateWifiDevices () DONE !!!
CreateCsmaDevices () DONE !!!
CreateDevices () DONE !!!
InstallInternetStack () DONE !!!
Gateway is connect to AP 0
InstallApplications () DONE !!!
Starting simulation for 80.00 s ...
-------------------------------------------------
Time[s]	ap-0	ap-1	ap-2	ap-3	ap-4	ap-5	ap-6	ap-7	ap-8	ap-9	ap-10	ap-11	ap-12	ap-13	ap-14	ap-15	ap-16	ap-17
2.00	0.00	0.00	0.00	0.00	0.00	0.00	0.00	0.00	0.00	0.00	0.00	0.00	0.00	0.00	0.00	0.00	0.00	0.00
3.00	7.95	0.00	0.00	0.00	0.00	0.00	0.00	0.00	0.00	0.00	0.00	0.00	0.00	0.00	0.00	0.00	0.00	0.00
4.00	8.70	0.00	0.00	0.00	0.00	0.00	0.00	0.00	0.00	0.00	0.00	0.00	0.00	0.00	0.00	0.00	0.00	0.00
5.00	8.70	1.87	3.59	0.00	1.28	1.32	0.00	2.01	0.00	0.00	2.52	1.46	0.00	1.66	3.27	1.65	2.87	2.14
6.00	8.69	3.72	3.51	3.78	0.25	1.39	0.00	1.24	3.98	1.02	1.50	3.30	2.26	1.30	1.21	0.78	3.47	2.70
7.00	8.70	2.86	3.32	3.84	0.08	1.52	0.38	0.41	2.39	4.02	2.60	3.18	3.10	1.64	1.97	0.41	1.12	1.65
8.00	8.70	1.77	5.24	1.32	0.48	0.58	0.04	0.51	1.54	2.16	1.65	1.81	0.52	1.25	1.17	0.66	2.36	1.22
9.00	8.70	3.82	5.30	4.39	0.04	1.48	1.32	0.45	2.04	2.16	0.02	1.51	2.52	3.34	2.36	0.00	1.57	0.58
10.00	8.70	1.71	2.44	4.18	1.87	0.00	0.81	1.37	1.88	3.21	0.00	2.77	4.24	2.40	2.79	1.78	0.94	1.75
11.00	8.69	2.74	4.82	1.37	0.32	1.54	0.60	1.91	2.65	0.00	0.34	4.51	3.24	2.20	3.17	0.00	0.94	2.68
12.00	8.70	2.70	5.99	2.33	2.40	1.33	3.01	0.85	1.87	5.43	1.63	2.59	1.39	2.71	0.64	1.19	1.67	2.71
13.00	8.70	1.47	5.58	3.21	1.55	0.40	0.08	2.67	0.66	2.64	0.47	3.50	2.48	1.72	0.22	1.77	2.67	2.70
14.00	8.70	2.45	4.40	1.10	3.43	1.65	0.25	2.00	1.17	2.12	1.01	2.76	2.17	3.05	1.81	0.97	1.53	1.55
15.00	8.70	3.62	3.64	1.05	1.53	0.00	0.37	0.31	0.98	0.00	0.33	2.00	0.74	2.77	2.38	0.28	1.86	1.53
16.00	8.69	1.75	5.89	2.59	0.00	1.59	0.58	1.71	5.12	1.92	0.68	3.94	0.81	2.27	0.91	0.00	3.20	0.86
17.00	8.70	0.78	5.08	0.69	2.24	0.71	2.68	1.61	2.39	2.08	0.40	3.64	3.03	0.87	2.77	0.00	3.25	2.91
18.00	8.70	0.77	2.14	1.52	0.80	0.00	0.94	0.35	3.19	2.27	1.21	2.77	2.27	1.17	3.17	0.00	2.79	2.79
19.00	8.70	2.60	4.58	4.15	2.06	1.04	0.27	0.05	1.52	4.49	1.31	3.83	2.70	3.90	2.57	0.59	2.23	2.70
20.00	8.70	1.55	5.11	3.45	1.04	0.00	0.31	0.00	2.13	2.03	1.40	4.50	1.63	3.90	2.08	0.06	2.93	2.13
21.00	8.69	1.53	3.73	2.00	0.29	1.19	0.00	0.07	0.87	3.01	0.80	2.00	1.73	2.06	1.02	0.58	2.76	1.38
22.00	8.70	1.46	4.63	3.79	2.31	3.34	0.25	0.92	0.00	0.94	2.23	3.27	0.24	0.59	1.94	1.04	2.63	2.52
23.00	8.70	1.61	4.46	4.40	0.05	1.30	0.00	0.89	2.20	4.49	1.95	3.80	1.97	2.37	1.34	0.05	0.87	2.23
24.00	8.70	1.97	6.02	5.24	0.00	2.36	0.00	1.18	1.51	4.72	0.47	1.27	2.86	3.78	2.93	0.02	2.79	2.44
25.00	8.69	3.40	4.12	4.19	1.80	0.00	0.00	0.58	2.27	1.87	0.13	0.94	3.71	1.39	3.56	0.22	3.50	0.47
26.00	8.70	0.88	4.69	4.06	0.68	1.51	1.35	1.21	1.60	1.05	0.31	2.38	4.03	2.54	2.50	1.39	1.53	1.10
27.00	8.70	1.41	5.26	0.74	0.44	0.00	0.00	0.78	2.99	1.21	1.74	2.93	2.41	2.63	3.32	0.02	2.83	1.59
28.00	8.70	0.67	4.77	2.33	2.27	3.74	2.17	1.12	1.52	1.55	0.52	3.93	3.50	3.13	3.32	1.12	3.12	1.80
29.00	8.70	0.82	4.77	1.64	1.32	0.06	1.25	0.04	2.04	1.86	0.11	3.33	2.57	3.14	1.57	0.21	1.24	2.56
30.00	8.69	1.50	6.59	3.91	0.22	0.07	1.02	0.00	2.00	2.71	1.91	4.29	4.19	3.89	3.60	0.91	3.17	2.51
31.00	8.70	0.68	4.64	2.14	0.15	0.20	0.00	1.54	1.88	1.77	1.42	1.99	1.10	2.12	1.32	0.00	1.15	2.28
32.00	8.70	2.81	1.90	5.24	0.93	1.74	1.20	0.58	1.17	3.98	0.48	4.15	3.98	3.58	2.24	0.61	1.46	0.89
33.00	8.70	2.31	2.60	1.68	1.21	0.00	0.95	0.27	2.48	1.84	0.49	3.03	2.41	0.34	3.27	0.49	3.56	0.75
34.00	8.70	0.00	6.21	0.72	0.00	1.41	0.02	0.58	2.72	0.42	1.57	4.36	3.77	3.76	0.46	0.01	2.84	2.46
35.00	8.69	1.25	4.03	0.47	1.21	0.29	0.87	0.42	2.19	1.67	0.60	2.46	2.10	3.29	3.37	0.27	0.49	1.88
36.00	8.70	0.00	6.31	4.02	2.03	3.18	0.00	0.94	4.69	0.94	0.00	4.47	1.53	2.46	0.05	1.84	0.02	2.12
37.00	8.70	0.86	5.49	2.26	0.54	1.73	1.21	0.47	1.34	2.19	1.21	4.07	1.05	1.26	1.10	0.37	1.52	1.35
38.00	8.70	0.99	6.10	0.00	2.28	0.88	1.27	1.50	5.83	2.39	0.82	2.74	3.37	2.63	2.61	0.00	2.99	2.57
39.00	8.70	0.49	6.34	1.13	2.43	0.99	1.18	0.81	4.06	0.99	0.88	1.70	2.91	3.52	2.18	0.64	2.63	1.30
40.00	8.69	2.67	6.50	5.25	2.61	1.83	2.21	0.53	1.47	0.99	0.51	4.38	0.54	3.87	1.65	0.01	1.73	3.20
41.00	8.70	0.65	5.20	2.18	0.38	1.26	0.00	0.00	3.85	1.26	1.20	2.57	3.87	1.78	0.47	0.11	1.87	1.48
42.00	8.70	3.54	6.56	4.60	1.98	1.98	1.46	0.11	4.06	1.83	1.38	3.99	0.75	3.65	2.27	0.08	0.84	1.97
43.00	8.70	0.89	5.97	2.14	0.16	0.99	1.90	1.26	1.27	4.73	0.00	4.49	0.19	1.24	1.20	0.00	0.45	2.24
44.00	8.70	0.82	5.68	0.00	1.47	0.93	0.04	1.81	1.08	2.87	1.71	4.51	1.79	3.84	0.00	0.00	0.00	1.88
45.00	8.69	0.26	5.11	4.51	0.81	0.37	0.79	0.45	4.78	3.53	1.17	1.30	4.25	1.77	3.14	0.00	1.72	2.12
46.00	8.70	0.49	4.25	2.16	0.65	0.04	2.21	0.95	4.97	4.24	1.10	1.80	3.83	3.69	2.21	0.46	3.37	2.54
47.00	8.70	1.18	5.43	2.45	2.06	0.00	0.51	2.03	2.81	1.87	1.63	1.61	1.55	3.18	2.20	0.05	2.11	2.38
48.00	8.70	1.38	5.10	0.27	0.00	0.00	0.68	0.91	5.39	2.58	1.22	3.42	1.73	1.59	1.77	0.69	2.84	2.27
49.00	8.69	3.40	1.77	3.51	0.71	1.59	1.28	0.00	3.87	0.09	2.17	2.77	1.64	1.01	2.12	0.86	0.61	0.75
50.00	8.70	2.05	6.23	2.51	2.90	0.95	0.84	3.38	3.69	3.67	0.39	3.72	2.36	1.90	1.86	0.00	0.99	1.13
51.00	8.70	1.64	3.50	2.68	1.40	1.14	1.20	1.50	3.06	0.87	0.22	3.53	1.84	2.20	2.05	1.35	0.97	0.99
52.00	8.70	4.05	5.35	0.89	0.08	2.30	0.06	0.57	1.73	3.06	0.14	4.32	3.47	2.80	1.19	0.45	3.58	1.31
53.00	8.70	1.26	5.58	0.38	1.02	2.43	0.07	0.49	4.76	2.61	0.37	4.43	3.72	1.41	2.68	0.18	2.25	2.59
54.00	8.69	1.72	6.23	1.48	0.79	1.64	0.00	2.97	4.47	4.00	0.15	1.48	0.85	3.59	3.54	0.02	3.14	2.70
55.00	8.70	1.60	4.46	2.47	2.05	0.14	0.07	1.10	2.38	3.72	0.85	3.93	2.47	1.24	1.86	0.47	2.68	2.58
56.00	8.70	2.51	5.91	2.52	2.31	0.00	0.00	0.49	2.36	5.38	0.97	2.25	0.48	4.26	1.93	1.46	3.51	2.57
57.00	8.70	3.29	1.90	3.07	2.65	0.99	2.89	1.40	3.32	1.45	1.20	2.19	0.97	2.33	1.83	1.19	1.61	2.59
58.00	8.70	7.64	6.51	5.48	0.62	1.95	0.00	1.86	2.70	1.27	0.82	3.92	1.81	3.54	0.61	0.00	1.68	1.33
59.00	8.69	4.49	4.59	0.47	1.40	0.48	0.62	0.47	1.99	3.26	0.61	3.01	2.48	2.17	2.34	0.05	2.14	2.70
60.00	8.70	0.27	3.70	5.89	0.44	0.68	1.52	1.48	4.13	0.53	1.97	2.91	2.52	2.36	2.63	0.00	3.01	2.65
61.00	8.70	1.26	5.30	0.44	1.31	2.00	0.25	0.99	4.36	1.20	0.52	3.70	1.46	1.94	2.59	0.00	2.39	2.61
62.00	8.70	4.57	6.55	3.26	1.10	2.76	0.00	1.51	1.78	4.11	1.21	3.91	2.57	3.90	3.42	1.59	1.22	2.71
63.00	8.70	1.65	3.53	3.47	1.71	2.73	0.99	1.81	0.16	2.97	0.04	3.39	2.51	2.97	3.00	0.04	2.61	2.59
64.00	8.69	0.00	3.38	0.34	3.31	0.00	0.99	0.49	3.12	2.32	1.01	4.33	2.80	2.97	3.16	1.13	2.51	2.39
65.00	8.70	0.75	4.58	1.79	1.27	0.00	0.02	0.57	2.63	3.71	0.81	3.45	1.35	3.54	1.46	0.11	0.89	1.88
66.00	8.70	2.59	4.35	0.00	1.33	1.28	1.26	1.44	4.18	1.85	2.17	1.27	0.88	3.90	2.43	0.00	0.07	0.77
67.00	8.70	1.55	2.57	3.42	0.66	0.00	0.01	2.87	3.40	0.99	0.00	4.46	2.08	3.37	1.39	0.00	1.07	2.23
68.00	8.69	1.21	5.28	5.03	0.71	4.30	0.79	0.46	5.73	0.00	1.42	4.37	1.94	1.19	0.00	1.73	0.52	1.37
69.00	8.70	0.00	3.25	0.47	1.01	1.53	0.65	0.91	4.15	3.62	0.00	4.51	3.97	1.02	3.27	0.25	2.21	2.40
70.00	8.70	2.36	2.03	1.93	0.99	0.49	1.32	0.97	3.13	1.80	0.49	4.15	3.29	3.39	1.73	0.32	1.06	2.57
71.00	8.70	3.49	1.73	1.73	2.31	1.25	0.87	0.52	3.50	3.33	0.72	2.74	3.24	1.83	1.63	0.00	1.04	2.54
72.00	8.70	0.84	1.24	0.65	0.05	2.06	0.49	0.72	2.67	4.62	1.92	3.80	4.19	1.39	0.81	0.00	3.32	2.53
73.00	8.69	1.41	6.06	0.49	0.66	0.82	1.11	2.06	2.77	3.14	2.84	3.64	1.52	2.84	2.77	0.00	0.91	2.16
74.00	8.70	4.72	5.68	1.85	0.42	0.18	0.39	2.77	4.98	4.76	1.94	3.16	0.98	3.27	3.09	0.00	0.00	2.57
75.00	8.70	1.47	6.58	2.31	1.33	0.49	0.59	1.24	1.88	2.06	1.24	3.47	3.64	1.39	3.00	1.77	2.10	1.52
76.00	8.70	4.03	3.99	0.81	0.29	1.17	0.91	1.39	3.59	2.98	0.73	3.98	2.84	1.91	1.07	0.01	1.45	2.32
77.00	8.70	0.00	4.44	1.02	0.00	2.30	1.27	1.18	3.56	3.62	0.85	3.93	4.10	2.01	2.19	0.00	2.05	2.66
78.00	8.69	1.25	6.59	1.19	0.00	1.85	1.15	0.02	5.70	1.10	0.00	4.44	4.07	1.30	2.76	1.90	3.38	2.59
79.00	8.70	0.49	2.50	0.00	0.41	0.00	0.75	1.06	4.32	0.84	3.16	2.90	3.31	0.37	0.98	1.71	1.98	1.78
10.2.1.2	8.87	8.81
10.1.1.5	1.18	173784.74
10.1.1.12	3.29	25937.90
10.1.1.2	1.93	185486.30
10.1.1.6	1.16	157048.02
10.1.1.13	2.44	46764.52
10.1.1.8	1.07	189665.01
10.1.1.18	2.08	43736.01
10.1.1.3	4.77	25197.68
10.1.1.14	2.47	62065.49
10.1.1.9	2.91	78435.07
10.1.1.4	2.41	73127.55
10.1.1.10	2.47	120200.50
10.1.1.11	1.04	148558.26
10.1.1.15	2.11	57246.85
10.1.1.16	0.53	191782.55
10.1.1.17	2.01	47317.04
10.1.1.7	0.82	165271.44
