Waf: Entering directory `/home/synrg-sc1/Desktop/Jiaming/ns-3.29-mesh/build'
Waf: Leaving directory `/home/synrg-sc1/Desktop/Jiaming/ns-3.29-mesh/build'
Build commands will be stored in build/compile_commands.json
'build' finished successfully (5.346s)
CreateVariables () DONE !!!
Creating 14 APs 50.00 m apart.
CreateApNodes () DONE !!!
Creating 0 CLs 20.00 m away from each AP.
CreateClNodes () DONE !!!
CreateNodes () DONE !!!
CreateMeshDevices () DONE !!!
CreateWifiDevices () DONE !!!
CreateCsmaDevices () DONE !!!
CreateDevices () DONE !!!
InstallMeshInternetStack () DONE !!!
InstallWifiInternetStack () DONE !!!
InstallCsmaInternetStack () DONE !!!
InstallInternetStack () DONE !!!
Gateway is connect to AP 0
InstallApplications () DONE !!!
Starting simulation for 40.00 s ...
-------------------------------------------------
Time[s]	ap-0	ap-1	ap-2	ap-3	ap-4	ap-5	ap-6	ap-7	ap-8	ap-9	ap-10	ap-11	ap-12	ap-13
2.00	0.00	0.00	0.00	0.00	0.00	0.00	0.00	0.00	0.00	0.00	0.00	0.00	0.00	0.00
3.00	4.40	4.18	0.00	0.00	0.00	0.00	0.00	0.00	0.00	0.00	0.00	0.00	0.00	0.00
4.00	6.87	6.58	0.00	0.00	0.00	0.00	0.00	0.00	0.00	0.00	0.00	0.00	0.00	0.00
5.00	6.86	6.58	3.09	0.00	0.03	0.00	0.00	2.44	0.00	0.00	0.00	0.31	0.00	0.03
6.00	6.87	6.58	6.01	0.00	2.25	0.00	0.00	5.14	0.00	0.00	0.00	2.21	0.00	1.25
7.00	6.86	6.58	6.01	0.00	1.64	0.00	0.00	5.15	0.00	0.00	0.00	4.00	0.00	1.83
8.00	6.86	6.58	6.01	0.00	3.74	0.00	0.00	3.21	0.00	0.00	0.00	3.72	0.00	1.07
9.00	6.87	6.58	6.01	0.00	5.44	0.00	0.00	5.15	0.00	0.00	0.00	4.01	0.00	4.50
10.00	6.86	6.58	6.01	0.00	5.44	0.00	0.00	5.14	0.00	0.00	0.00	4.00	0.00	3.44
11.00	6.87	6.58	6.01	0.00	5.44	0.00	0.00	5.15	0.00	0.00	0.00	4.01	0.00	3.43
12.00	6.86	6.58	6.01	0.00	5.44	0.00	0.00	5.15	0.00	0.00	0.00	4.01	0.00	3.44
13.00	6.86	6.58	6.00	0.00	3.41	0.00	0.00	5.14	0.00	0.00	0.00	4.00	0.00	2.19
14.00	6.87	6.58	6.01	0.00	4.10	0.00	0.00	5.15	0.00	0.00	0.00	4.01	0.00	0.00
15.00	6.86	6.58	6.01	0.00	5.44	0.00	0.00	5.14	0.00	0.00	0.00	4.01	0.00	0.00
16.00	6.87	6.58	6.01	0.00	5.44	0.00	0.00	5.15	0.00	0.00	0.00	4.00	0.00	0.00
17.00	6.86	6.57	6.01	0.00	5.44	0.00	0.00	5.14	0.00	0.00	0.00	4.01	0.00	0.00
18.00	6.87	6.58	6.01	0.00	5.22	0.00	0.00	5.13	0.00	0.00	0.00	4.00	0.00	0.01
19.00	6.86	6.58	6.01	0.00	3.50	0.00	0.00	5.14	0.00	0.00	0.00	4.00	0.00	0.00
20.00	6.86	6.58	6.01	0.00	3.73	0.00	0.00	5.15	0.00	0.00	0.00	4.00	0.00	0.02
21.00	6.87	6.58	6.01	0.00	6.50	0.00	0.00	5.15	0.00	0.00	0.00	4.01	0.00	3.48
22.00	6.86	6.58	6.01	0.00	5.44	0.00	0.00	5.14	0.00	0.00	0.00	4.01	0.00	3.44
23.00	6.87	6.58	6.01	0.00	5.44	0.00	0.00	5.15	0.00	0.00	0.00	4.00	0.00	3.44
24.00	6.86	6.58	6.01	0.00	5.44	0.00	0.00	5.14	0.00	0.00	0.00	4.01	0.00	3.44
25.00	6.86	6.58	6.01	0.00	4.49	0.00	0.00	5.15	0.00	0.00	0.00	4.00	0.00	2.70
26.00	6.87	6.58	6.01	0.00	0.97	0.00	0.00	5.14	0.00	0.00	0.00	4.01	0.00	2.50
27.00	6.86	6.58	6.01	0.00	1.12	0.00	0.00	5.15	0.00	0.00	0.00	4.01	0.00	3.44
28.00	6.87	6.58	6.01	0.00	2.65	0.00	0.00	5.15	0.00	0.00	0.00	4.00	0.00	3.43
29.00	6.86	6.58	6.01	0.00	5.44	0.00	0.00	5.14	0.00	0.00	0.00	4.01	0.00	3.44
30.00	6.86	6.58	6.01	0.00	5.44	0.00	0.00	5.15	0.00	0.00	0.00	4.01	0.00	3.44
31.00	6.87	6.58	6.01	0.00	3.96	0.00	0.00	5.14	0.00	0.00	0.00	4.00	0.00	0.40
32.00	6.86	6.58	6.01	0.00	5.44	0.00	0.00	5.15	0.00	0.00	0.00	4.00	0.00	0.38
33.00	6.87	6.58	6.01	0.00	3.09	0.00	0.00	1.90	0.00	0.00	0.00	4.01	0.00	2.58
34.00	6.86	6.57	6.01	0.00	2.63	0.00	0.00	5.49	0.00	0.00	0.00	4.01	0.00	3.22
35.00	6.87	6.58	6.01	0.00	5.44	0.00	0.00	5.14	0.00	0.00	0.00	4.01	0.00	2.21
36.00	6.86	6.58	6.00	0.00	5.45	0.00	0.00	5.15	0.00	0.00	0.00	4.00	0.00	2.68
37.00	6.86	6.58	6.01	0.00	5.42	0.00	0.00	5.14	0.00	0.00	0.00	4.01	0.00	2.67
38.00	6.87	6.58	6.01	0.00	5.45	0.00	0.00	5.14	0.00	0.00	0.00	4.01	0.00	4.50
39.00	6.86	6.58	6.01	0.00	1.85	0.00	0.00	5.15	0.00	0.00	0.00	4.00	0.00	3.44
10.2.1.2	7165.69	8.50
10.2.1.3	6867.48	8.87
10.1.1.3	6261.27	998.24
10.1.1.11	0	0
10.1.1.12	4045.61	2495.07
10.1.1.13	0	0
10.1.1.4	0	0
10.1.1.5	4528.57	22654.18
10.1.1.6	0	0
10.1.1.14	2330.12	77328.28
10.1.1.10	0	0
10.1.1.7	0	0
10.1.1.8	5217.97	5164.89
10.1.1.9	0	0
