Waf: Entering directory `/home/synrg-sc1/Desktop/Jiaming/ns-3.29-mesh/build'
Waf: Leaving directory `/home/synrg-sc1/Desktop/Jiaming/ns-3.29-mesh/build'
Build commands will be stored in build/compile_commands.json
'build' finished successfully (4.711s)
CreateVariables () DONE !!!
Creating 12 APs 50.00 m apart.
CreateApNodes () DONE !!!
Creating 0 CLs 20.00 m away from each AP.
CreateClNodes () DONE !!!
CreateNodes () DONE !!!
CreateMeshDevices () DONE !!!
CreateWifiDevices () DONE !!!
CreateCsmaDevices () DONE !!!
CreateDevices () DONE !!!
InstallInternetStack () DONE !!!
Gateway is connect to AP 0
InstallApplications () DONE !!!
Starting simulation for 80.00 s ...
-------------------------------------------------
Time[s]	ap-0	ap-1	ap-2	ap-3	ap-4	ap-5	ap-6	ap-7	ap-8	ap-9	ap-10	ap-11
2.00	0.00	0.00	0.00	0.00	0.00	0.00	0.00	0.00	0.00	0.00	0.00	0.00
3.00	8.48	6.30	0.00	0.00	0.00	0.00	0.00	0.00	0.00	0.00	0.00	0.00
4.00	9.30	6.90	0.00	0.00	0.00	0.00	0.00	0.00	0.00	0.00	0.00	0.00
5.00	9.29	6.90	3.80	3.79	3.31	2.17	4.43	3.49	2.17	1.79	0.45	1.63
6.00	9.30	6.90	3.64	0.48	1.53	3.50	2.25	1.13	0.85	1.55	0.20	1.31
7.00	9.30	6.90	0.60	1.80	3.62	0.54	4.62	0.46	0.81	1.22	1.08	1.19
8.00	9.30	6.90	4.09	1.15	5.70	5.72	5.39	3.43	1.26	4.73	0.67	2.20
9.00	9.29	6.90	3.14	0.60	5.15	2.80	4.39	1.99	0.31	1.50	1.79	1.68
10.00	9.30	6.90	0.91	0.14	2.84	4.82	3.54	2.24	0.72	0.88	0.20	2.90
11.00	9.30	6.90	3.00	1.19	2.36	2.11	2.84	1.10	1.24	0.00	0.48	0.93
12.00	9.30	6.90	1.81	2.92	2.10	1.79	5.13	1.74	0.95	2.59	0.84	3.20
13.00	9.29	6.90	4.00	0.00	0.25	3.70	3.99	4.56	0.32	3.43	0.42	1.55
14.00	9.30	6.90	5.59	0.00	0.00	4.69	5.28	0.00	0.00	4.77	0.26	2.26
15.00	9.30	6.90	2.74	2.10	2.05	2.70	3.34	2.97	1.35	1.34	1.12	1.71
16.00	9.30	6.90	1.00	0.33	2.36	2.67	1.86	0.13	0.00	1.47	0.00	0.29
17.00	9.29	6.89	3.39	0.28	5.85	5.48	4.64	3.92	0.32	2.40	1.85	1.91
18.00	9.30	6.90	5.50	0.81	1.81	5.52	5.39	0.05	3.27	4.58	3.23	3.27
19.00	9.30	6.90	1.04	0.02	5.22	4.90	2.50	4.52	3.38	4.40	0.87	2.61
20.00	9.30	6.90	1.04	1.63	5.37	5.69	4.95	4.64	4.12	4.55	2.25	2.26
21.00	9.29	6.90	4.82	0.00	2.08	3.21	1.20	0.02	0.75	0.02	0.05	0.89
22.00	9.30	6.90	2.01	3.37	5.88	5.70	3.64	0.00	2.24	0.00	0.00	1.48
23.00	9.30	6.90	0.00	2.52	5.68	5.70	5.31	0.54	0.12	0.00	0.00	2.99
24.00	9.30	6.90	0.00	0.55	5.70	5.70	1.48	2.13	0.95	0.00	0.00	3.97
25.00	9.29	6.90	0.00	0.74	5.70	5.70	5.41	4.90	5.10	0.00	0.00	3.00
26.00	9.30	6.90	0.64	0.00	4.25	4.88	3.72	2.24	3.93	0.00	0.00	2.86
27.00	9.30	6.90	5.25	1.45	3.36	4.40	2.98	3.06	3.65	0.00	0.00	2.79
28.00	9.30	6.90	2.87	1.57	5.66	5.71	3.93	3.56	1.24	0.00	0.61	3.00
29.00	9.29	6.90	1.02	2.32	2.12	2.68	3.87	0.88	1.19	1.31	0.00	0.99
30.00	9.30	6.90	3.06	0.22	2.40	2.54	1.51	1.01	0.11	1.66	0.49	1.14
31.00	9.30	6.90	5.19	0.98	4.05	3.67	3.42	3.46	0.53	3.96	0.00	0.42
32.00	9.30	6.90	4.09	0.01	5.29	3.53	1.25	2.41	0.49	1.20	0.51	3.46
33.00	9.29	6.90	3.12	0.46	3.23	3.92	3.27	0.94	0.13	2.04	0.29	1.17
34.00	9.30	6.89	4.37	0.48	4.68	4.25	2.84	1.18	0.16	0.66	0.09	2.51
35.00	9.30	6.90	1.86	2.40	3.29	1.59	1.90	0.20	0.07	0.00	0.00	0.33
36.00	9.29	6.90	5.41	0.49	5.39	6.47	3.33	4.30	0.01	1.37	0.00	0.38
37.00	9.30	6.90	5.16	0.00	5.70	5.64	2.72	5.31	1.25	2.17	0.04	2.19
38.00	9.30	6.90	3.82	0.00	5.70	4.78	5.39	4.58	0.75	4.04	2.32	2.50
39.00	9.30	6.90	0.00	0.00	5.68	5.68	5.39	2.46	1.32	4.56	3.60	2.83
40.00	9.29	6.90	0.00	0.01	5.72	5.70	5.41	5.41	3.99	4.80	3.60	3.01
41.00	9.30	6.90	2.34	3.14	5.38	5.64	4.17	1.93	2.07	3.37	0.99	2.57
42.00	9.30	6.90	1.75	0.55	5.69	4.20	2.64	1.04	0.04	2.47	0.52	1.59
43.00	9.30	6.90	3.67	0.00	3.45	3.33	1.30	1.10	2.52	2.08	0.72	2.44
44.00	9.29	6.90	5.71	0.01	5.69	5.70	5.39	5.39	0.00	4.80	1.94	3.00
45.00	9.30	6.90	0.74	0.00	2.59	3.51	3.67	0.45	0.14	1.68	0.01	1.80
46.00	9.30	6.90	2.89	0.34	2.47	1.70	1.27	0.41	0.00	0.12	0.59	1.07
47.00	9.30	6.90	3.37	0.64	3.40	4.71	0.80	0.77	0.33	0.64	0.07	1.20
48.00	9.29	6.90	1.57	3.90	5.69	4.30	2.70	1.04	2.94	0.07	0.22	2.56
49.00	9.30	6.90	1.61	1.65	3.14	3.18	3.24	0.00	1.74	1.75	0.74	1.54
50.00	9.30	6.89	2.97	0.07	1.73	3.74	0.59	0.01	0.08	0.16	0.01	1.72
51.00	9.30	6.90	0.58	0.67	4.07	2.51	1.68	0.99	0.37	0.54	0.06	1.30
52.00	9.29	6.90	3.03	0.00	5.84	3.29	5.36	0.00	1.78	2.52	1.01	2.20
53.00	9.30	6.90	1.59	0.51	5.37	4.75	5.32	1.92	2.23	4.43	1.22	1.44
54.00	9.30	6.90	2.74	0.00	5.70	3.44	5.39	4.40	0.79	1.50	0.00	2.56
55.00	9.30	6.90	5.55	1.18	5.38	5.65	5.10	2.61	1.97	1.34	0.20	2.98
56.00	9.29	6.90	5.70	1.41	5.70	5.71	5.41	1.18	4.59	2.10	1.81	2.97
57.00	9.30	6.90	3.31	0.49	3.10	4.66	2.40	0.24	1.28	2.50	1.06	1.94
58.00	9.30	6.90	5.66	0.05	5.99	5.61	1.45	0.69	1.92	3.32	2.60	2.81
59.00	9.30	6.90	1.13	0.80	5.70	5.61	5.20	2.63	0.84	0.60	0.74	0.67
60.00	9.29	6.90	3.36	5.63	5.68	5.70	5.39	4.98	0.16	3.13	1.68	2.80
61.00	9.30	6.90	2.27	0.04	5.72	4.77	5.41	2.10	0.44	1.88	0.88	1.41
62.00	9.30	6.90	4.02	0.00	3.93	3.56	3.99	0.40	1.73	0.00	0.02	0.75
63.00	9.30	6.90	0.24	0.00	5.72	3.23	2.81	2.08	0.01	1.72	0.01	3.01
64.00	9.29	6.90	5.69	0.79	5.70	5.71	4.79	4.92	0.00	4.80	0.00	3.00
65.00	9.30	6.90	2.94	0.99	5.70	5.70	4.84	0.13	1.59	4.59	0.00	2.81
66.00	9.30	6.89	0.65	0.02	3.76	4.11	3.40	0.29	0.13	2.57	0.67	1.71
67.00	9.29	6.90	3.05	0.00	2.45	2.08	1.70	0.02	0.53	1.30	0.54	1.05
68.00	9.30	6.90	1.67	0.00	1.83	0.85	3.96	0.61	0.24	2.25	1.15	1.22
69.00	9.30	6.90	2.94	1.72	1.84	2.37	5.50	1.13	3.39	4.18	2.14	1.83
70.00	9.30	6.90	2.31	0.01	5.71	5.70	5.41	0.07	2.13	2.12	1.50	2.99
71.00	9.29	6.90	1.28	0.49	5.24	4.38	5.03	2.27	0.77	0.75	1.34	2.56
72.00	9.30	6.90	1.61	0.32	1.58	6.12	4.22	0.35	2.39	2.78	0.95	1.24
73.00	9.30	6.90	1.11	0.00	5.09	0.92	2.31	1.80	0.05	0.00	0.44	1.54
74.00	9.30	6.90	4.26	1.63	4.85	5.30	0.65	2.07	0.01	2.31	0.00	2.61
75.00	9.29	6.90	4.56	1.26	5.26	5.02	5.41	2.72	1.51	1.81	0.00	3.00
76.00	9.30	6.90	5.70	0.09	5.70	5.71	5.26	1.87	0.41	0.00	0.00	2.96
77.00	9.30	6.90	4.72	0.00	5.70	5.28	4.47	0.77	2.01	1.72	0.00	2.90
78.00	9.30	6.90	0.00	0.32	5.68	5.69	5.15	2.64	3.79	4.80	0.00	3.00
79.00	9.29	6.90	0.73	0.66	5.61	5.58	5.25	3.72	4.42	4.13	0.00	2.99
10.2.1.3	7.03	8.45
10.2.1.2	9.48	8.55
10.1.1.7	3.83	11550.22
10.1.1.8	2.03	45528.02
10.1.1.11	0.72	101113.39
10.1.1.3	2.85	21023.93
10.1.1.4	0.88	188923.15
10.1.1.5	4.37	18002.09
10.1.1.6	4.36	13535.51
10.1.1.10	2.07	33844.02
10.1.1.12	2.14	36674.32
10.1.1.9	1.36	84787.48
