Waf: Entering directory `/home/synrg-sc1/Desktop/Jiaming/ns-3.29-mesh/build'
Waf: Leaving directory `/home/synrg-sc1/Desktop/Jiaming/ns-3.29-mesh/build'
Build commands will be stored in build/compile_commands.json
'build' finished successfully (4.793s)
CreateVariables () DONE !!!
Creating 13 APs 50.00 m apart.
CreateApNodes () DONE !!!
Creating 0 CLs 20.00 m away from each AP.
CreateClNodes () DONE !!!
CreateNodes () DONE !!!
CreateMeshDevices () DONE !!!
CreateWifiDevices () DONE !!!
CreateCsmaDevices () DONE !!!
CreateDevices () DONE !!!
InstallInternetStack () DONE !!!
Gateway is connect to AP 0
InstallApplications () DONE !!!
Starting simulation for 80.00 s ...
-------------------------------------------------
Time[s]	ap-0	ap-1	ap-2	ap-3	ap-4	ap-5	ap-6	ap-7	ap-8	ap-9	ap-10	ap-11	ap-12
2.00	0.00	0.00	0.00	0.00	0.00	0.00	0.00	0.00	0.00	0.00	0.00	0.00	0.00
3.00	4.99	0.00	0.00	0.00	0.00	0.00	0.00	0.00	0.00	0.00	0.00	0.00	0.00
4.00	7.81	0.00	0.00	0.00	0.00	0.00	0.00	0.00	0.00	0.00	0.00	0.00	0.00
5.00	7.80	3.60	4.53	2.84	2.06	2.34	1.86	0.00	0.00	0.98	1.40	1.66	1.95
6.00	7.80	3.25	3.93	3.10	2.48	3.99	2.30	0.92	0.00	2.03	2.99	1.08	2.74
7.00	7.81	2.79	6.11	4.77	1.22	5.29	5.29	1.47	0.05	1.52	0.97	1.70	2.31
8.00	7.80	2.51	4.64	1.65	0.07	4.00	4.26	0.27	0.05	0.59	0.11	2.07	0.79
9.00	7.80	1.99	4.19	2.10	2.18	2.25	2.71	0.00	0.21	0.51	0.97	2.70	0.88
10.00	7.81	0.80	6.35	0.49	3.91	0.58	2.23	4.15	0.00	2.30	0.60	2.52	1.88
11.00	7.80	0.65	3.14	4.05	0.69	5.62	6.26	1.42	2.77	1.22	2.50	3.89	1.52
12.00	7.81	3.32	3.65	4.12	3.80	5.16	5.30	1.17	0.04	1.72	2.85	3.38	0.98
13.00	7.80	7.20	6.50	1.21	1.61	5.22	5.41	1.45	0.00	0.00	2.01	1.99	3.98
14.00	7.80	7.20	6.54	5.96	1.57	2.37	5.41	0.58	1.47	1.33	1.07	3.89	2.46
15.00	7.81	6.84	5.41	5.77	1.71	4.90	4.64	0.75	3.43	0.49	3.05	2.67	2.74
16.00	7.80	6.84	4.51	6.09	1.02	1.34	1.65	0.00	0.00	0.44	1.72	2.32	3.31
17.00	7.80	5.04	6.16	3.47	2.65	3.04	4.60	2.01	1.75	1.59	1.05	0.78	3.58
18.00	7.81	1.54	6.59	2.79	1.46	2.52	4.23	1.12	1.78	0.65	3.97	1.05	3.21
19.00	7.80	7.55	6.47	3.94	2.34	2.86	3.76	1.85	0.46	1.52	4.50	2.59	3.46
20.00	7.80	7.21	4.96	4.17	2.66	4.98	1.66	2.24	3.44	1.45	4.40	1.98	3.60
21.00	7.81	7.21	6.59	1.47	0.21	5.41	4.15	2.36	0.19	1.50	3.93	3.90	3.50
22.00	7.80	6.94	4.25	5.63	2.30	4.23	4.82	0.67	0.00	1.26	4.05	2.98	2.72
23.00	7.81	3.53	1.37	1.92	1.40	1.92	2.78	0.48	0.00	1.27	0.45	3.13	1.54
24.00	7.80	7.09	4.59	5.85	0.14	0.26	2.10	1.94	0.07	0.09	2.03	1.26	3.59
25.00	7.80	6.70	6.22	2.87	1.01	3.39	3.31	1.46	0.00	0.99	4.76	0.97	1.80
26.00	7.81	7.21	6.59	3.94	1.22	5.38	5.39	0.00	1.41	1.70	4.49	1.24	4.27
27.00	7.80	2.08	4.17	0.00	0.82	2.34	3.07	1.12	1.01	0.81	2.33	0.81	1.35
28.00	7.80	7.21	5.33	3.80	0.93	1.92	3.37	2.19	0.71	2.45	1.22	2.76	2.28
29.00	7.81	1.37	6.58	0.72	0.86	3.12	4.47	0.28	0.00	0.00	2.07	3.03	1.57
30.00	7.80	4.07	6.44	4.23	2.98	5.33	4.15	0.64	0.00	2.31	2.79	3.73	2.76
31.00	7.80	7.20	6.50	4.62	0.28	4.70	4.39	0.97	0.00	1.87	3.59	3.82	2.98
32.00	7.81	7.20	6.61	3.21	1.25	5.32	1.24	5.09	1.02	0.01	4.50	3.87	3.59
33.00	7.80	3.90	6.35	2.23	4.79	3.78	6.10	4.13	1.93	1.27	4.47	3.44	0.22
34.00	7.81	4.63	6.61	6.15	3.79	4.70	4.70	3.65	0.58	0.81	3.38	3.64	1.90
35.00	7.80	7.20	6.59	5.12	1.00	0.97	5.31	1.52	0.86	0.00	0.00	3.92	2.70
36.00	7.80	7.21	6.37	2.77	0.15	2.21	4.31	0.49	0.00	4.31	3.65	3.03	2.98
37.00	7.81	7.20	5.82	3.40	0.53	3.39	5.26	1.95	1.79	0.92	2.39	3.59	2.17
38.00	7.80	4.70	5.75	4.02	0.00	2.47	5.09	0.00	0.40	0.87	4.26	2.83	2.60
39.00	7.80	3.70	6.45	4.62	0.73	4.46	3.64	1.48	0.00	0.15	3.99	1.60	2.26
40.00	7.81	7.10	6.48	5.48	4.98	5.30	4.80	1.70	2.16	0.71	3.70	0.00	2.07
41.00	7.80	6.95	5.86	1.48	1.31	4.35	4.17	2.04	1.55	0.25	1.20	1.61	2.73
42.00	7.80	7.20	6.59	5.32	3.60	5.39	5.32	1.52	1.70	0.94	4.33	0.00	2.99
43.00	7.81	6.95	4.40	1.19	1.39	3.37	4.95	1.14	0.42	1.08	1.97	1.47	2.17
44.00	7.80	6.95	6.50	7.14	4.71	1.60	5.17	4.69	1.00	0.49	3.23	0.92	3.37
45.00	7.81	6.47	5.56	3.32	1.70	1.91	4.72	0.95	0.00	1.10	0.99	3.11	2.90
46.00	7.80	7.03	5.44	4.98	2.77	0.97	4.71	0.65	0.00	0.47	3.70	3.31	3.24
47.00	7.80	6.41	5.98	2.64	0.54	3.47	3.74	1.50	1.81	2.03	3.99	2.31	3.24
48.00	7.81	5.38	4.18	4.40	1.46	3.25	3.63	1.47	1.98	1.77	3.83	1.79	3.38
49.00	7.80	7.03	6.61	1.44	0.99	2.32	4.89	1.66	0.97	1.38	4.16	2.08	3.60
50.00	7.80	7.21	6.59	4.20	1.08	6.04	4.19	2.65	0.39	0.78	2.57	0.27	3.60
51.00	7.81	6.83	6.15	4.00	3.17	2.37	3.24	1.28	0.49	0.47	1.74	1.99	3.50
52.00	7.80	7.21	5.78	6.25	3.70	6.30	5.41	0.00	0.49	0.05	1.44	3.86	3.60
53.00	7.80	5.84	6.01	2.65	1.48	3.71	2.64	1.92	0.01	0.44	3.79	1.80	3.21
54.00	7.81	6.74	6.22	1.00	4.45	0.25	0.99	1.40	0.93	2.41	3.54	0.39	2.73
55.00	7.80	7.21	5.49	3.71	2.28	1.65	5.02	2.43	0.00	1.83	1.93	0.82	3.49
56.00	7.81	7.14	3.42	4.47	1.77	1.28	2.73	0.78	2.32	2.13	3.90	1.25	3.34
57.00	7.80	5.90	4.05	3.38	0.05	1.21	5.28	0.34	0.00	0.95	2.24	2.56	3.21
58.00	7.80	7.24	7.70	3.19	4.23	1.91	4.26	0.80	0.00	0.05	4.46	1.60	1.72
59.00	7.81	5.45	5.69	0.34	3.82	0.47	3.80	1.93	0.00	0.00	0.79	0.60	0.80
60.00	7.80	6.88	6.38	6.11	4.49	3.97	5.42	3.06	0.04	3.36	3.50	0.92	4.32
61.00	7.80	7.21	5.23	5.99	2.94	4.03	5.39	0.60	0.00	3.26	4.19	0.32	3.60
62.00	7.81	6.92	4.71	1.10	0.57	1.63	2.76	0.13	0.89	1.14	1.18	0.74	1.83
63.00	7.80	5.11	2.05	3.13	0.49	2.72	3.77	2.91	2.20	1.08	3.73	1.39	3.52
64.00	7.80	2.39	6.15	4.96	2.46	1.77	4.97	3.09	0.85	1.34	4.13	1.74	3.23
65.00	7.81	3.67	5.96	2.66	5.71	0.29	5.41	0.00	1.41	0.01	2.64	3.86	3.54
66.00	7.80	7.20	6.59	6.02	5.45	4.47	5.41	0.01	1.47	1.81	0.12	3.85	3.59
67.00	7.81	7.21	6.35	1.84	2.54	5.04	5.39	1.72	1.26	3.06	0.01	3.87	3.37
68.00	7.80	7.18	6.17	2.56	0.29	4.89	4.25	2.37	0.00	0.02	2.00	2.86	3.23
69.00	7.80	6.81	6.49	5.72	0.42	5.28	5.41	4.93	0.00	0.91	0.67	3.91	3.14
70.00	7.81	5.77	5.85	3.36	4.09	3.93	3.54	2.89	0.08	2.10	1.85	3.13	2.98
71.00	7.80	2.98	5.62	0.22	1.75	2.92	1.95	0.07	0.01	0.00	0.82	1.88	1.34
72.00	7.80	2.77	6.18	4.47	3.01	3.71	4.18	1.58	0.14	0.08	3.21	2.16	2.58
73.00	7.81	5.53	5.28	2.25	2.43	4.95	2.52	2.64	0.00	0.32	1.90	2.37	1.39
74.00	7.80	1.42	5.55	2.47	5.56	3.91	5.18	0.00	0.98	0.67	1.87	4.51	2.31
75.00	7.80	7.20	2.20	5.00	3.50	2.34	5.41	0.00	0.01	1.41	1.75	1.97	3.59
76.00	7.81	7.20	6.12	3.98	1.41	2.11	4.64	4.69	0.79	0.00	2.91	2.25	3.60
77.00	7.80	5.36	6.30	3.05	0.85	3.66	5.08	2.97	2.34	0.00	0.95	2.27	3.12
78.00	7.81	5.06	2.96	1.75	0.00	1.58	3.65	0.00	0.06	0.54	0.98	2.23	0.84
79.00	7.80	3.99	6.84	2.04	0.57	0.55	5.46	0.22	0.44	1.02	0.00	1.74	3.11
10.2.1.2	7.95	8.52
10.1.1.3	5.67	13473.34
10.1.1.5	2.12	75368.81
10.1.1.2	5.70	19031.21
10.1.1.9	0.78	194414.99
10.1.1.10	1.13	169482.01
10.1.1.4	3.58	37037.94
10.1.1.12	2.32	62898.33
10.1.1.6	3.32	49497.28
10.1.1.7	4.26	23471.00
10.1.1.11	2.56	24536.05
10.1.1.8	1.59	100794.85
10.1.1.13	2.77	33527.17
