Waf: Entering directory `/home/synrg-sc1/Desktop/Jiaming/ns-3.29-mesh/build'
Waf: Leaving directory `/home/synrg-sc1/Desktop/Jiaming/ns-3.29-mesh/build'
Build commands will be stored in build/compile_commands.json
'build' finished successfully (4.868s)
CreateVariables () DONE !!!
Creating 23 APs 50.00 m apart.
CreateApNodes () DONE !!!
Creating 0 CLs 20.00 m away from each AP.
CreateClNodes () DONE !!!
CreateNodes () DONE !!!
CreateMeshDevices () DONE !!!
CreateWifiDevices () DONE !!!
CreateCsmaDevices () DONE !!!
CreateDevices () DONE !!!
InstallInternetStack () DONE !!!
Gateway is connect to AP 0
InstallApplications () DONE !!!
Starting simulation for 80.00 s ...
-------------------------------------------------
Time[s]	ap-0	ap-1	ap-2	ap-3	ap-4	ap-5	ap-6	ap-7	ap-8	ap-9	ap-10	ap-11	ap-12	ap-13	ap-14	ap-15	ap-16	ap-17	ap-18	ap-19	ap-20	ap-21	ap-22
2.00	0.00	0.00	0.00	0.00	0.00	0.00	0.00	0.00	0.00	0.00	0.00	0.00	0.00	0.00	0.00	0.00	0.00	0.00	0.00	0.00	0.00	0.00	0.00
3.00	4.23	4.02	0.00	0.00	0.00	0.00	0.00	0.00	0.00	0.00	0.00	0.00	0.00	0.00	0.00	0.00	0.00	0.00	0.00	0.00	0.00	0.00	0.00
4.00	6.61	6.30	0.00	0.00	0.00	0.00	0.00	0.00	0.00	0.00	0.00	0.00	0.00	0.00	0.00	0.00	0.00	0.00	0.00	0.00	0.00	0.00	0.00
5.00	6.59	6.30	2.11	2.54	4.07	1.07	0.04	1.39	2.85	0.04	0.00	0.04	0.04	0.00	1.91	0.38	0.00	0.00	0.04	0.00	0.00	0.02	0.65
6.00	6.61	6.30	4.37	1.17	1.57	3.33	0.24	2.89	3.50	0.32	0.05	0.44	0.00	0.04	2.58	1.10	0.04	0.04	0.00	2.78	0.11	1.67	0.95
7.00	6.59	6.30	0.93	2.43	3.01	3.18	0.97	1.42	4.78	0.78	0.72	2.01	0.00	0.00	4.18	0.35	0.00	0.37	0.00	1.19	0.55	0.25	0.33
8.00	6.61	6.30	0.84	2.34	2.66	4.29	0.08	2.60	4.49	0.05	0.19	0.47	0.82	0.00	3.00	0.98	0.44	0.27	0.00	0.89	0.18	0.60	0.75
9.00	6.59	6.30	3.03	2.72	3.03	2.67	0.48	3.50	2.65	0.08	0.00	0.87	0.33	0.00	3.46	1.00	0.46	0.32	0.00	1.28	0.00	0.46	0.72
10.00	6.61	6.30	3.73	1.75	3.82	4.50	0.73	2.01	3.20	0.84	0.00	1.70	1.83	0.00	1.97	1.05	1.19	1.15	0.00	2.74	0.49	2.14	0.13
11.00	6.59	6.30	1.47	1.28	4.00	2.40	0.64	1.19	2.45	0.01	0.24	0.54	0.24	0.00	1.79	0.52	0.06	0.12	0.00	2.76	1.48	0.93	0.78
12.00	6.61	6.30	3.39	3.97	3.16	1.99	0.29	3.24	1.63	0.73	0.49	1.34	0.26	0.00	2.48	0.31	0.21	0.19	0.00	1.72	0.01	1.27	0.46
13.00	6.59	6.30	1.60	0.67	0.51	4.95	0.19	4.37	4.35	0.00	0.00	0.45	0.55	0.00	4.11	0.16	0.05	1.32	0.00	3.30	0.00	2.11	1.27
14.00	6.61	6.30	4.29	4.39	1.90	3.83	0.40	2.89	3.82	0.92	0.28	2.21	0.48	0.00	3.19	0.27	0.14	0.39	0.00	2.11	1.07	0.93	1.28
15.00	6.59	6.30	5.26	0.00	2.37	4.77	0.49	2.44	4.71	0.38	0.00	1.59	0.08	0.00	3.26	0.47	0.94	0.13	0.00	2.46	0.00	2.66	1.44
16.00	6.59	6.30	3.33	1.90	3.72	4.11	0.00	2.10	3.20	1.08	0.49	0.06	1.19	0.00	3.98	0.14	0.04	1.42	0.00	3.27	2.20	2.34	0.54
17.00	6.61	6.30	1.12	0.20	3.24	2.96	0.02	1.35	2.37	0.00	0.48	1.30	0.12	0.00	4.10	0.00	0.04	2.32	0.00	2.91	0.57	1.45	0.49
18.00	6.59	6.30	0.00	0.54	2.77	4.40	0.00	1.20	4.10	0.58	0.48	0.84	2.33	0.00	3.52	1.57	0.27	1.55	0.00	1.32	0.25	0.46	0.24
19.00	6.61	6.30	1.71	1.58	1.35	1.58	0.00	1.53	1.10	0.45	0.00	0.20	0.00	0.00	1.97	0.00	0.73	0.00	0.00	0.57	0.75	0.34	0.19
20.00	6.59	6.30	2.94	3.01	3.57	3.70	1.41	2.81	3.38	0.00	0.40	2.60	0.00	0.00	3.38	0.49	0.06	0.80	0.00	2.80	0.24	0.57	0.37
21.00	6.61	6.30	1.42	5.77	3.89	0.52	0.00	0.75	4.79	0.00	0.49	1.98	0.58	0.00	0.61	0.74	0.11	1.39	0.00	1.11	0.53	1.39	1.04
22.00	6.59	6.30	5.19	1.38	2.79	3.91	0.00	1.00	2.90	0.91	0.00	2.34	0.80	0.00	4.36	0.16	0.38	0.52	0.00	2.34	0.00	2.64	0.16
23.00	6.61	6.30	1.93	0.00	4.10	2.24	0.02	2.11	1.83	0.05	0.02	0.22	1.00	0.00	0.00	0.71	0.62	0.72	0.00	3.27	0.19	0.62	0.98
24.00	6.59	6.30	3.38	1.95	4.18	2.85	0.09	1.37	3.34	0.06	0.00	1.20	0.79	0.00	0.97	1.14	0.51	0.45	0.00	1.41	0.20	0.42	2.47
25.00	6.61	6.30	0.95	2.79	4.56	2.17	0.42	2.64	1.97	1.01	1.11	2.63	0.72	0.00	3.56	0.91	0.18	0.93	0.00	3.05	0.02	0.91	0.02
26.00	6.59	6.30	2.07	1.86	3.72	2.21	1.48	2.77	3.50	0.29	0.00	1.63	0.06	0.00	3.52	0.72	0.00	0.27	0.00	2.07	0.16	2.66	0.65
27.00	6.61	6.30	1.52	0.54	0.92	3.39	0.00	3.57	3.56	0.00	0.00	1.40	0.00	0.00	2.33	1.26	0.38	0.55	0.00	1.38	0.11	0.53	0.42
28.00	6.59	6.30	3.77	3.47	1.97	4.84	1.87	4.03	3.90	0.00	0.05	0.57	0.01	0.00	3.53	0.00	0.33	0.22	0.00	3.30	0.00	0.16	0.81
29.00	6.59	6.30	1.25	3.63	3.74	3.36	1.63	3.72	4.38	0.00	0.00	0.93	0.00	0.00	4.00	0.00	0.45	1.59	0.00	3.16	0.00	0.51	0.49
30.00	6.61	6.30	4.18	2.53	5.71	2.36	0.07	1.86	4.09	3.00	0.00	0.81	0.88	0.00	3.34	0.37	1.79	1.19	0.00	2.48	0.00	1.38	0.65
31.00	6.59	6.30	0.47	0.48	4.69	3.99	0.00	3.19	4.36	1.15	0.00	2.48	0.00	0.00	1.55	1.31	0.93	1.15	0.00	0.85	0.02	0.73	0.00
32.00	6.61	6.30	4.69	0.95	6.57	3.37	0.05	2.17	4.13	0.19	0.75	0.81	0.02	0.00	3.12	1.19	0.06	0.37	0.00	3.40	0.05	1.87	0.00
33.00	6.59	6.30	4.91	1.01	1.75	2.52	0.05	3.05	4.46	0.00	0.00	0.08	0.11	0.00	3.57	0.00	0.02	0.02	0.00	2.06	0.00	1.58	0.42
34.00	6.61	6.30	3.69	3.32	3.21	5.10	0.00	2.48	4.80	1.30	0.00	3.14	2.72	0.00	4.19	1.24	0.55	0.99	0.00	3.91	2.24	0.49	0.00
35.00	6.59	6.30	2.12	1.25	1.21	1.92	0.97	0.65	3.50	0.00	0.00	0.19	0.86	0.00	2.61	1.78	0.66	0.52	0.00	1.10	0.59	0.93	0.33
36.00	6.61	6.30	0.85	4.18	4.43	2.84	0.00	1.47	5.04	0.39	1.34	0.73	0.00	0.00	1.86	0.67	0.80	0.69	0.00	1.25	0.00	1.01	0.00
37.00	6.59	6.30	5.98	2.28	4.15	3.42	0.00	0.42	3.42	0.00	0.95	2.03	0.49	0.00	3.99	0.01	0.75	0.00	0.00	0.04	0.02	2.13	0.41
38.00	6.61	6.30	0.00	1.26	3.19	5.05	0.91	2.48	3.11	2.12	2.51	2.07	1.21	0.00	4.18	0.31	1.39	1.06	0.00	2.56	0.37	1.97	0.92
39.00	6.59	6.30	2.67	3.90	3.32	3.82	0.00	2.56	1.13	1.08	0.00	0.00	0.04	0.00	2.43	0.00	1.12	1.74	0.00	2.56	0.48	2.05	0.12
40.00	6.61	6.30	3.85	0.00	3.47	4.04	1.13	1.73	4.39	0.19	0.15	2.14	0.49	0.00	1.28	0.00	0.00	1.68	0.00	3.17	0.87	2.71	1.30
41.00	6.59	6.30	5.58	1.28	0.95	3.21	0.00	3.87	0.91	0.00	0.99	0.53	0.95	0.00	3.67	0.00	0.99	0.00	0.00	3.30	1.45	2.63	0.60
42.00	6.59	6.30	4.69	0.87	4.16	4.92	0.02	3.36	5.79	0.25	0.00	0.05	0.47	0.00	4.16	1.06	1.58	0.93	0.00	3.30	1.51	1.91	0.29
43.00	6.61	6.30	1.58	3.49	3.78	4.77	1.34	1.14	4.79	0.00	0.87	1.21	0.99	0.00	1.66	0.27	0.54	2.21	0.00	3.30	0.00	1.20	0.78
44.00	6.59	6.30	0.65	2.67	4.49	2.96	0.00	2.90	2.81	0.51	0.26	2.74	0.84	0.00	2.20	1.17	0.52	2.23	0.00	2.05	0.82	1.12	0.41
45.00	6.61	6.30	0.00	2.72	4.52	2.31	0.00	1.87	2.76	0.00	0.00	1.13	0.75	0.00	1.55	0.04	0.00	0.58	0.00	2.28	0.19	1.48	0.62
46.00	6.59	6.30	1.66	0.78	3.96	0.75	2.44	3.01	4.80	0.00	1.26	1.85	0.00	0.00	2.12	0.61	1.19	0.29	0.00	3.30	1.64	2.14	1.07
47.00	6.61	6.30	4.04	2.00	2.50	2.70	1.35	1.14	4.24	0.37	0.00	0.79	0.00	0.00	3.31	0.05	1.45	1.81	0.00	3.30	0.52	2.64	1.19
48.00	6.59	6.30	2.37	2.98	3.00	5.56	0.51	3.85	3.39	0.57	0.02	1.59	0.32	0.00	2.45	0.01	0.00	0.77	0.00	1.39	1.12	2.64	1.60
49.00	6.61	6.30	2.66	4.22	4.06	1.77	0.51	1.00	3.34	0.00	1.01	2.06	0.00	0.00	2.31	0.25	0.65	0.54	0.00	0.08	0.04	0.80	0.06
50.00	6.59	6.30	0.58	5.17	3.78	3.70	2.45	3.16	3.89	0.54	0.99	0.44	0.68	0.00	4.18	1.54	0.19	0.91	0.00	3.29	0.29	1.71	0.22
51.00	6.61	6.30	0.94	5.88	0.81	0.75	0.49	3.80	1.88	0.11	0.47	0.49	1.87	0.40	1.11	1.42	0.85	0.22	0.34	1.93	0.00	0.51	0.97
52.00	6.59	6.30	0.71	4.69	5.50	3.27	0.00	4.49	3.60	0.00	0.00	1.05	0.00	0.00	4.39	0.68	0.01	0.09	0.00	2.58	0.00	1.28	0.19
53.00	6.61	6.30	1.57	1.20	4.44	2.87	0.00	0.69	3.67	0.00	0.80	0.84	0.80	0.00	3.51	0.00	0.49	0.99	0.00	2.37	0.06	0.57	0.44
54.00	6.59	6.30	2.45	3.33	4.99	4.06	2.04	4.29	4.18	0.20	0.93	1.11	0.06	0.00	2.37	2.13	0.89	2.21	0.00	2.64	0.14	0.72	0.33
55.00	6.59	6.30	2.76	1.47	3.52	2.30	0.02	1.90	3.54	0.02	1.58	0.16	0.42	0.00	2.92	0.75	0.05	1.14	0.00	2.50	0.45	1.45	0.53
56.00	6.61	6.30	4.11	1.14	3.32	2.10	0.00	0.53	4.17	1.53	0.02	0.82	0.00	0.00	1.22	2.06	0.08	1.10	0.00	0.58	0.00	0.07	0.42
57.00	6.59	6.30	2.44	0.12	1.45	3.74	0.60	2.27	3.85	0.07	0.00	2.56	0.00	0.00	2.94	0.42	1.38	0.09	0.00	1.05	0.99	1.31	0.65
58.00	6.61	6.30	0.00	3.12	1.71	2.23	0.21	1.35	4.80	2.00	0.04	1.39	0.62	0.00	4.20	0.59	0.01	2.16	0.00	0.80	0.16	2.59	0.52
59.00	6.59	6.30	1.74	1.52	2.06	2.67	0.04	0.94	3.40	0.73	0.49	1.51	0.12	0.00	3.85	0.52	0.24	0.00	0.00	2.30	0.42	0.55	0.55
60.00	6.61	6.30	3.39	3.42	5.08	3.57	0.06	1.41	4.32	0.82	2.66	1.12	0.37	0.00	4.12	1.42	0.80	0.00	0.00	1.71	0.18	2.20	0.00
61.00	6.59	6.30	1.31	1.17	2.01	2.23	0.00	0.00	4.06	0.07	0.64	2.60	0.11	0.00	1.33	0.40	0.00	2.05	0.00	0.87	0.18	1.08	0.25
62.00	6.61	6.30	3.38	0.99	1.15	4.52	0.81	2.03	4.32	0.09	0.00	0.24	0.07	0.00	4.44	2.07	0.35	2.86	0.00	3.43	1.47	0.00	0.49
63.00	6.59	6.30	3.33	1.93	1.20	4.38	0.11	2.25	4.83	1.38	0.00	2.01	0.53	0.00	3.32	0.07	0.13	2.31	0.00	1.59	0.13	1.87	1.00
64.00	6.61	6.30	3.94	0.71	4.07	4.36	1.72	1.44	4.93	0.00	0.68	2.37	1.73	0.00	4.18	2.28	0.86	0.04	0.00	3.38	0.80	2.39	0.29
65.00	6.59	6.30	2.05	2.72	5.08	3.96	0.00	3.00	1.57	0.00	1.33	1.46	0.05	0.00	3.56	0.31	0.91	0.07	0.00	2.70	0.20	1.27	0.28
66.00	6.61	6.30	4.51	1.08	2.89	2.51	0.69	2.39	1.01	0.25	0.00	1.28	0.51	0.00	4.13	1.47	0.49	0.77	0.00	2.73	0.00	1.90	0.49
67.00	6.59	6.30	4.47	3.07	2.67	1.73	0.00	3.80	3.94	1.28	0.00	0.87	0.93	0.00	3.06	0.00	0.77	0.28	0.00	1.41	0.20	2.12	1.66
68.00	6.59	6.30	4.53	1.99	4.25	3.83	0.04	2.68	4.78	0.68	0.00	1.48	1.06	0.00	4.19	0.00	0.60	0.46	0.00	2.00	2.13	1.25	2.34
69.00	6.61	6.30	0.21	2.73	4.66	2.10	0.42	1.79	2.50	0.49	0.00	0.78	0.14	0.00	3.51	0.08	0.52	0.05	0.00	0.99	1.38	3.04	0.97
70.00	6.59	6.30	0.81	1.38	2.34	4.46	0.06	3.29	3.46	0.62	1.30	2.17	0.00	0.00	3.86	0.59	0.75	0.26	0.00	0.21	0.00	1.88	0.06
71.00	6.61	6.30	1.41	1.97	1.13	3.34	0.51	0.60	3.57	0.00	0.05	0.21	0.00	0.00	3.09	0.61	0.14	0.20	0.00	2.00	0.62	1.53	0.00
72.00	6.59	6.30	3.47	2.68	2.24	1.73	0.00	3.06	4.32	1.52	0.20	0.85	0.99	0.00	3.18	1.92	0.00	0.60	0.00	3.09	0.35	0.97	0.01
73.00	6.61	6.30	0.60	4.16	4.49	3.84	1.39	2.48	3.33	1.12	0.00	0.09	0.00	0.00	2.10	0.93	0.73	0.42	0.00	0.98	0.28	2.14	0.08
74.00	6.59	6.30	3.84	0.00	5.77	4.50	0.51	4.95	4.80	0.08	0.00	1.08	0.00	0.00	4.19	0.79	0.02	0.06	0.00	3.30	0.08	2.26	0.37
75.00	6.61	6.29	2.10	0.81	2.57	2.72	0.73	2.36	3.17	1.85	0.35	1.15	0.00	0.00	2.57	0.45	0.02	0.27	0.00	2.08	0.22	0.91	0.05
76.00	6.59	6.30	0.00	3.84	3.21	3.09	0.00	1.67	3.83	0.06	2.16	0.64	0.00	0.00	4.05	1.40	2.26	1.13	0.00	0.99	0.18	1.32	1.37
77.00	6.61	6.30	5.31	2.54	5.02	3.17	0.71	0.84	4.46	0.11	1.19	0.06	0.00	0.00	2.80	1.46	0.12	1.95	0.00	0.19	0.00	0.67	0.04
78.00	6.59	6.30	6.22	1.54	4.31	4.91	0.00	4.52	4.80	0.92	0.00	1.67	0.00	0.00	4.20	0.87	0.85	0.00	0.00	1.45	1.72	1.59	1.01
79.00	6.61	6.30	2.17	0.00	2.00	2.89	0.00	2.39	4.52	0.39	0.07	2.03	0.00	0.00	3.04	0.01	0.51	0.05	0.00	1.20	1.04	1.33	1.12
10.2.1.3	6.42	8.40
10.2.1.2	6.73	9.12
10.1.1.3	2.68	37457.05
10.1.1.4	2.20	51943.60
10.1.1.5	3.36	46476.05
10.1.1.6	3.32	51004.01
10.1.1.7	0.49	173626.31
10.1.1.8	2.38	57604.61
10.1.1.9	3.71	19270.01
10.1.1.10	0.52	198627.75
10.1.1.11	0.45	325951.17
10.1.1.12	1.25	58422.84
10.1.1.13	0.52	236143.09
10.1.1.14	0.01	93148.35
10.1.1.15	3.11	41971.49
10.1.1.16	0.72	170416.01
10.1.1.17	0.53	165613.26
10.1.1.18	0.80	166111.19
10.1.1.19	0.01	45960.66
10.1.1.20	2.13	31928.53
10.1.1.21	0.48	191085.39
10.1.1.22	1.42	26078.76
10.1.1.23	0.64	96628.02
