Waf: Entering directory `/home/synrg-sc1/Desktop/Jiaming/ns-3.29-mesh/build'
Waf: Leaving directory `/home/synrg-sc1/Desktop/Jiaming/ns-3.29-mesh/build'
Build commands will be stored in build/compile_commands.json
'build' finished successfully (5.150s)
CreateVariables () DONE !!!
Creating 15 APs 50.00 m apart.
CreateApNodes () DONE !!!
Creating 0 CLs 20.00 m away from each AP.
CreateClNodes () DONE !!!
CreateNodes () DONE !!!
CreateMeshDevices () DONE !!!
CreateWifiDevices () DONE !!!
CreateCsmaDevices () DONE !!!
CreateDevices () DONE !!!
InstallInternetStack () DONE !!!
Gateway is connect to AP 0
InstallApplications () DONE !!!
Starting simulation for 120.00 s ...
-------------------------------------------------
Time[s]	ap-0	ap-1	ap-2	ap-3	ap-4	ap-5	ap-6	ap-7	ap-8	ap-9	ap-10	ap-11	ap-12	ap-13	ap-14
2.00	7.20	6.89	6.85	0.00	0.29	0.00	1.38	0.64	0.00	0.00	0.00	0.40	0.42	0.00	0.00
3.00	7.20	6.90	6.90	0.00	0.00	0.00	0.47	0.84	0.02	0.00	0.00	0.19	0.44	0.00	0.19
4.00	7.21	6.90	6.90	0.00	0.68	0.02	0.00	1.04	0.39	0.00	0.00	0.00	0.49	0.09	0.33
5.00	7.20	6.90	6.90	0.00	0.15	0.05	0.84	0.00	0.26	0.00	0.00	0.00	1.90	0.53	0.00
6.00	7.21	6.90	6.90	0.00	0.09	0.04	0.54	1.73	0.32	0.00	0.00	1.14	0.16	0.34	0.28
7.00	7.20	6.90	6.90	0.00	0.27	0.00	1.51	0.41	0.33	0.00	0.00	1.25	0.19	0.00	0.00
8.00	7.20	6.90	6.90	0.00	0.22	0.00	1.22	0.00	0.16	0.00	0.73	0.89	0.05	0.20	0.00
9.00	7.21	6.90	6.90	0.00	0.12	0.00	1.06	0.49	0.05	0.00	0.40	0.92	0.01	0.41	0.00
10.00	7.20	6.90	6.90	0.00	0.19	0.00	1.81	0.00	0.00	0.00	0.40	0.92	0.00	0.00	0.00
11.00	7.21	6.90	6.90	0.00	0.42	0.00	2.24	0.07	0.00	0.00	0.00	0.68	0.00	0.27	0.00
12.00	7.20	6.90	6.90	0.00	0.18	0.00	1.48	1.27	0.00	0.00	0.05	0.52	0.86	0.71	0.00
13.00	7.20	6.90	6.90	0.00	0.09	0.00	1.77	0.49	0.00	0.00	0.02	0.40	0.00	0.32	0.00
14.00	7.21	6.90	6.90	0.00	0.09	0.00	1.70	1.72	0.00	0.00	0.00	0.85	2.37	0.00	0.00
15.00	7.20	6.90	6.90	0.00	0.00	0.00	1.18	0.00	0.34	0.00	0.13	0.81	0.11	0.64	0.12
16.00	7.21	6.90	6.90	0.00	0.00	0.00	1.32	3.86	0.79	0.00	0.00	0.66	0.32	0.13	0.33
17.00	7.20	6.89	6.89	0.00	0.53	0.00	1.38	1.19	0.64	0.00	0.00	0.31	0.31	0.02	0.14
18.00	7.21	6.90	6.90	0.00	0.72	0.00	1.53	0.12	0.68	0.00	0.87	1.01	0.00	0.00	0.00
19.00	7.20	6.90	6.90	0.00	0.66	0.00	1.20	0.98	0.42	0.00	0.47	3.51	0.00	0.52	0.00
20.00	7.20	6.90	6.90	0.00	0.41	0.01	1.86	1.95	0.61	0.00	0.00	0.57	0.78	0.53	0.00
21.00	7.21	6.90	6.90	0.01	0.57	0.00	3.78	0.00	0.38	0.00	0.93	0.00	0.00	0.00	0.00
22.00	7.20	6.90	6.90	0.00	1.02	0.25	3.13	1.72	0.02	0.00	0.49	1.38	1.32	2.39	0.00
23.00	7.21	6.90	6.90	0.00	1.47	0.00	1.78	0.91	0.47	0.00	1.60	2.87	1.02	0.87	0.33
24.00	7.20	6.90	6.90	0.00	0.00	0.00	0.49	0.40	0.49	0.00	1.61	0.59	1.35	0.82	0.32
25.00	7.20	6.90	6.90	0.00	0.21	0.00	1.54	1.63	0.60	0.00	1.04	2.47	0.00	1.59	0.00
26.00	7.21	6.90	6.90	0.00	0.52	0.00	2.58	1.07	0.66	0.00	0.60	1.64	2.54	1.30	0.19
27.00	7.20	6.90	6.90	0.00	1.04	0.00	0.20	0.00	0.75	0.00	0.00	3.10	0.00	0.00	0.28
28.00	7.21	6.90	6.90	0.00	0.21	0.00	0.51	0.00	0.82	0.00	0.00	1.41	0.67	0.00	0.00
29.00	7.20	6.90	6.90	0.00	0.02	0.00	3.26	2.41	0.19	0.00	1.11	1.39	3.27	3.04	0.00
30.00	7.20	6.90	6.90	0.00	0.00	0.00	0.00	0.75	0.22	0.00	0.73	3.36	0.00	1.51	0.71
31.00	7.21	6.90	6.90	0.00	0.08	0.00	1.22	1.46	1.20	0.00	0.08	0.00	1.28	0.39	0.00
32.00	7.20	6.90	6.90	0.00	0.14	0.01	0.00	0.09	0.89	0.00	1.18	0.99	0.01	1.92	0.40
33.00	7.21	6.90	6.89	0.00	0.00	0.00	0.80	2.98	0.65	0.00	0.11	0.51	1.31	0.00	0.52
34.00	7.20	6.89	6.90	0.04	0.37	0.00	1.99	1.91	0.92	0.00	1.33	2.37	0.94	0.24	0.40
35.00	7.21	6.90	6.90	0.00	0.52	0.00	2.58	1.78	0.54	0.00	2.65	4.56	0.00	1.64	0.82
36.00	7.20	6.90	6.90	0.00	1.79	0.00	0.19	0.26	0.87	0.00	0.00	1.10	1.01	2.28	0.33
37.00	7.20	6.90	6.90	0.00	0.14	0.11	1.65	0.95	0.54	0.00	0.12	2.21	0.38	3.84	0.68
38.00	7.21	6.90	6.90	0.00	0.33	0.00	2.47	0.04	0.26	0.00	0.21	0.00	0.40	0.89	0.47
39.00	7.20	6.90	6.90	0.00	0.04	0.14	0.19	4.19	1.13	0.00	1.02	4.31	2.61	1.88	0.64
40.00	7.21	6.90	6.90	0.00	0.09	0.00	2.87	1.06	0.68	0.00	0.16	3.03	0.75	1.50	0.35
41.00	7.20	6.90	6.90	0.00	1.32	0.00	1.99	0.54	0.47	0.00	0.25	2.20	0.00	0.00	0.49
42.00	7.20	6.90	6.90	0.00	0.99	0.00	0.01	0.21	0.00	0.00	0.57	1.40	0.00	0.00	0.35
43.00	7.21	6.90	6.90	0.00	0.22	0.00	1.53	0.24	1.07	0.00	0.39	0.00	1.17	2.06	0.68
44.00	7.20	6.90	6.90	0.00	0.94	0.00	0.69	0.99	1.13	0.00	0.41	0.00	0.49	0.00	0.38
45.00	7.21	6.90	6.90	0.00	0.02	0.61	4.69	0.55	1.75	0.00	1.67	2.54	1.92	3.64	0.16
46.00	7.20	6.90	6.90	0.00	0.07	0.00	1.10	1.40	0.40	0.00	0.31	1.01	1.86	1.41	0.28
47.00	7.21	6.90	6.90	0.00	0.42	0.00	4.45	0.49	1.75	0.00	2.96	1.92	0.54	0.00	3.43
48.00	7.20	6.90	6.90	0.00	0.65	0.00	0.75	2.90	1.35	0.00	2.32	3.84	0.00	0.00	0.72
49.00	7.20	6.90	6.89	0.00	0.00	0.00	0.04	2.99	1.14	0.00	0.00	0.13	2.67	0.39	0.00
50.00	7.21	6.89	6.90	0.00	0.72	0.11	3.98	1.41	0.86	0.00	1.75	1.22	0.37	2.96	0.06
51.00	7.20	6.90	6.90	0.00	1.70	0.58	3.03	3.30	0.00	0.00	1.11	2.20	2.14	1.75	0.28
52.00	7.21	6.90	6.90	0.01	0.95	0.00	1.24	0.26	0.47	0.00	0.01	0.49	0.94	0.18	0.49
53.00	7.20	6.90	6.90	0.00	0.54	0.00	1.63	2.83	1.13	0.00	0.00	2.70	0.00	0.00	2.13
54.00	7.20	6.90	6.90	0.00	0.78	0.00	0.45	2.12	0.66	0.00	0.40	3.05	0.05	0.60	0.00
55.00	7.21	6.90	6.90	0.00	0.34	0.00	0.54	3.09	0.12	0.00	1.25	1.40	0.08	0.00	0.08
56.00	7.20	6.90	6.90	0.00	0.47	0.00	0.00	0.00	0.00	0.00	0.26	0.00	0.00	0.88	0.00
57.00	7.21	6.90	6.90	0.00	0.61	0.00	1.83	2.67	0.00	0.00	0.09	1.99	0.77	0.00	0.00
58.00	7.20	6.90	6.90	0.00	0.02	0.00	2.91	4.96	0.14	0.00	1.65	0.57	0.00	0.38	1.50
59.00	7.20	6.90	6.90	0.00	0.00	0.00	1.17	0.92	0.16	0.00	0.00	2.20	1.34	0.09	0.11
60.00	7.21	6.90	6.90	0.00	0.00	0.00	1.13	2.54	1.10	0.00	0.00	0.00	0.31	0.00	0.21
61.00	7.20	6.90	6.90	0.00	0.00	0.12	0.35	0.66	0.98	0.00	0.31	2.18	0.97	0.51	0.01
62.00	7.21	6.90	6.90	0.00	0.00	0.00	5.69	1.65	2.25	0.00	0.88	0.49	0.12	0.00	0.00
63.00	7.20	6.90	6.90	0.00	0.00	0.00	1.98	2.52	4.15	0.00	2.51	0.19	3.56	0.00	2.13
64.00	7.21	6.90	6.90	0.00	0.00	0.00	3.09	2.39	0.73	0.00	2.58	3.36	2.41	0.00	1.37
65.00	7.20	6.90	6.89	0.00	0.00	0.00	1.37	1.05	0.00	0.00	1.22	0.00	3.04	0.00	0.57
66.00	7.20	6.89	6.90	0.00	0.00	0.00	2.65	2.18	1.67	0.00	0.00	0.00	1.32	0.00	0.00
67.00	7.21	6.90	6.90	0.00	0.00	0.00	5.39	0.00	1.73	0.00	0.00	2.20	1.60	0.55	0.00
68.00	7.20	6.90	6.90	0.00	0.00	0.00	5.70	2.05	0.00	0.00	0.00	5.10	2.81	1.50	0.80
69.00	7.21	6.90	6.90	0.00	0.00	4.85	5.70	5.39	0.00	0.00	0.00	5.10	4.50	4.19	3.59
70.00	7.20	6.90	6.90	0.00	0.00	5.64	5.70	5.41	0.49	0.00	4.50	5.09	4.51	4.17	3.60
71.00	7.20	6.90	6.90	0.00	0.00	4.91	5.70	3.92	1.22	0.00	3.82	5.04	0.71	3.73	2.54
72.00	7.21	6.90	6.90	0.00	0.00	0.11	2.54	2.64	1.22	0.00	0.32	0.95	1.91	0.72	3.42
73.00	7.20	6.90	6.90	0.00	0.16	0.00	1.20	2.38	2.65	0.00	0.77	5.28	0.68	1.32	0.00
74.00	7.21	6.90	6.90	0.00	0.59	0.00	5.44	2.18	0.00	0.00	0.00	2.10	3.53	1.19	0.00
75.00	7.20	6.90	6.90	0.00	0.54	0.00	0.53	4.45	0.95	0.00	0.00	3.56	0.91	0.20	1.41
76.00	7.20	6.90	6.90	0.00	0.38	0.00	0.77	0.05	3.62	0.00	0.00	2.47	1.48	1.21	0.69
77.00	7.21	6.90	6.90	0.00	1.24	0.69	1.57	2.23	3.14	0.00	0.00	0.00	0.54	1.26	0.32
78.00	7.20	6.90	6.90	0.00	1.11	0.00	0.57	1.50	0.00	0.00	0.00	0.49	0.65	0.80	0.05
79.00	7.21	6.90	6.90	0.00	0.68	0.00	1.70	0.27	2.70	0.00	0.31	1.39	2.18	0.49	2.28
80.00	7.20	6.90	6.90	0.00	0.58	1.02	1.84	0.49	0.49	0.00	0.00	1.45	1.86	1.78	0.54
81.00	7.21	6.90	6.90	0.00	0.00	1.01	1.94	2.40	3.16	0.00	1.98	2.97	1.95	1.54	0.60
82.00	7.20	6.89	6.89	0.00	0.00	0.24	1.60	2.05	3.80	0.00	0.49	3.11	1.33	1.12	0.35
83.00	7.20	6.90	6.90	0.00	0.00	0.75	3.36	2.78	2.16	0.00	0.00	0.00	2.91	1.06	1.37
84.00	7.21	6.90	6.90	0.00	0.00	0.00	0.88	1.45	0.00	0.00	1.35	0.00	1.38	1.33	0.49
85.00	7.20	6.90	6.90	0.00	0.00	1.13	2.72	4.63	2.91	0.00	0.00	0.00	1.71	1.45	1.15
86.00	7.21	6.90	6.90	0.00	0.00	4.32	4.15	2.38	2.71	0.00	2.43	3.05	1.91	3.26	1.70
87.00	7.20	6.90	6.90	0.00	0.00	0.00	2.10	2.80	4.36	0.00	0.02	2.06	0.00	0.00	1.57
88.00	7.20	6.90	6.90	0.00	0.00	1.04	2.73	5.33	1.77	0.00	2.05	0.00	3.26	2.73	1.46
89.00	7.21	6.90	6.90	0.00	0.00	5.71	5.70	2.80	0.00	0.00	0.00	0.00	4.51	4.20	3.62
90.00	7.20	6.90	6.90	0.00	1.24	1.97	1.90	3.63	1.48	0.00	2.65	2.92	2.98	1.51	0.55
91.00	7.21	6.90	6.90	0.00	0.35	0.00	1.20	2.48	2.30	0.00	1.41	0.02	2.58	0.00	0.07
92.00	7.20	6.90	6.90	0.00	0.82	0.22	1.33	2.41	2.83	0.00	1.02	3.10	3.10	1.64	0.49
93.00	7.21	6.90	6.90	0.00	0.74	0.00	3.16	2.05	3.37	0.00	0.00	1.20	0.00	1.46	0.38
94.00	7.20	6.90	6.90	0.12	0.92	0.88	1.54	1.78	2.81	0.00	1.06	4.20	1.11	0.98	0.00
95.00	7.20	6.90	6.90	0.00	1.46	0.00	2.76	3.23	1.57	0.00	0.99	1.65	0.49	3.85	0.00
96.00	7.21	6.90	6.90	0.00	0.37	0.00	3.77	4.79	1.84	0.00	1.38	2.11	0.54	0.00	0.00
97.00	7.20	6.90	6.90	0.00	0.86	0.00	2.08	1.26	4.75	0.00	1.37	1.22	1.91	0.15	0.00
98.00	7.21	6.89	6.89	0.00	0.00	0.00	1.39	1.75	1.80	0.00	1.22	2.28	3.49	0.14	0.00
99.00	7.20	6.90	6.90	0.00	0.00	0.01	2.53	2.33	2.14	0.00	0.00	1.98	2.20	0.65	0.00
100.00	7.20	6.90	6.90	0.00	0.00	0.07	0.12	2.19	3.21	0.00	0.55	0.00	2.20	0.02	0.58
101.00	7.21	6.90	6.90	0.00	0.00	0.00	2.64	0.49	2.60	0.00	1.40	1.90	0.07	0.78	0.02
102.00	7.20	6.90	6.90	0.12	0.62	0.48	2.97	3.74	1.91	0.00	0.00	0.00	1.78	0.39	1.60
103.00	7.21	6.90	6.90	0.00	0.73	0.00	0.40	2.23	0.85	0.00	0.27	1.95	0.73	0.00	0.00
104.00	7.20	6.90	6.90	0.00	0.71	0.00	0.14	0.00	0.00	0.00	1.37	0.00	0.19	0.12	0.00
105.00	7.20	6.90	6.90	0.11	0.00	1.31	4.19	2.44	4.95	0.00	0.54	3.38	0.53	1.52	3.09
106.00	7.21	6.90	6.90	0.00	0.00	0.00	5.70	0.54	1.77	0.00	0.00	1.52	3.34	0.00	0.58
107.00	7.20	6.90	6.90	0.00	0.00	0.00	4.45	1.93	1.60	0.00	0.91	0.47	0.79	0.02	0.00
108.00	7.21	6.90	6.90	0.00	0.00	0.00	5.33	4.80	2.44	0.07	1.64	0.00	1.18	0.00	1.20
109.00	7.20	6.90	6.90	0.00	0.00	0.28	0.05	3.23	3.56	2.05	0.92	2.56	0.02	1.38	0.00
110.00	7.21	6.90	6.90	0.00	0.00	0.38	4.57	3.70	2.43	2.19	0.52	3.54	3.89	1.17	0.92
111.00	7.20	6.90	6.90	0.00	0.00	0.00	3.17	1.15	2.58	1.68	1.30	0.00	1.95	0.00	0.67
112.00	7.20	6.90	6.90	0.00	0.55	0.00	0.00	0.61	2.43	1.55	0.00	3.14	1.20	0.00	1.68
113.00	7.21	6.90	6.90	0.00	1.13	0.00	2.97	2.89	2.31	0.00	0.32	3.31	1.28	0.00	0.11
114.00	7.20	6.89	6.89	0.08	1.88	0.85	1.14	0.00	0.00	1.24	0.49	2.70	0.00	2.16	0.44
115.00	7.21	6.90	6.90	0.00	1.81	0.00	2.13	3.01	0.49	0.49	0.00	0.00	1.41	0.49	0.08
116.00	7.20	6.90	6.90	0.00	0.33	0.00	3.91	5.52	5.53	5.63	1.65	0.99	3.49	0.49	1.78
117.00	7.20	6.90	6.90	0.00	0.00	0.00	5.48	4.19	3.77	3.67	1.35	0.00	3.20	0.00	2.41
118.00	7.21	6.90	6.90	0.00	0.00	0.00	5.76	5.92	2.73	6.30	0.00	6.05	0.13	0.00	3.53
119.00	7.20	6.90	6.90	0.00	0.00	0.00	5.69	5.32	2.93	5.41	0.00	5.10	4.50	0.00	3.60
10.2.1.2	7.34	8.94
10.2.1.3	7.03	8.07
10.2.1.4	7.03	21.85
10.1.1.4	0.01	2448456.98
10.1.1.5	0.39	494713.61
10.1.1.6	0.37	260128.13
10.1.1.7	2.24	145259.69
10.1.1.8	1.97	157104.78
10.1.1.9	1.37	323607.61
10.1.1.10	2.96	90290.83
10.1.1.11	0.77	385959.62
10.1.1.12	1.72	285042.17
10.1.1.13	1.33	134156.30
10.1.1.14	0.95	367756.49
10.1.1.15	0.71	254758.54
