Waf: Entering directory `/home/synrg-sc1/Desktop/Jiaming/ns-3.29-mesh/build'
Waf: Leaving directory `/home/synrg-sc1/Desktop/Jiaming/ns-3.29-mesh/build'
Build commands will be stored in build/compile_commands.json
'build' finished successfully (4.977s)
CreateVariables () DONE !!!
Creating 10 APs 50.00 m apart.
CreateApNodes () DONE !!!
Creating 0 CLs 20.00 m away from each AP.
CreateClNodes () DONE !!!
CreateNodes () DONE !!!
CreateMeshDevices () DONE !!!
CreateWifiDevices () DONE !!!
CreateCsmaDevices () DONE !!!
CreateDevices () DONE !!!
InstallInternetStack () DONE !!!
Gateway is connect to AP 0
InstallApplications () DONE !!!
Starting simulation for 120.00 s ...
-------------------------------------------------
Time[s]	ap-0	ap-1	ap-2	ap-3	ap-4	ap-5	ap-6	ap-7	ap-8	ap-9
2.00	8.40	6.29	0.00	0.00	0.00	0.00	0.00	0.00	0.00	0.00
3.00	8.40	6.30	0.00	0.00	0.64	0.00	0.00	0.00	0.00	2.46
4.00	8.40	6.30	0.00	0.00	1.41	0.00	0.00	0.00	0.00	2.57
5.00	8.41	6.30	0.00	0.00	2.27	0.00	0.41	0.00	0.00	2.12
6.00	8.40	6.30	0.00	0.00	0.00	0.00	0.35	0.00	0.21	2.90
7.00	8.40	6.30	0.00	0.00	0.00	0.00	0.00	0.00	0.00	0.31
8.00	8.41	6.30	0.00	0.00	0.00	0.00	0.00	0.00	0.00	2.81
9.00	8.40	6.30	0.00	0.00	1.53	0.00	0.02	0.00	0.01	2.23
10.00	8.40	6.30	0.00	0.00	0.00	0.00	0.04	0.00	0.00	2.80
11.00	8.41	6.30	0.00	0.00	0.00	0.00	0.00	0.00	0.00	0.00
12.00	8.40	6.30	0.00	0.00	0.00	0.00	0.02	0.00	0.00	0.89
13.00	8.40	6.30	0.00	0.00	0.31	0.00	0.26	0.00	0.05	2.79
14.00	8.41	6.30	0.00	0.00	0.01	0.00	1.35	0.00	0.20	2.00
15.00	8.40	6.30	0.00	0.00	2.78	0.00	0.00	0.00	0.00	2.19
16.00	8.40	6.30	0.00	0.00	0.51	0.00	0.00	0.00	0.00	2.14
17.00	8.41	6.30	0.00	0.00	2.36	0.00	0.00	0.00	0.00	4.19
18.00	8.40	6.30	0.00	0.00	0.00	0.00	0.41	0.00	0.06	3.31
19.00	8.40	6.30	0.00	0.00	0.31	0.00	0.00	0.00	0.00	3.07
20.00	8.40	6.30	0.00	0.00	2.03	0.00	0.31	0.00	0.00	2.66
21.00	8.41	6.30	0.00	0.00	0.60	0.00	1.24	0.00	0.02	1.78
22.00	8.40	6.30	0.00	0.00	0.31	0.00	0.00	0.00	0.00	1.14
23.00	8.40	6.30	0.00	0.00	0.31	0.00	0.08	0.00	0.00	3.58
24.00	8.41	6.30	0.00	0.00	0.00	0.00	0.35	0.00	0.00	2.13
25.00	8.40	6.30	0.00	0.00	0.27	0.00	0.00	0.00	0.06	0.61
26.00	8.40	6.30	0.00	0.00	0.11	0.00	0.77	0.00	0.02	2.58
27.00	8.41	6.30	0.00	0.00	1.50	0.00	0.00	0.00	0.05	2.03
28.00	8.40	6.30	0.00	0.00	2.44	0.00	0.62	0.00	0.04	2.16
29.00	8.40	6.30	0.00	0.00	0.24	0.00	0.00	0.00	0.00	3.19
30.00	8.41	6.30	0.00	0.00	0.00	0.00	0.00	0.00	0.00	1.73
31.00	8.40	6.30	0.00	0.00	0.01	0.00	2.13	0.00	0.33	1.12
32.00	8.40	6.30	0.00	0.00	0.75	0.00	0.91	0.00	0.07	3.07
33.00	8.41	6.30	0.00	0.00	1.87	0.00	0.86	0.00	0.05	3.25
34.00	8.40	6.30	0.00	0.00	1.08	0.00	1.65	0.00	0.11	3.33
35.00	8.40	6.30	0.00	0.00	0.00	0.00	0.53	0.00	0.15	3.18
36.00	8.41	6.30	0.00	0.00	0.61	0.00	0.00	0.00	0.00	2.16
37.00	8.40	6.30	0.00	0.00	0.21	0.00	0.31	0.00	0.00	2.06
38.00	8.40	6.30	0.00	0.00	5.02	0.00	0.00	0.00	0.04	3.23
39.00	8.40	6.30	0.00	0.00	5.32	0.00	0.00	0.00	0.00	3.25
40.00	8.41	6.30	0.00	0.00	1.52	0.00	0.47	0.00	0.00	2.08
41.00	8.40	6.30	0.00	0.00	0.58	0.00	1.40	0.00	0.11	1.68
42.00	8.40	6.30	0.00	0.00	0.35	0.00	0.00	0.00	0.00	2.64
43.00	8.41	6.30	0.00	0.00	0.00	0.00	0.35	0.00	0.00	0.75
44.00	8.40	6.30	0.00	0.00	1.17	0.00	0.00	0.00	0.01	0.00
45.00	8.40	6.30	0.00	0.00	0.00	0.00	0.00	0.00	0.00	2.89
46.00	8.41	6.30	0.00	0.00	0.98	0.00	0.79	0.00	0.41	3.29
47.00	8.40	6.30	0.00	0.00	0.00	0.00	0.00	0.00	0.00	2.07
48.00	8.40	6.30	0.00	0.00	0.41	0.00	0.24	0.00	0.20	3.19
49.00	8.41	6.30	0.00	0.00	1.83	0.00	0.78	0.00	0.21	1.87
50.00	8.40	6.30	0.00	0.00	1.35	0.00	0.31	0.00	0.04	2.46
51.00	8.40	6.30	0.00	0.00	0.92	0.00	0.32	0.00	0.21	3.53
52.00	8.41	6.30	0.00	0.00	0.71	0.00	0.00	0.00	0.00	3.32
53.00	8.40	6.30	0.00	0.00	0.25	0.00	1.22	0.00	0.00	2.66
54.00	8.40	6.30	0.00	0.00	0.00	0.00	0.86	0.00	0.11	1.66
55.00	8.41	6.30	0.00	0.00	1.40	0.00	0.00	0.00	0.02	1.99
56.00	8.40	6.30	0.00	0.00	1.37	0.00	0.21	0.00	0.14	3.31
57.00	8.40	6.30	0.00	0.00	0.06	0.00	0.00	0.00	0.05	0.66
58.00	8.40	6.30	0.00	0.00	0.04	0.00	0.66	0.00	0.04	1.67
59.00	8.41	6.30	0.00	0.00	0.00	0.00	0.08	0.00	0.00	1.47
60.00	8.40	6.30	0.00	0.00	1.74	0.00	0.01	0.00	0.08	3.12
61.00	8.40	6.30	0.00	0.00	1.59	0.00	1.28	0.00	0.00	3.01
62.00	8.41	6.30	0.00	0.00	1.18	0.00	0.58	0.00	0.09	2.20
63.00	8.40	6.30	0.00	0.00	0.71	0.00	0.40	0.00	0.02	3.26
64.00	8.40	6.30	0.00	0.00	2.37	0.00	1.15	0.00	0.07	2.85
65.00	8.41	6.30	0.00	0.00	1.57	0.00	0.62	0.00	0.00	2.53
66.00	8.40	6.30	0.00	0.00	1.22	0.00	1.02	0.00	0.26	2.40
67.00	8.40	6.30	0.00	0.00	0.31	0.00	0.77	0.00	0.14	2.61
68.00	8.41	6.30	0.00	0.00	0.00	0.00	1.46	0.00	0.12	3.05
69.00	8.40	6.30	0.00	0.00	0.47	0.00	0.25	0.00	0.02	1.34
70.00	8.40	6.30	0.00	0.00	2.44	0.00	0.94	0.00	0.01	2.80
71.00	8.41	6.30	0.00	0.00	1.52	0.00	0.12	0.00	0.19	2.00
72.00	8.40	6.30	0.00	0.00	0.47	0.00	0.00	0.00	0.00	2.32
73.00	8.40	6.30	0.00	0.00	1.31	0.00	0.00	0.04	0.11	3.51
74.00	8.41	6.30	0.00	0.00	0.00	0.00	0.33	0.25	0.00	2.85
75.00	8.40	6.29	0.00	0.00	0.00	0.00	0.35	0.00	0.00	3.09
76.00	8.40	6.30	0.00	0.00	1.25	0.00	0.01	0.00	0.24	2.39
77.00	8.40	6.30	0.00	0.00	0.31	0.00	0.00	0.00	0.00	1.21
78.00	8.41	6.30	0.00	0.00	2.32	0.00	0.49	0.00	0.00	3.56
79.00	8.40	6.30	0.00	0.00	2.13	0.00	0.37	0.00	0.04	2.20
80.00	8.40	6.30	0.00	0.00	1.05	0.00	0.00	0.00	0.00	1.98
81.00	8.41	6.30	0.00	0.00	0.44	0.00	0.57	0.00	0.01	0.93
82.00	8.40	6.30	0.00	0.00	0.60	0.00	0.00	0.00	0.00	2.00
83.00	8.40	6.30	0.00	0.00	0.21	0.00	0.00	0.00	0.00	1.94
84.00	8.41	6.30	0.00	0.00	0.58	0.00	0.41	0.00	0.04	2.79
85.00	8.40	6.30	0.00	0.00	0.47	0.00	1.50	0.00	0.58	3.39
86.00	8.40	6.30	0.00	0.00	4.44	0.00	0.00	0.00	0.00	0.86
87.00	8.41	6.30	0.00	0.00	0.93	0.00	0.01	0.00	0.00	3.45
88.00	8.40	6.30	0.00	0.00	0.45	0.00	0.00	0.00	0.00	1.50
89.00	8.40	6.30	0.00	0.00	1.22	0.00	0.93	0.00	0.02	1.67
90.00	8.41	6.30	0.00	0.00	0.20	0.00	3.05	0.00	0.11	2.52
91.00	8.40	6.30	0.00	0.00	0.01	0.00	0.27	0.00	0.44	1.15
92.00	8.40	6.30	0.00	0.00	0.00	0.00	0.49	0.00	0.00	2.83
93.00	8.41	6.30	0.00	0.00	0.81	0.00	0.00	0.00	0.00	3.25
94.00	8.40	6.30	0.00	0.00	1.47	0.00	0.00	0.00	0.00	1.90
95.00	8.40	6.30	0.00	0.00	0.05	0.00	0.45	0.00	0.00	3.26
96.00	8.40	6.30	0.00	0.00	0.31	0.00	0.28	0.00	0.00	2.58
97.00	8.41	6.30	0.00	0.00	0.00	0.00	0.00	0.00	0.00	2.78
98.00	8.40	6.30	0.00	0.00	0.00	0.00	0.58	0.00	0.16	2.40
99.00	8.40	6.30	0.00	0.00	0.00	0.00	0.00	0.00	0.00	2.94
100.00	8.41	6.30	0.00	0.00	0.00	0.00	0.00	0.00	0.00	0.13
101.00	8.40	6.30	0.00	0.00	0.07	0.00	1.31	0.00	0.06	2.24
102.00	8.40	6.30	0.00	0.00	0.00	0.00	0.00	0.00	0.00	3.30
103.00	8.41	6.30	0.00	0.00	1.52	0.00	0.65	0.00	0.00	2.16
104.00	8.40	6.30	0.00	0.00	0.79	0.00	0.91	0.00	0.00	2.00
105.00	8.40	6.30	0.00	0.00	0.53	0.00	0.00	0.02	0.00	2.64
106.00	8.41	6.30	0.00	0.00	0.72	0.00	0.62	0.00	0.08	0.48
107.00	8.40	6.30	0.00	0.00	0.00	0.00	0.31	0.00	0.00	1.87
108.00	8.40	6.30	0.00	0.00	0.00	0.00	0.00	0.00	0.00	1.12
109.00	8.41	6.30	0.00	0.35	0.21	0.00	0.32	0.00	0.11	1.50
110.00	8.40	6.30	0.00	0.00	0.00	0.00	0.01	0.00	0.02	3.09
111.00	8.40	6.30	0.02	0.00	0.33	0.00	0.88	0.00	0.15	1.72
112.00	8.41	6.30	0.12	0.79	1.22	0.00	0.28	0.00	0.20	0.73
113.00	8.40	6.30	0.00	0.01	0.00	0.00	0.00	0.00	0.01	3.14
114.00	8.40	6.30	0.00	0.01	0.80	0.00	0.02	0.00	0.06	1.80
115.00	8.40	6.30	0.00	0.00	0.00	0.00	2.06	0.00	0.06	1.93
116.00	8.41	6.30	0.00	0.00	1.27	0.00	0.00	0.00	0.00	1.52
117.00	8.40	6.30	0.00	0.00	2.08	0.00	0.00	0.00	0.00	3.33
118.00	8.40	6.30	0.00	0.00	0.84	0.00	1.04	0.00	0.00	2.56
119.00	8.41	6.30	0.00	0.47	0.52	0.00	0.61	0.00	0.11	1.65
10.2.1.2	8.56	7.80
10.2.1.3	6.42	8.26
10.1.1.3	0.66	117040.83
10.1.1.4	0.16	573415.74
10.1.1.5	0.84	318694.75
10.1.1.6	0	0
10.1.1.7	0.43	354579.72
10.1.1.8	0.01	88205.42
10.1.1.9	0.06	578740.35
10.1.1.10	2.34	53664.32
