Waf: Entering directory `/home/synrg-sc1/Desktop/Jiaming/ns-3.29-mesh/build'
Waf: Leaving directory `/home/synrg-sc1/Desktop/Jiaming/ns-3.29-mesh/build'
Build commands will be stored in build/compile_commands.json
'build' finished successfully (5.138s)
CreateVariables () DONE !!!
Creating 16 APs 50.00 m apart.
CreateApNodes () DONE !!!
Creating 0 CLs 20.00 m away from each AP.
CreateClNodes () DONE !!!
CreateNodes () DONE !!!
CreateMeshDevices () DONE !!!
CreateWifiDevices () DONE !!!
CreateCsmaDevices () DONE !!!
CreateDevices () DONE !!!
InstallInternetStack () DONE !!!
Gateway is connect to AP 0
InstallApplications () DONE !!!
Starting simulation for 120.00 s ...
-------------------------------------------------
Time[s]	ap-0	ap-1	ap-2	ap-3	ap-4	ap-5	ap-6	ap-7	ap-8	ap-9	ap-10	ap-11	ap-12	ap-13	ap-14	ap-15
2.00	7.15	6.89	0.00	0.00	0.00	0.00	0.71	0.00	0.00	0.00	0.00	0.00	0.35	0.00	0.28	0.00
3.00	7.20	6.90	0.41	0.00	0.00	0.00	0.99	0.00	2.01	0.54	1.28	0.00	0.00	0.00	0.33	0.09
4.00	7.21	6.90	0.09	0.00	0.51	0.00	1.30	0.00	0.00	0.07	0.55	0.00	0.00	0.00	0.52	0.80
5.00	7.20	6.90	0.00	0.00	0.00	0.00	0.04	2.05	0.00	0.40	0.00	0.00	1.06	0.00	0.29	0.54
6.00	7.21	6.90	1.15	0.00	1.47	0.00	0.22	0.00	0.01	0.19	1.81	0.00	1.45	0.00	0.84	1.04
7.00	7.20	6.90	0.73	0.00	2.61	0.00	0.00	0.00	0.67	0.20	0.19	0.00	0.22	0.09	0.35	0.86
8.00	7.20	6.90	0.12	0.00	0.85	0.00	0.00	2.16	0.00	0.00	0.99	0.00	0.25	1.72	0.33	0.59
9.00	7.21	6.90	0.00	0.00	0.99	0.00	0.00	0.00	0.00	0.00	0.49	0.00	0.55	0.00	0.59	0.73
10.00	7.20	6.90	0.15	0.00	0.00	0.00	1.70	0.00	0.00	0.00	0.00	0.00	0.00	1.44	0.49	0.45
11.00	7.21	6.90	0.72	0.00	0.00	0.00	1.38	0.00	0.00	0.61	0.00	0.00	2.60	0.49	0.74	1.31
12.00	7.20	6.90	0.87	0.01	0.00	0.00	0.00	0.00	0.00	0.19	0.00	0.00	0.99	0.00	0.35	0.91
13.00	7.20	6.90	0.05	0.00	0.00	0.00	0.00	0.57	0.00	0.42	2.45	0.00	0.00	0.00	0.87	0.74
14.00	7.21	6.90	0.26	0.00	0.99	0.00	0.00	0.69	0.00	0.47	0.55	0.00	0.62	0.00	0.64	0.82
15.00	7.20	6.90	1.01	0.28	1.24	0.00	1.73	0.00	1.70	0.02	1.93	0.00	0.49	0.00	0.09	0.85
16.00	7.21	6.90	0.62	0.00	0.00	0.00	3.78	0.00	0.00	0.67	0.99	0.00	1.81	1.38	0.06	0.32
17.00	7.20	6.89	0.85	0.14	1.41	0.00	0.39	0.00	0.22	0.44	1.75	0.00	0.14	0.00	0.92	0.46
18.00	7.21	6.90	0.00	0.00	0.00	0.31	0.99	1.07	0.89	0.07	1.83	0.00	0.00	1.84	0.93	0.99
19.00	7.20	6.90	0.00	0.00	1.39	0.00	1.48	0.00	2.00	0.31	2.60	0.00	0.87	0.00	0.78	0.00
20.00	7.20	6.90	0.49	0.00	0.11	0.00	1.31	0.00	0.06	0.16	0.99	0.00	0.87	1.33	0.75	1.66
21.00	7.21	6.90	0.00	0.00	0.00	0.00	1.11	0.12	1.45	0.28	1.88	0.00	0.00	0.49	0.89	0.00
22.00	7.20	6.90	2.17	0.44	0.00	0.00	0.00	0.00	0.00	0.82	0.00	0.00	2.01	0.00	1.66	1.32
23.00	7.21	6.90	0.49	0.00	0.49	0.00	1.39	0.49	1.00	0.22	2.44	0.00	0.00	0.00	0.73	0.57
24.00	7.20	6.90	1.08	0.53	0.91	0.00	2.61	0.00	0.85	0.14	0.00	0.00	0.00	0.00	0.00	0.16
25.00	7.20	6.90	1.90	0.29	0.99	0.00	3.24	1.42	0.15	0.67	2.89	0.00	0.00	1.41	0.67	1.17
26.00	7.21	6.90	1.31	0.00	1.32	0.00	0.61	0.04	0.28	1.20	1.55	0.00	0.55	2.20	1.04	0.91
27.00	7.20	6.90	0.00	0.00	0.00	0.80	0.87	2.92	0.58	1.31	1.27	0.00	0.47	0.00	0.99	0.81
28.00	7.21	6.90	0.37	0.00	1.73	0.02	0.49	0.29	0.49	0.64	2.24	0.00	0.20	0.12	0.08	0.00
29.00	7.20	6.90	1.54	0.00	1.75	0.01	4.29	3.12	0.20	0.60	0.00	0.00	0.07	0.78	2.39	0.00
30.00	7.20	6.90	2.18	0.72	3.59	0.00	0.93	0.49	3.25	0.68	0.00	0.00	0.93	0.00	0.68	0.77
31.00	7.21	6.90	0.00	0.00	0.00	0.33	0.32	0.33	0.46	1.47	0.02	0.00	0.89	0.18	0.00	0.65
32.00	7.20	6.90	1.81	0.00	1.44	0.00	1.27	0.00	0.54	0.00	0.69	0.00	0.00	0.00	0.00	0.22
33.00	7.21	6.90	0.00	0.00	0.49	0.00	0.38	0.00	0.99	0.61	0.00	0.00	0.00	0.28	0.00	0.12
34.00	7.20	6.89	0.16	0.00	2.59	0.00	0.00	0.00	0.00	0.65	0.00	0.00	0.16	0.00	0.00	1.08
35.00	7.21	6.90	2.85	0.39	0.59	0.00	1.39	0.28	0.67	0.52	0.75	0.00	0.14	0.00	0.00	0.52
36.00	7.20	6.90	0.00	0.00	0.61	0.00	1.38	1.22	0.69	1.01	1.27	0.00	0.16	1.48	0.49	1.11
37.00	7.20	6.90	2.31	0.00	0.99	0.00	0.00	1.05	0.34	0.59	2.24	0.00	0.00	0.00	0.00	0.12
38.00	7.21	6.90	1.15	1.22	0.00	0.54	3.62	2.40	0.00	0.28	1.32	0.00	0.00	0.49	0.00	1.38
39.00	7.20	6.90	0.73	0.00	1.92	0.00	1.91	1.08	0.49	0.51	1.91	0.00	0.00	0.99	1.21	0.72
40.00	7.21	6.90	0.32	0.00	0.00	0.00	0.00	2.51	3.04	0.85	1.26	0.00	0.00	0.00	0.85	0.67
41.00	7.20	6.90	0.44	0.00	0.67	0.00	0.94	0.46	0.15	0.09	1.32	0.00	0.55	0.47	0.00	0.92
42.00	7.20	6.90	0.09	0.00	1.33	0.00	2.72	1.58	0.47	1.18	0.00	0.00	0.32	0.99	1.98	0.89
43.00	7.21	6.90	0.00	0.00	0.00	1.12	0.00	3.93	0.64	0.35	1.24	0.00	1.48	0.71	0.00	0.89
44.00	7.20	6.90	0.19	0.08	1.00	0.49	1.55	1.40	0.06	0.46	3.24	0.00	0.05	2.57	0.00	0.82
45.00	7.21	6.90	0.00	0.00	0.49	0.00	0.00	1.85	0.39	1.15	0.09	0.00	0.33	0.00	0.49	0.49
46.00	7.20	6.90	0.00	0.00	1.57	0.00	0.95	0.12	1.94	0.65	3.53	0.00	0.87	0.00	1.53	0.01
47.00	7.21	6.90	0.00	0.00	0.57	0.00	1.66	0.00	0.00	0.18	0.00	0.00	0.54	0.00	0.00	0.91
48.00	7.20	6.90	0.49	0.00	0.49	0.00	1.68	2.26	1.87	1.10	0.00	0.00	0.08	1.48	0.00	0.91
49.00	7.20	6.90	1.08	0.00	0.25	0.00	0.54	0.00	1.50	1.17	4.65	0.00	0.84	1.05	0.49	0.91
50.00	7.21	6.89	0.00	0.00	0.66	0.00	2.26	0.99	0.49	0.00	2.58	0.00	0.92	0.00	0.00	0.82
51.00	7.20	6.90	0.00	0.00	0.87	0.00	1.71	0.00	3.25	0.59	3.16	0.00	0.00	2.07	0.00	0.60
52.00	7.21	6.90	0.49	0.00	0.22	0.00	0.00	1.75	0.00	0.01	1.55	0.00	0.52	0.49	0.00	0.78
53.00	7.20	6.90	0.00	0.00	0.12	0.00	0.99	2.00	0.48	0.05	0.11	0.00	0.00	0.00	0.00	0.59
54.00	7.20	6.90	0.07	0.00	2.08	0.24	1.72	2.17	2.03	0.19	2.58	0.00	0.20	1.93	0.00	1.07
55.00	7.21	6.90	1.39	0.00	2.91	0.00	0.49	0.15	1.32	0.44	2.54	0.00	1.08	1.47	2.93	0.89
56.00	7.20	6.90	1.22	0.00	0.99	0.00	0.20	3.09	0.49	1.51	1.28	0.00	1.97	3.79	0.25	0.91
57.00	7.21	6.90	0.59	0.06	1.25	0.00	3.24	2.68	0.57	2.12	0.00	0.00	0.66	0.41	0.16	0.89
58.00	7.20	6.90	1.28	0.97	2.40	0.93	3.16	4.70	1.72	1.00	0.00	0.00	1.35	1.91	0.00	0.53
59.00	7.20	6.90	0.00	0.00	0.00	0.00	3.97	2.16	0.87	0.53	2.73	0.00	0.98	0.80	1.99	0.82
60.00	7.21	6.90	1.22	0.00	0.35	0.00	1.33	0.00	0.19	0.80	3.64	0.00	0.87	0.49	0.00	0.88
61.00	7.20	6.90	0.00	0.00	1.40	0.00	0.49	0.00	0.04	0.35	2.77	0.00	0.00	0.00	0.49	0.94
62.00	7.21	6.90	1.22	0.00	0.22	0.00	0.09	1.01	0.00	0.40	1.14	0.00	0.00	0.00	0.00	0.86
63.00	7.20	6.90	1.01	0.00	0.21	0.00	0.99	2.61	0.81	0.02	2.37	0.00	1.41	1.41	0.00	0.65
64.00	7.21	6.90	2.65	0.00	0.49	0.00	0.00	1.66	0.99	0.06	3.69	0.00	0.00	0.05	0.00	0.05
65.00	7.20	6.90	4.02	0.00	1.47	0.00	1.80	1.25	0.85	0.55	3.51	0.00	1.26	2.27	0.93	0.37
66.00	7.20	6.89	0.49	0.00	1.30	0.00	0.60	1.46	0.00	0.84	3.00	0.00	1.18	0.00	1.22	0.87
67.00	7.21	6.90	2.52	0.00	2.17	0.00	0.46	3.38	1.64	0.73	1.12	0.00	1.52	0.49	0.99	0.92
68.00	7.20	6.90	0.33	0.66	1.48	0.00	1.73	1.72	1.97	0.33	1.38	0.00	0.52	1.39	0.75	0.55
69.00	7.21	6.90	0.35	0.14	2.08	0.00	0.49	1.50	1.58	0.02	2.24	0.00	1.17	0.00	0.49	0.49
70.00	7.20	6.90	1.38	0.00	2.00	0.00	1.81	1.67	0.45	0.05	0.61	0.00	0.97	0.00	0.00	0.00
71.00	7.20	6.90	0.00	0.00	1.33	0.00	1.40	0.66	0.20	0.00	1.46	0.00	0.00	0.00	0.00	0.65
72.00	7.21	6.90	0.00	0.00	0.05	0.00	0.00	0.00	0.14	0.00	0.49	0.00	0.00	0.93	0.00	0.68
73.00	7.20	6.90	1.79	0.00	6.06	0.00	0.89	3.23	2.67	1.64	1.75	0.00	0.99	0.82	1.39	0.99
74.00	7.21	6.90	1.55	0.99	2.37	0.00	2.24	0.71	0.12	0.94	1.81	0.00	1.94	0.00	0.49	0.87
75.00	7.20	6.90	2.33	0.00	1.25	0.00	1.63	0.00	2.17	1.41	2.80	0.00	1.01	1.70	3.06	0.44
76.00	7.20	6.90	1.22	0.26	1.48	0.49	1.54	2.52	0.00	1.08	2.20	0.00	0.26	0.25	0.00	0.40
77.00	7.21	6.90	0.00	0.00	3.31	0.00	0.00	0.14	0.00	0.00	0.73	0.00	0.79	0.00	0.02	0.87
78.00	7.20	6.90	0.49	0.00	1.25	0.00	1.68	0.05	0.00	0.00	1.73	0.00	0.28	0.00	0.14	0.82
79.00	7.21	6.90	0.00	0.00	1.91	0.00	0.00	1.35	0.00	0.00	0.00	0.00	0.49	0.00	0.31	0.87
80.00	7.20	6.90	0.99	0.00	1.01	0.00	1.07	0.12	0.00	0.00	0.42	0.00	0.00	1.55	0.13	0.93
81.00	7.21	6.90	0.91	0.00	1.21	0.00	0.00	2.31	0.00	0.00	0.00	0.00	0.00	1.14	0.13	0.94
82.00	7.20	6.89	0.00	0.00	1.52	0.00	0.14	0.00	0.45	0.24	0.45	0.00	0.01	0.00	0.09	0.15
83.00	7.20	6.90	1.42	0.00	0.00	0.00	0.99	0.49	0.49	0.00	2.27	0.00	0.46	0.00	2.80	1.15
84.00	7.21	6.90	0.38	0.00	2.90	0.00	0.00	5.88	0.00	0.40	2.04	0.00	0.29	0.49	1.05	0.82
85.00	7.20	6.90	1.74	0.14	0.40	0.00	2.39	0.00	0.00	0.20	0.13	0.00	0.42	1.77	0.49	0.00
86.00	7.21	6.90	0.00	0.00	1.68	0.00	1.39	0.68	1.27	0.26	0.59	0.00	0.49	1.27	0.68	0.82
87.00	7.20	6.90	0.08	0.00	1.17	0.00	2.53	0.02	1.18	1.11	1.26	0.00	0.00	0.00	0.27	1.01
88.00	7.20	6.90	1.65	0.00	1.95	0.00	3.10	0.09	0.08	1.94	2.01	0.00	1.17	0.00	1.68	0.91
89.00	7.21	6.90	4.00	0.00	1.25	0.00	5.81	4.66	2.67	3.50	4.32	0.00	0.00	2.28	0.00	0.92
90.00	7.20	6.90	3.04	0.99	5.79	0.00	3.16	4.39	4.26	4.17	4.55	0.00	0.16	0.49	1.39	0.89
91.00	7.21	6.90	0.02	0.00	0.00	0.00	1.38	5.26	2.18	1.57	1.84	0.00	1.00	2.11	0.99	0.91
92.00	7.20	6.90	1.39	0.00	0.00	0.00	0.49	0.00	0.99	1.67	2.91	0.00	0.49	0.38	0.00	0.87
93.00	7.21	6.90	0.00	0.00	0.49	0.00	0.88	0.08	1.37	1.63	2.13	0.00	1.17	0.00	1.80	0.92
94.00	7.20	6.90	2.98	0.00	1.74	0.00	0.51	3.24	0.00	0.47	0.12	0.00	0.00	0.00	1.10	0.05
95.00	7.20	6.90	0.00	0.00	0.00	0.00	1.41	1.30	0.00	0.15	1.34	0.00	0.00	1.27	1.68	0.00
96.00	7.21	6.90	0.00	0.00	0.49	0.00	0.00	1.10	0.11	0.86	0.11	0.00	0.00	0.00	0.09	1.00
97.00	7.20	6.90	3.07	0.00	4.13	0.00	1.95	1.59	0.71	1.08	0.49	0.00	0.20	0.08	0.58	0.25
98.00	7.21	6.89	0.00	0.00	0.00	0.00	0.00	0.39	0.00	0.00	1.21	0.00	1.68	0.49	0.00	0.41
99.00	7.20	6.90	0.27	0.00	2.43	0.00	1.08	3.43	2.90	1.50	3.09	0.00	0.73	0.00	0.49	0.79
100.00	7.20	6.90	0.00	0.00	3.52	0.00	0.07	2.54	2.00	0.00	1.95	0.00	1.75	1.31	0.99	0.34
101.00	7.21	6.90	0.92	0.01	1.38	0.00	2.25	0.00	1.93	0.00	0.26	0.00	0.00	0.00	2.60	1.37
102.00	7.20	6.90	0.00	0.00	2.85	0.00	2.28	1.68	1.46	0.38	0.00	0.00	0.39	1.25	0.49	0.91
103.00	7.21	6.90	0.66	0.15	2.64	0.00	1.80	1.11	0.49	0.49	1.15	0.00	0.00	2.64	0.01	0.79
104.00	7.20	6.90	5.62	1.64	5.46	0.00	0.49	0.00	2.87	0.58	1.21	0.00	0.44	1.15	0.00	0.92
105.00	7.20	6.90	1.34	0.26	0.91	0.00	1.27	0.08	0.77	1.21	1.04	0.00	0.19	0.00	0.00	0.91
106.00	7.21	6.90	1.50	0.06	2.28	0.00	0.18	2.76	1.41	0.31	0.00	0.00	1.06	0.00	0.00	0.41
107.00	7.20	6.90	0.49	0.00	1.27	0.00	1.48	0.93	0.61	0.47	4.47	0.00	0.00	1.51	0.00	1.30
108.00	7.21	6.90	2.12	0.00	0.08	0.00	4.46	4.55	1.95	0.51	1.94	0.00	1.75	1.41	0.00	0.94
109.00	7.20	6.90	1.22	0.00	0.07	0.00	1.52	0.98	0.34	0.00	0.02	0.00	0.84	1.47	0.00	0.20
110.00	7.21	6.90	0.07	0.00	0.00	0.00	2.79	0.84	0.21	1.18	1.90	0.00	2.04	1.78	2.07	1.39
111.00	7.20	6.90	0.66	0.00	1.67	0.00	0.40	2.12	2.61	1.98	0.57	0.00	0.57	0.00	0.00	0.48
112.00	7.20	6.90	0.00	0.00	0.00	0.04	2.16	1.33	0.52	0.45	0.11	0.00	0.68	0.00	0.00	0.91
113.00	7.21	6.90	0.92	0.00	0.00	0.00	4.17	1.97	0.51	0.00	0.00	0.00	0.00	0.49	1.61	0.60
114.00	7.20	6.89	1.79	0.00	1.65	0.00	0.00	1.21	0.00	0.21	1.51	0.00	0.00	0.99	0.00	0.95
115.00	7.21	6.90	0.61	0.49	1.57	0.00	2.60	1.57	1.28	1.01	1.71	0.00	1.91	0.99	0.49	0.87
116.00	7.20	6.90	1.50	0.00	2.26	0.00	2.80	0.93	3.44	2.39	3.27	0.00	0.82	1.66	0.49	0.89
117.00	7.20	6.90	0.00	0.00	0.99	0.00	1.78	1.63	2.87	0.00	4.12	0.00	0.82	0.49	2.66	0.41
118.00	7.21	6.90	2.63	0.18	2.33	0.00	0.00	1.32	1.33	0.12	0.40	0.00	1.47	0.00	0.00	0.46
119.00	7.20	6.90	0.28	0.00	0.00	0.00	1.46	0.75	1.73	2.30	2.43	0.00	0.42	2.68	1.86	1.01
10.2.1.2	7.34	8.70
10.2.1.3	7.03	8.09
10.1.1.3	0.92	281154.78
10.1.1.4	0.13	627635.23
10.1.1.5	1.23	272801.86
10.1.1.6	0.06	1011282.73
10.1.1.7	1.32	289024.30
10.1.1.8	1.29	215375.36
10.1.1.9	0.91	182728.85
10.1.1.10	0.66	388107.52
10.1.1.11	1.50	206008.39
10.1.1.12	0	0
10.1.1.13	0.60	422517.63
10.1.1.14	0.73	449706.91
10.1.1.15	0.61	526829.88
10.1.1.16	0.73	123590.35
