Waf: Entering directory `/home/synrg-sc1/Desktop/Jiaming/ns-3.29-mesh/build'
Waf: Leaving directory `/home/synrg-sc1/Desktop/Jiaming/ns-3.29-mesh/build'
Build commands will be stored in build/compile_commands.json
'build' finished successfully (5.116s)
CreateVariables () DONE !!!
Creating 14 APs 50.00 m apart.
CreateApNodes () DONE !!!
Creating 0 CLs 20.00 m away from each AP.
CreateClNodes () DONE !!!
CreateNodes () DONE !!!
CreateMeshDevices () DONE !!!
CreateWifiDevices () DONE !!!
CreateCsmaDevices () DONE !!!
CreateDevices () DONE !!!
InstallInternetStack () DONE !!!
Gateway is connect to AP 0
InstallApplications () DONE !!!
Starting simulation for 120.00 s ...
-------------------------------------------------
Time[s]	ap-0	ap-1	ap-2	ap-3	ap-4	ap-5	ap-6	ap-7	ap-8	ap-9	ap-10	ap-11	ap-12	ap-13
2.00	8.03	7.76	7.49	0.00	0.00	2.33	0.55	0.46	0.05	0.16	0.73	0.00	0.00	0.55
3.00	8.10	7.80	7.50	0.21	0.34	0.74	0.00	0.82	1.02	0.00	1.38	0.38	0.00	0.37
4.00	8.10	7.81	7.50	0.07	1.74	0.00	0.00	0.06	1.44	1.35	1.02	1.21	0.00	1.42
5.00	8.10	7.80	7.50	0.05	0.49	0.09	1.42	0.00	0.25	0.00	0.68	0.97	0.16	0.98
6.00	8.10	7.80	7.50	0.00	0.00	0.00	1.48	0.12	0.31	0.00	0.00	1.30	0.92	0.09
7.00	8.10	7.81	7.50	0.21	0.00	0.08	0.00	1.84	0.93	0.00	0.00	0.47	0.52	1.34
8.00	8.09	7.80	7.50	0.12	1.30	1.27	0.53	0.84	0.14	0.00	1.00	0.55	0.13	0.00
9.00	8.10	7.80	7.50	0.22	0.25	0.94	0.29	1.08	0.20	0.00	0.00	1.72	0.53	0.40
10.00	8.10	7.81	7.49	0.05	0.00	0.07	0.99	0.00	0.87	0.00	0.01	0.35	0.16	0.88
11.00	8.10	7.80	7.50	0.01	0.22	0.40	0.00	0.00	0.80	0.00	0.55	0.37	0.44	0.80
12.00	8.10	7.81	7.50	0.26	0.16	0.47	0.00	0.00	0.31	0.00	0.05	0.49	0.00	0.04
13.00	8.10	7.80	7.50	0.02	0.14	1.05	0.00	0.00	0.28	0.04	0.42	0.64	0.31	0.07
14.00	8.09	7.80	7.50	0.12	0.49	1.28	0.00	1.70	0.71	0.00	0.00	0.31	0.00	0.00
15.00	8.10	7.81	7.50	0.00	0.64	0.26	0.99	0.64	0.26	0.00	0.00	0.00	0.77	0.00
16.00	8.10	7.80	7.50	0.08	0.07	0.27	1.85	3.00	0.00	0.00	0.00	0.39	0.15	0.37
17.00	8.10	7.80	7.50	0.34	0.02	0.95	0.93	0.11	0.00	0.00	1.25	0.85	0.65	0.49
18.00	8.10	7.81	7.50	0.33	0.54	0.61	0.00	0.00	0.00	0.00	0.02	1.67	0.00	0.00
19.00	8.10	7.80	7.49	0.45	0.00	1.15	0.00	0.12	0.46	0.00	0.86	1.24	0.35	0.00
20.00	8.09	7.80	7.50	0.75	0.00	0.88	0.60	0.49	1.13	0.00	2.34	0.93	0.32	0.11
21.00	8.10	7.81	7.50	0.00	1.78	1.04	0.29	5.32	0.77	0.00	0.14	0.42	0.78	0.74
22.00	8.10	7.80	7.50	0.35	0.54	0.09	0.95	0.00	0.59	0.00	0.05	0.72	0.89	1.50
23.00	8.10	7.81	7.50	0.42	0.00	1.17	0.20	1.61	0.92	0.00	0.00	0.61	0.00	1.99
24.00	8.10	7.80	7.50	0.42	0.04	0.18	2.40	3.23	1.14	0.00	0.49	0.72	0.16	0.79
25.00	8.10	7.80	7.50	0.28	0.00	0.85	1.81	3.40	0.87	0.00	0.00	1.22	0.01	1.22
26.00	8.09	7.81	7.50	0.24	0.00	1.14	0.69	1.50	0.24	0.00	0.00	0.85	0.00	1.35
27.00	8.10	7.80	7.50	0.16	0.49	0.97	1.70	0.00	0.54	0.00	0.49	1.17	0.00	0.74
28.00	8.10	7.80	7.49	0.21	0.00	1.31	0.00	0.48	0.29	2.39	0.99	0.92	0.00	1.68
29.00	8.10	7.81	7.50	0.38	0.21	0.00	0.00	0.00	0.18	0.99	1.10	1.27	1.05	0.31
30.00	8.10	7.80	7.50	0.42	1.39	0.40	0.00	0.00	0.53	0.00	1.39	1.35	0.00	0.00
31.00	8.10	7.80	7.50	0.07	0.34	0.35	1.78	1.66	0.73	0.00	1.18	0.73	0.00	0.00
32.00	8.10	7.81	7.50	0.00	0.80	0.78	0.14	0.00	0.49	0.00	0.00	1.52	1.34	0.16
33.00	8.09	7.80	7.50	0.01	0.13	1.25	0.45	0.99	1.25	0.00	1.78	0.49	0.00	0.78
34.00	8.10	7.81	7.50	0.21	2.36	1.53	0.00	0.99	1.01	0.72	0.00	0.65	0.00	1.39
35.00	8.10	7.80	7.50	0.00	0.40	1.47	0.18	3.42	1.25	0.00	1.22	0.52	0.00	0.21
36.00	8.10	7.80	7.50	0.00	0.58	2.25	0.00	1.71	1.20	0.00	0.00	1.25	0.00	0.64
37.00	8.10	7.81	7.49	0.61	0.00	0.13	1.39	0.00	0.59	0.00	0.61	0.85	0.00	0.57
38.00	8.10	7.80	7.50	1.01	0.49	1.25	0.00	1.57	0.31	0.00	0.00	0.94	0.00	1.27
39.00	8.09	7.80	7.50	0.57	0.55	0.00	0.00	0.00	0.73	0.00	0.49	0.97	0.07	0.00
40.00	8.10	7.81	7.50	0.14	1.32	1.01	0.00	2.32	0.33	0.00	0.28	0.35	0.04	0.00
41.00	8.10	7.80	7.50	0.00	0.00	2.64	0.00	2.30	0.45	0.94	0.00	1.63	0.00	0.00
42.00	8.10	7.80	7.50	0.14	0.42	1.18	1.01	0.00	0.00	0.45	0.00	0.86	0.00	0.14
43.00	8.10	7.81	7.50	0.45	0.07	0.73	1.22	0.00	0.00	0.00	2.25	0.80	0.61	1.19
44.00	8.10	7.80	7.50	0.24	0.06	1.31	0.14	0.00	0.49	0.00	0.44	0.74	0.00	0.00
45.00	8.09	7.81	7.50	0.16	0.27	1.90	0.00	0.00	0.65	0.82	1.01	0.66	0.31	0.19
46.00	8.10	7.80	7.49	0.00	0.25	0.02	0.99	0.00	0.52	0.14	0.02	0.00	0.00	0.00
47.00	8.10	7.80	7.50	0.14	0.00	1.54	0.38	0.00	0.34	0.00	0.16	0.20	0.00	1.17
48.00	8.10	7.81	7.50	0.98	0.00	0.77	3.45	0.00	0.05	0.00	0.00	0.68	0.00	0.00
49.00	8.10	7.80	7.50	0.00	0.04	0.79	1.06	0.29	0.45	0.00	1.53	1.17	1.37	1.13
50.00	8.10	7.80	7.50	0.00	0.00	1.73	0.11	0.00	0.54	0.00	0.00	0.89	0.47	0.00
51.00	8.09	7.81	7.50	0.20	0.81	4.40	1.37	1.53	1.20	0.00	0.00	1.04	1.40	0.00
52.00	8.10	7.80	7.50	0.00	2.05	1.51	0.00	0.00	0.09	0.99	0.00	1.91	0.24	0.58
53.00	8.10	7.80	7.50	0.88	0.12	0.05	0.00	5.51	1.47	0.00	1.39	1.24	0.04	0.39
54.00	8.10	7.81	7.50	0.15	0.54	0.60	0.00	0.37	1.22	0.00	0.00	1.70	0.00	0.09
55.00	8.10	7.80	7.49	0.34	0.45	0.64	0.52	0.00	0.55	0.00	0.02	0.89	0.41	1.22
56.00	8.10	7.81	7.50	0.13	2.20	0.77	0.99	0.00	0.94	0.00	0.00	1.21	1.35	1.06
57.00	8.10	7.80	7.50	0.00	0.64	1.00	0.00	1.72	1.44	0.00	0.59	1.20	0.00	0.49
58.00	8.09	7.80	7.50	0.48	0.05	2.74	3.37	0.00	0.92	0.00	1.22	0.52	0.37	0.00
59.00	8.10	7.81	7.50	0.28	0.14	0.02	1.52	0.00	0.40	0.00	0.29	0.97	1.27	0.00
60.00	8.10	7.80	7.50	0.42	0.95	0.99	4.13	0.49	1.15	0.00	0.00	1.65	0.73	0.00
61.00	8.10	7.80	7.50	0.40	0.28	0.45	2.12	0.00	0.80	0.00	0.49	0.32	0.78	0.57
62.00	8.10	7.81	7.50	0.26	0.29	0.22	0.00	0.00	0.59	0.00	1.19	0.09	0.34	0.12
63.00	8.10	7.80	7.50	0.00	0.68	0.28	0.00	0.00	0.78	0.00	0.59	0.49	0.02	0.68
64.00	8.09	7.80	7.49	0.00	0.22	2.58	2.50	0.99	0.91	0.00	2.47	0.25	1.08	0.34
65.00	8.10	7.81	7.50	0.00	0.07	2.04	1.27	0.00	1.02	0.00	0.00	0.92	0.94	1.13
66.00	8.10	7.80	7.50	0.32	0.00	1.63	1.66	0.00	1.12	0.00	0.13	1.11	0.61	0.34
67.00	8.10	7.81	7.50	0.57	0.00	1.01	1.46	0.00	1.39	0.00	2.85	0.60	0.38	0.52
68.00	8.10	7.80	7.50	0.00	0.91	0.33	1.40	0.00	0.54	0.00	0.16	0.62	0.31	0.49
69.00	8.10	7.80	7.50	0.00	0.22	0.49	3.54	0.00	0.00	0.00	0.00	0.99	0.16	0.49
70.00	8.09	7.81	7.50	0.00	0.19	0.02	0.48	0.00	0.82	0.00	0.61	1.44	1.20	1.50
71.00	8.10	7.80	7.50	0.00	0.42	0.24	3.17	0.00	0.99	0.00	0.59	0.86	1.38	0.13
72.00	8.10	7.80	7.50	0.00	1.45	1.94	0.07	0.49	0.59	0.00	0.72	1.11	0.00	0.81
73.00	8.10	7.81	7.49	0.34	0.24	1.35	0.00	0.00	0.66	0.00	1.13	1.63	0.00	0.29
74.00	8.10	7.80	7.50	0.00	0.87	3.49	2.16	0.97	0.28	1.35	1.51	1.58	0.31	1.25
75.00	8.10	7.80	7.50	0.26	0.99	2.34	0.75	0.00	1.55	0.49	3.04	1.55	0.00	0.02
76.00	8.09	7.81	7.50	0.59	0.38	0.06	1.64	0.99	0.54	0.00	0.00	0.88	0.00	1.08
77.00	8.10	7.80	7.50	0.80	0.32	0.12	0.49	0.00	0.21	0.00	0.78	0.64	0.80	1.11
78.00	8.10	7.81	7.50	0.40	0.00	0.59	2.27	0.00	0.46	0.00	3.44	1.34	0.00	0.45
79.00	8.10	7.80	7.50	0.40	0.09	0.24	1.37	0.00	0.49	0.00	0.00	0.54	0.49	0.52
80.00	8.10	7.80	7.50	0.14	1.17	0.61	0.49	0.00	0.09	0.00	0.05	0.16	0.80	0.52
81.00	8.10	7.81	7.50	0.14	0.08	1.07	3.42	3.10	2.00	0.00	0.62	0.45	0.00	0.35
82.00	8.10	7.80	7.49	0.31	0.16	4.16	2.16	0.00	1.30	0.99	2.16	1.92	0.00	0.91
83.00	8.09	7.80	7.50	0.07	0.00	0.35	0.00	0.00	1.34	0.00	0.01	1.27	0.65	0.74
84.00	8.10	7.81	7.50	0.00	0.99	0.16	2.83	0.00	1.11	0.49	0.66	0.85	0.00	0.97
85.00	8.10	7.80	7.50	0.00	0.15	0.00	0.00	1.48	0.59	0.00	0.29	0.75	0.00	0.49
86.00	8.10	7.80	7.50	0.00	0.29	3.71	0.00	4.50	0.54	0.49	0.85	1.45	0.00	0.49
87.00	8.10	7.81	7.50	0.27	2.24	2.45	0.75	3.42	0.00	2.68	0.18	1.60	0.00	1.08
88.00	8.10	7.80	7.50	0.47	0.13	0.09	0.00	0.00	0.00	0.00	1.52	1.59	0.00	0.00
89.00	8.09	7.81	7.50	1.01	1.37	3.59	0.99	0.00	0.00	0.00	0.58	1.20	0.00	1.19
90.00	8.10	7.80	7.50	0.97	0.62	0.67	0.00	1.99	0.00	0.00	0.11	1.18	0.00	0.25
91.00	8.10	7.80	7.49	0.66	0.00	0.02	0.00	0.99	1.21	0.00	0.00	0.78	0.00	0.00
92.00	8.10	7.81	7.50	0.00	0.00	0.59	2.86	0.00	1.32	1.77	0.55	0.66	0.00	0.00
93.00	8.10	7.80	7.50	0.00	1.15	1.87	0.00	3.74	1.74	0.78	0.21	0.58	1.64	0.13
94.00	8.10	7.80	7.50	0.00	0.32	1.30	1.42	1.26	1.22	0.49	0.00	0.00	0.99	0.81
95.00	8.09	7.81	7.50	0.21	1.06	0.58	0.00	0.00	0.54	0.00	0.00	0.38	0.00	0.73
96.00	8.10	7.80	7.50	0.18	0.85	0.75	1.41	3.71	0.88	0.00	0.26	0.49	0.00	0.66
97.00	8.10	7.80	7.50	0.21	0.27	0.09	1.68	0.00	1.57	0.28	0.00	0.06	0.00	1.11
98.00	8.10	7.81	7.50	0.00	2.18	0.01	0.89	0.00	1.22	0.00	0.00	1.42	0.00	1.50
99.00	8.10	7.80	7.50	0.45	0.49	0.00	1.59	2.36	1.48	0.00	0.29	1.47	0.00	1.05
100.00	8.10	7.81	7.49	0.75	0.16	1.30	1.60	1.37	1.08	0.00	1.01	0.59	0.00	1.85
101.00	8.09	7.80	7.50	0.16	0.99	0.05	1.83	0.00	1.44	0.00	2.21	1.20	0.00	1.50
102.00	8.10	7.80	7.50	0.38	0.48	0.00	2.90	5.64	1.17	0.49	0.22	1.12	0.00	0.66
103.00	8.10	7.81	7.50	0.24	0.00	0.27	2.56	0.00	0.85	0.00	0.77	1.38	0.00	0.97
104.00	8.10	7.80	7.50	0.16	0.00	0.13	0.00	0.00	0.61	0.99	0.00	0.75	0.00	0.00
105.00	8.10	7.80	7.50	0.45	0.13	1.85	3.40	2.76	0.25	0.00	0.45	0.49	0.00	0.84
106.00	8.10	7.81	7.50	0.09	0.12	0.08	3.69	3.30	1.65	0.00	0.26	1.55	0.00	0.28
107.00	8.10	7.80	7.50	0.00	1.39	1.66	4.03	1.46	1.20	0.00	1.58	1.86	0.00	0.00
108.00	8.09	7.80	7.50	0.25	0.94	1.63	0.92	0.00	0.68	0.00	1.24	1.22	0.00	0.39
109.00	8.10	7.81	7.49	0.00	2.05	0.27	0.99	4.51	0.44	0.00	0.77	1.14	0.00	0.82
110.00	8.10	7.80	7.50	0.00	0.54	3.06	2.11	1.86	0.97	0.00	0.00	1.40	0.00	0.00
111.00	8.10	7.81	7.50	0.47	1.53	0.14	1.71	0.00	1.40	0.99	2.91	0.57	0.00	0.87
112.00	8.10	7.80	7.50	0.42	2.97	0.29	0.00	0.00	1.01	0.00	1.01	1.21	0.00	0.49
113.00	8.10	7.80	7.50	0.82	0.16	0.99	0.00	2.79	1.20	0.00	1.21	0.97	0.00	0.00
114.00	8.09	7.81	7.50	0.07	0.52	0.48	2.77	2.00	0.25	0.00	0.00	0.92	0.00	0.40
115.00	8.10	7.80	7.50	0.12	3.47	4.45	0.00	0.13	0.00	1.46	0.95	1.73	0.00	1.57
116.00	8.10	7.80	7.50	0.81	1.52	0.33	0.00	1.80	0.00	1.21	1.26	1.13	0.00	0.29
117.00	8.10	7.81	7.50	0.39	0.00	0.01	0.00	0.99	0.00	1.64	0.65	1.28	0.49	0.31
118.00	8.10	7.80	7.49	0.00	1.35	3.49	1.00	0.21	0.00	0.46	0.00	1.27	0.00	0.31
119.00	8.10	7.80	7.50	0.01	1.14	0.32	0.74	2.20	0.00	0.15	1.41	1.00	0.49	0.88
10.2.1.2	8.25	8.22
10.2.1.3	7.95	8.27
10.2.1.4	7.64	8.04
10.1.1.4	0.26	780442.63
10.1.1.5	0.61	309180.49
10.1.1.6	1.02	371406.10
10.1.1.7	1.04	367215.13
10.1.1.8	0.98	451132.90
10.1.1.9	0.72	489098.77
10.1.1.10	0.23	893019.05
10.1.1.11	0.65	275150.70
10.1.1.12	0.97	569507.11
10.1.1.13	0.29	803486.46
10.1.1.14	0.60	217331.93
