Waf: Entering directory `/home/synrg-sc1/Desktop/Jiaming/ns-3.29-mesh/build'
Waf: Leaving directory `/home/synrg-sc1/Desktop/Jiaming/ns-3.29-mesh/build'
Build commands will be stored in build/compile_commands.json
'build' finished successfully (4.587s)
CreateVariables () DONE !!!
Creating 20 APs 50.00 m apart.
CreateApNodes () DONE !!!
Creating 0 CLs 20.00 m away from each AP.
CreateClNodes () DONE !!!
CreateNodes () DONE !!!
CreateMeshDevices () DONE !!!
CreateWifiDevices () DONE !!!
CreateCsmaDevices () DONE !!!
CreateDevices () DONE !!!
InstallMeshInternetStack () DONE !!!
InstallWifiInternetStack () DONE !!!
InstallCsmaInternetStack () DONE !!!
InstallInternetStack () DONE !!!
Gateway is connect to AP 0
InstallApplications () DONE !!!
Starting simulation for 40.00 s ...
-------------------------------------------------
Time[s]	ap-0	ap-1	ap-2	ap-3	ap-4	ap-5	ap-6	ap-7	ap-8	ap-9	ap-10	ap-11	ap-12	ap-13	ap-14	ap-15	ap-16	ap-17	ap-18	ap-19
2.00	0.00	0.00	0.00	0.00	0.00	0.00	0.00	0.00	0.00	0.00	0.00	0.00	0.00	0.00	0.00	0.00	0.00	0.00	0.00	0.00
3.00	28.53	0.00	0.00	0.00	0.00	0.00	0.00	0.00	0.00	0.00	0.00	0.00	0.00	0.00	0.00	0.00	0.00	0.00	0.00	0.00
4.00	35.29	0.00	0.00	0.00	0.00	0.00	0.00	0.00	0.00	0.00	0.00	0.00	0.00	0.00	0.00	0.00	0.00	0.00	0.00	0.00
5.00	35.29	1.76	0.00	0.00	17.88	0.00	1.39	0.00	0.00	0.00	0.00	0.00	0.00	0.00	0.00	0.00	0.00	0.00	0.00	0.00
6.00	35.29	7.86	0.00	0.00	15.97	0.00	7.74	6.03	0.00	0.00	0.25	0.00	0.00	0.00	0.00	0.00	0.00	0.00	0.00	0.00
7.00	35.29	8.93	0.00	0.00	9.52	0.00	8.13	8.25	0.00	0.00	0.60	0.00	0.00	0.00	0.00	0.00	0.00	0.00	0.00	0.00
8.00	35.29	11.53	0.00	0.00	10.79	0.00	10.95	9.75	0.00	0.00	0.42	0.00	0.00	0.00	0.00	0.00	0.00	0.00	0.00	0.00
9.00	35.29	9.28	0.00	0.00	9.43	0.00	8.43	7.17	0.00	0.00	2.01	0.00	0.00	0.00	0.00	0.00	0.00	0.00	0.00	0.00
10.00	35.29	10.88	0.00	0.00	10.13	0.00	10.10	6.23	0.00	0.00	2.64	0.00	0.00	0.00	0.00	0.00	0.00	0.00	0.00	0.00
11.00	35.29	1.67	0.00	0.00	12.10	0.00	10.97	6.50	0.00	0.00	2.63	0.00	0.00	0.00	0.00	0.00	0.00	0.00	0.00	0.00
12.00	35.29	0.00	0.00	0.00	12.33	0.00	12.34	8.07	0.00	0.00	4.64	0.00	0.00	0.00	0.00	0.00	0.00	0.00	0.00	0.00
13.00	35.29	8.25	0.00	0.00	4.98	0.00	10.06	2.59	0.00	0.00	7.20	0.00	0.00	0.00	0.00	0.00	0.00	0.00	0.00	0.00
14.00	35.29	14.20	0.00	0.00	0.00	0.00	12.58	0.00	0.00	0.00	11.56	0.00	0.00	0.00	0.00	0.00	0.00	0.00	0.00	0.00
15.00	35.29	9.41	0.00	0.00	7.36	0.00	10.35	0.09	0.00	0.00	3.00	0.00	0.00	0.00	0.00	0.00	0.00	0.00	0.00	0.00
16.00	35.29	10.19	0.00	0.00	8.51	0.00	9.23	0.98	0.00	0.00	1.08	0.00	0.00	0.00	0.00	0.00	0.00	0.00	0.00	0.00
17.00	35.29	9.15	0.00	0.00	7.96	0.00	8.98	0.97	0.00	0.00	0.77	0.00	0.00	0.00	0.00	0.00	0.00	0.00	0.00	0.00
18.00	35.29	9.82	0.00	0.00	7.87	0.00	10.26	1.06	0.00	0.00	0.90	0.00	0.00	0.00	0.00	0.00	0.00	0.00	0.00	0.00
19.00	35.29	4.26	0.00	0.00	9.70	0.00	5.71	0.91	0.00	0.00	2.35	0.00	0.00	0.00	0.00	0.00	0.00	0.00	0.00	0.00
20.00	35.29	0.00	0.00	0.00	12.21	0.00	0.29	3.27	0.00	0.00	2.93	0.00	0.00	0.00	0.00	0.00	0.00	0.00	0.00	0.00
21.00	35.29	0.00	0.00	0.00	9.67	0.00	0.19	2.68	0.00	0.00	2.44	0.00	0.00	0.00	0.00	0.00	0.00	0.00	0.00	0.00
22.00	35.29	0.00	0.00	0.00	12.16	0.00	0.00	2.81	0.00	0.00	3.07	0.00	0.00	0.00	0.00	0.00	0.00	0.00	0.00	0.00
23.00	35.29	3.66	0.00	0.00	10.46	0.00	7.41	2.19	0.00	0.00	1.88	0.00	0.00	0.00	0.00	0.00	0.00	0.00	0.00	0.00
24.00	35.29	16.46	0.00	0.00	14.97	0.00	2.10	0.00	0.00	0.00	1.85	0.00	0.00	0.00	0.00	0.00	0.00	0.00	0.00	0.00
25.00	35.29	10.29	0.00	0.00	9.32	0.00	0.63	0.00	0.00	0.00	0.88	0.00	0.00	0.00	0.00	0.00	0.00	0.00	0.00	0.00
26.00	35.29	8.50	0.00	0.00	7.21	0.00	0.36	0.77	0.00	0.00	0.89	0.00	0.00	0.00	0.00	0.00	0.00	0.00	0.00	0.00
27.00	35.29	8.76	0.00	0.00	1.38	0.00	0.42	4.37	0.00	0.00	2.96	0.00	0.00	0.00	0.00	0.00	0.00	0.00	0.00	0.00
28.00	35.29	10.19	0.00	0.00	0.00	0.00	8.29	4.30	0.00	0.00	4.84	0.00	0.00	0.00	0.00	0.00	0.00	0.00	0.00	0.00
29.00	35.29	3.65	0.00	0.00	0.00	0.00	9.84	4.96	0.00	0.00	4.63	0.00	0.00	0.00	0.00	0.00	0.00	0.00	0.00	0.00
30.00	35.29	0.00	0.00	0.00	0.00	0.00	15.12	15.08	0.00	0.00	5.73	0.00	0.00	0.00	0.00	0.00	0.00	0.00	0.00	0.00
31.00	35.29	5.71	0.00	0.00	7.88	0.00	3.23	10.58	0.00	0.00	2.06	0.00	0.00	0.00	0.00	0.00	0.00	0.00	0.00	0.00
32.00	35.29	12.16	0.00	0.00	11.40	0.00	0.00	11.92	0.00	0.00	1.85	0.00	0.00	0.00	0.00	0.00	0.00	0.00	0.00	0.00
33.00	35.29	11.60	0.00	0.00	10.49	0.00	0.00	11.28	0.00	0.00	1.49	0.00	0.00	0.00	0.00	0.00	0.00	0.00	0.00	0.00
34.00	35.29	11.48	0.00	0.00	10.01	0.00	0.54	9.32	0.00	0.00	1.88	0.00	0.00	0.00	0.00	0.00	0.00	0.00	0.00	0.00
35.00	35.29	13.32	0.00	0.00	3.92	0.00	3.72	2.92	0.00	0.00	0.35	0.00	0.00	0.00	0.00	0.00	0.00	0.00	0.00	0.00
36.00	35.29	9.84	0.00	0.00	8.73	0.00	6.94	2.11	0.00	0.00	1.12	0.00	0.00	0.00	0.00	0.00	0.00	0.00	0.00	0.00
37.00	35.29	10.60	0.00	0.00	9.22	0.00	9.58	1.10	0.00	0.00	1.59	0.00	0.00	0.00	0.00	0.00	0.00	0.00	0.00	0.00
38.00	35.29	13.07	0.00	0.00	11.74	0.00	11.23	0.00	0.00	0.00	2.02	0.00	0.00	0.00	0.00	0.00	0.00	0.00	0.00	0.00
39.00	35.29	6.96	0.00	0.00	10.69	0.00	11.46	0.00	0.00	0.00	2.10	0.00	0.00	0.00	0.00	0.00	0.00	0.00	0.00	0.00
