Waf: Entering directory `/home/synrg-sc1/Desktop/Jiaming/ns-3.29-mesh/build'
Waf: Leaving directory `/home/synrg-sc1/Desktop/Jiaming/ns-3.29-mesh/build'
Build commands will be stored in build/compile_commands.json
'build' finished successfully (4.640s)
CreateVariables () DONE !!!
Creating 22 APs 50.00 m apart.
CreateApNodes () DONE !!!
Creating 0 CLs 20.00 m away from each AP.
CreateClNodes () DONE !!!
CreateNodes () DONE !!!
CreateMeshDevices () DONE !!!
CreateWifiDevices () DONE !!!
CreateCsmaDevices () DONE !!!
CreateDevices () DONE !!!
InstallMeshInternetStack () DONE !!!
InstallWifiInternetStack () DONE !!!
InstallCsmaInternetStack () DONE !!!
InstallInternetStack () DONE !!!
Gateway is connect to AP 0
InstallApplications () DONE !!!
Starting simulation for 40.00 s ...
-------------------------------------------------
Time[s]	ap-0	ap-1	ap-2	ap-3	ap-4	ap-5	ap-6	ap-7	ap-8	ap-9	ap-10	ap-11	ap-12	ap-13	ap-14	ap-15	ap-16	ap-17	ap-18	ap-19	ap-20	ap-21
2.00	0.00	0.00	0.00	0.00	0.00	0.00	0.00	0.00	0.00	0.00	0.00	0.00	0.00	0.00	0.00	0.00	0.00	0.00	0.00	0.00	0.00	0.00
3.00	29.47	27.21	24.33	0.00	0.00	0.00	0.00	0.00	0.00	0.00	0.00	0.00	0.00	0.00	0.00	0.00	0.00	0.00	0.00	0.00	0.00	0.00
4.00	40.05	37.20	33.38	0.00	0.00	0.00	0.00	0.00	0.00	0.00	0.00	0.00	0.00	0.00	0.00	0.00	0.00	0.00	0.00	0.00	0.00	0.00
5.00	40.06	37.20	33.38	0.00	12.06	2.43	0.00	0.00	0.00	0.03	0.03	0.00	0.03	0.00	0.00	0.00	0.00	0.00	0.00	0.00	0.00	0.00
6.00	40.05	37.20	33.38	0.00	14.12	8.31	0.00	0.00	0.00	6.09	0.00	0.00	0.00	0.00	0.00	0.00	0.00	0.00	0.00	0.00	0.00	0.00
7.00	40.06	37.18	33.38	1.68	5.21	4.74	0.35	0.00	0.00	0.76	2.89	0.07	4.68	0.00	0.00	0.04	0.00	0.00	0.00	0.00	0.00	0.00
8.00	40.06	37.20	33.39	7.11	0.00	0.00	1.89	0.00	0.00	0.00	7.68	0.82	5.64	0.00	0.00	0.00	0.00	0.00	0.00	0.00	0.00	0.00
9.00	40.05	37.20	33.38	11.87	0.00	0.00	2.15	0.00	0.00	0.00	9.66	0.03	8.58	0.00	0.00	0.00	0.00	0.00	0.00	0.00	0.00	0.00
10.00	40.06	37.20	33.38	13.91	0.00	0.00	3.55	0.00	0.00	0.00	11.90	0.00	7.36	0.00	0.00	0.00	0.00	0.00	0.00	0.00	0.00	0.00
11.00	40.05	37.20	33.38	10.17	0.00	0.00	5.53	0.00	0.00	0.00	9.92	0.00	5.56	0.00	0.00	0.00	0.00	0.00	0.00	0.00	0.00	0.00
12.00	40.06	37.20	33.38	19.98	0.00	0.00	2.53	0.00	0.00	0.00	13.34	0.00	8.22	0.00	0.00	0.00	0.00	0.00	0.00	0.00	0.00	0.00
13.00	40.06	37.18	33.38	0.46	0.00	0.00	2.08	0.00	0.00	0.00	11.84	0.00	8.59	0.00	0.00	0.00	0.00	0.00	0.00	0.00	0.00	0.00
14.00	40.05	37.20	33.38	0.00	0.00	0.00	10.43	0.00	0.00	0.00	8.65	0.00	8.58	0.00	0.00	0.00	0.00	0.00	0.00	0.00	0.00	0.00
15.00	40.06	37.20	33.39	9.55	0.00	0.00	4.90	0.00	0.00	0.00	6.22	0.00	8.54	0.00	0.00	0.00	0.00	0.00	0.00	0.00	0.00	0.00
16.00	40.05	37.20	33.38	12.36	0.00	0.00	5.29	0.00	0.00	0.00	6.68	0.00	8.62	0.00	0.00	0.00	0.00	0.00	0.00	0.00	0.00	0.00
17.00	40.06	37.20	33.38	11.46	0.00	0.00	4.47	0.00	0.00	0.00	6.18	0.00	8.58	0.00	0.00	0.00	0.00	0.00	0.00	0.00	0.00	0.00
18.00	40.05	37.20	33.38	10.55	0.00	0.00	4.50	0.00	0.00	0.00	7.10	0.00	8.59	0.00	0.00	0.00	0.00	0.00	0.00	0.00	0.00	0.00
19.00	40.06	37.18	33.38	0.00	0.00	0.00	5.85	0.00	0.00	0.00	9.49	0.00	8.58	0.00	0.00	0.00	0.00	0.00	0.00	0.00	0.00	0.00
20.00	40.06	37.20	33.38	0.00	0.00	0.00	11.86	0.00	0.00	0.00	9.76	0.00	8.58	0.00	0.00	0.00	0.00	0.00	0.00	0.00	0.00	0.00
21.00	40.05	37.20	33.38	6.19	0.00	0.00	6.84	0.00	0.00	0.00	7.01	0.00	8.57	0.00	0.00	0.00	0.00	0.00	0.00	0.00	0.00	0.00
22.00	40.06	37.20	33.39	14.23	0.00	0.00	6.18	0.00	0.00	0.00	7.78	0.00	8.59	0.00	0.00	0.00	0.00	0.00	0.00	0.00	0.00	0.00
23.00	40.05	37.20	33.38	12.11	0.00	0.00	4.67	0.00	0.00	0.00	7.23	0.00	8.57	0.00	0.00	0.00	0.00	0.00	0.00	0.00	0.00	0.00
24.00	40.06	37.20	33.38	20.04	0.00	0.00	1.08	0.00	0.00	0.00	8.10	0.03	8.58	0.00	0.00	0.00	0.00	0.00	0.00	0.00	0.00	0.00
25.00	40.06	37.18	33.38	9.77	0.00	0.00	4.72	0.00	0.00	0.00	6.47	0.00	8.59	0.00	0.00	0.00	0.00	0.00	0.00	0.00	0.00	0.00
26.00	40.05	37.20	33.38	18.51	0.00	0.00	1.50	0.00	0.00	0.00	11.83	0.00	8.59	0.00	0.00	0.00	0.00	0.00	0.00	0.00	0.00	0.00
27.00	40.06	37.20	33.38	10.12	0.00	0.00	0.00	0.00	0.00	0.00	11.85	0.00	8.58	0.00	0.00	0.00	0.00	0.00	0.00	0.00	0.00	0.00
28.00	40.05	37.20	33.38	24.80	0.00	0.00	0.00	0.00	0.00	0.00	12.75	0.00	8.58	0.00	0.00	0.00	0.00	0.00	0.00	0.00	0.00	0.00
29.00	40.06	37.20	33.39	2.80	0.00	0.00	0.00	0.00	0.00	0.00	6.90	0.00	8.59	0.00	0.00	0.00	0.00	0.00	0.00	0.00	0.00	0.00
30.00	40.06	37.18	33.38	0.00	0.00	0.00	0.00	0.00	0.00	0.00	5.42	0.00	8.58	0.00	0.00	0.00	0.00	0.00	0.00	0.00	0.00	0.00
31.00	40.05	37.20	33.38	0.66	0.00	0.00	6.38	0.00	0.00	0.00	7.27	0.01	8.57	0.00	0.00	0.00	0.00	0.00	0.00	0.00	0.00	0.00
32.00	40.06	37.20	33.38	0.00	0.00	0.00	6.96	0.00	0.00	0.00	11.58	0.06	8.60	0.00	0.00	0.00	0.00	0.00	0.00	0.00	0.00	0.00
33.00	40.05	37.20	33.38	0.00	0.00	0.00	0.00	0.00	0.00	0.00	12.40	0.00	8.58	0.00	0.00	0.00	0.00	0.00	0.00	0.00	0.00	0.00
34.00	40.06	37.20	33.38	0.00	0.00	0.00	9.85	0.00	0.00	0.00	12.32	0.00	6.85	0.00	0.00	0.00	0.00	0.00	0.00	0.00	0.00	0.00
35.00	40.05	37.20	33.39	0.00	0.00	0.00	4.53	0.00	0.00	0.00	12.10	0.00	6.77	0.00	0.00	0.00	0.00	0.00	0.00	0.00	0.00	0.00
36.00	40.06	37.18	33.38	0.00	0.00	0.00	0.00	0.00	0.00	0.00	12.40	0.00	8.59	0.00	0.00	0.00	0.00	0.00	0.00	0.00	0.00	0.00
37.00	40.06	37.20	33.38	0.00	0.00	0.00	8.56	0.00	0.00	0.00	11.53	0.00	8.40	0.00	0.00	0.00	0.00	0.00	0.00	0.00	0.00	0.00
38.00	40.05	37.20	33.38	0.00	0.00	0.00	13.56	0.00	0.00	0.00	12.42	0.03	8.74	0.00	0.00	0.00	0.00	0.00	0.00	0.00	0.00	0.00
39.00	40.06	37.20	33.38	0.00	0.00	0.00	11.43	0.00	0.00	0.00	10.73	0.00	8.57	0.00	0.00	0.00	0.00	0.00	0.00	0.00	0.00	0.00
