Waf: Entering directory `/home/synrg-sc1/Desktop/Jiaming/ns-3.29-mesh/build'
Waf: Leaving directory `/home/synrg-sc1/Desktop/Jiaming/ns-3.29-mesh/build'
Build commands will be stored in build/compile_commands.json
'build' finished successfully (4.604s)
CreateVariables () DONE !!!
Creating 17 APs 50.00 m apart.
CreateApNodes () DONE !!!
Creating 0 CLs 20.00 m away from each AP.
CreateClNodes () DONE !!!
CreateNodes () DONE !!!
CreateMeshDevices () DONE !!!
CreateWifiDevices () DONE !!!
CreateCsmaDevices () DONE !!!
CreateDevices () DONE !!!
InstallMeshInternetStack () DONE !!!
InstallWifiInternetStack () DONE !!!
InstallCsmaInternetStack () DONE !!!
InstallInternetStack () DONE !!!
Gateway is connect to AP 0
InstallApplications () DONE !!!
Starting simulation for 40.00 s ...
-------------------------------------------------
Time[s]	ap-0	ap-1	ap-2	ap-3	ap-4	ap-5	ap-6	ap-7	ap-8	ap-9	ap-10	ap-11	ap-12	ap-13	ap-14	ap-15	ap-16
2.00	0.00	0.00	0.00	0.00	0.00	0.00	0.00	0.00	0.00	0.00	0.00	0.00	0.00	0.00	0.00	0.00	0.00
3.00	33.06	29.09	0.00	0.00	0.00	0.00	0.00	0.00	0.00	0.00	0.00	0.00	0.00	0.00	0.00	0.00	0.00
4.00	41.97	37.20	0.00	0.00	0.00	0.00	0.00	0.00	0.00	0.00	0.00	0.00	0.00	0.00	0.00	0.00	0.00
5.00	41.96	37.20	0.00	0.00	10.92	0.03	0.00	0.00	0.00	0.00	6.27	0.00	0.00	0.00	0.00	0.00	0.00
6.00	41.97	37.20	0.00	0.01	22.53	0.00	0.00	0.00	0.00	0.00	12.21	0.00	0.00	0.00	0.00	0.00	0.00
7.00	41.96	37.18	0.29	0.48	15.30	0.00	0.00	0.00	0.00	0.00	11.92	0.00	6.12	0.00	0.00	0.00	0.00
8.00	41.96	37.20	11.05	6.90	9.41	0.00	0.00	0.00	0.00	0.00	4.05	0.00	7.85	0.00	0.00	0.00	0.00
9.00	41.97	37.20	9.69	9.91	9.19	0.00	0.00	0.00	0.00	0.00	7.65	0.00	8.92	0.00	0.00	0.00	0.00
10.00	41.96	37.20	10.58	10.68	9.74	0.00	0.00	0.00	0.00	0.00	10.57	0.00	9.55	0.00	0.00	0.00	0.00
11.00	41.97	37.20	10.15	9.16	9.15	0.00	0.00	0.00	0.00	0.00	8.55	0.00	9.85	0.00	0.00	0.00	0.00
12.00	41.96	37.20	9.88	10.16	9.25	0.00	0.00	0.00	0.00	0.00	10.08	0.00	11.14	0.00	0.00	0.00	0.00
13.00	41.96	37.18	7.29	6.44	8.14	0.00	0.00	0.00	0.00	0.00	8.64	0.00	9.66	0.00	0.00	0.00	0.00
14.00	41.97	37.20	4.81	3.96	4.49	0.00	0.00	0.00	0.00	0.00	6.76	0.00	6.27	0.00	0.00	0.00	0.00
15.00	41.96	37.20	3.36	10.03	2.80	0.00	0.00	0.00	0.00	0.00	6.04	0.00	5.06	0.00	0.00	0.00	0.00
16.00	41.97	37.20	4.00	9.25	2.79	0.00	0.00	0.00	0.00	0.00	6.28	0.00	5.13	0.00	0.00	0.00	0.00
17.00	41.96	37.20	0.94	11.23	4.29	0.00	0.00	0.00	0.00	0.00	6.83	0.00	10.70	0.00	0.00	0.00	0.00
18.00	41.97	37.20	0.00	13.27	7.37	0.00	0.00	0.00	0.00	0.00	6.75	0.00	7.05	0.00	0.00	0.00	0.00
19.00	41.96	37.18	1.99	4.03	15.23	0.00	0.00	0.00	0.00	0.00	1.98	0.00	8.43	0.00	0.00	0.00	0.00
20.00	41.96	37.20	0.00	0.00	17.28	0.00	0.00	0.00	0.00	0.00	4.25	0.00	9.01	0.00	0.00	0.00	0.00
21.00	41.97	37.20	0.00	0.00	3.08	0.00	0.00	0.00	0.00	0.00	8.03	0.00	9.01	0.00	0.00	0.00	0.00
22.00	41.96	37.20	0.00	0.00	0.03	0.00	0.00	0.00	0.00	0.00	6.29	0.00	11.66	0.00	0.00	0.00	0.00
23.00	41.97	37.20	0.00	3.12	10.47	0.00	0.00	0.00	0.00	0.00	0.00	0.00	11.40	0.00	0.00	0.00	0.00
24.00	41.96	37.20	0.00	14.85	14.96	0.00	0.00	0.00	0.00	0.00	2.95	0.00	9.29	0.00	0.00	0.00	0.00
25.00	41.97	37.18	0.00	12.76	12.35	0.00	0.00	0.00	0.00	0.00	10.29	0.00	11.41	0.00	0.00	0.00	0.00
26.00	41.96	37.20	0.00	12.32	12.36	0.00	0.00	0.00	0.00	0.00	12.47	0.00	10.34	0.00	0.00	0.00	0.00
27.00	41.96	37.20	0.00	11.17	12.66	0.00	0.00	0.00	0.00	0.00	11.42	0.00	11.43	0.00	0.00	0.00	0.00
28.00	41.97	37.20	0.00	13.12	12.99	0.00	0.00	0.00	0.00	0.00	12.39	0.00	12.29	0.00	0.00	0.00	0.00
29.00	41.96	37.20	0.00	14.09	6.56	0.00	0.00	0.00	0.00	0.00	12.48	0.00	11.44	0.00	0.00	0.00	0.00
30.00	41.97	37.18	0.00	21.76	4.13	0.00	0.00	0.00	0.00	0.00	11.30	0.00	11.04	0.00	0.00	0.00	0.00
31.00	41.96	37.20	0.00	18.10	5.24	0.00	0.00	0.00	0.00	0.00	11.66	0.00	10.97	0.00	0.00	0.00	0.00
32.00	41.96	37.20	0.00	16.62	1.37	0.00	0.00	0.00	0.00	0.00	12.39	0.00	11.40	0.00	0.00	0.00	0.00
33.00	41.97	37.20	0.00	9.25	12.24	0.00	0.00	0.00	0.00	0.00	11.89	0.00	11.30	0.00	0.00	0.00	0.00
34.00	41.96	37.20	0.00	16.25	5.44	0.00	0.00	0.00	0.00	0.00	10.25	0.00	11.44	0.00	0.00	0.00	0.00
35.00	41.97	37.20	0.00	11.96	5.00	0.00	0.00	0.00	0.00	0.00	6.31	0.00	11.42	0.00	0.00	0.00	0.00
36.00	41.96	37.18	0.00	12.05	5.32	0.00	0.00	0.00	0.00	0.00	7.27	0.00	11.48	0.00	0.00	0.00	0.00
37.00	41.97	37.20	0.00	12.29	5.11	0.00	0.00	0.00	0.00	0.00	7.11	0.00	10.83	0.00	0.00	0.00	0.00
38.00	41.96	37.20	0.00	13.72	5.44	0.00	0.00	0.00	0.00	0.00	7.65	0.00	12.07	0.00	0.00	0.00	0.00
39.00	41.96	37.20	0.00	16.19	11.29	0.00	0.00	0.00	0.00	0.00	3.48	0.00	8.42	0.00	0.00	0.00	0.00
