Waf: Entering directory `/home/synrg-sc1/Desktop/Jiaming/ns-3.29-mesh/build'
Waf: Leaving directory `/home/synrg-sc1/Desktop/Jiaming/ns-3.29-mesh/build'
Build commands will be stored in build/compile_commands.json
'build' finished successfully (4.588s)
CreateVariables () DONE !!!
Creating 15 APs 50.00 m apart.
CreateApNodes () DONE !!!
Creating 0 CLs 20.00 m away from each AP.
CreateClNodes () DONE !!!
CreateNodes () DONE !!!
CreateMeshDevices () DONE !!!
CreateWifiDevices () DONE !!!
CreateCsmaDevices () DONE !!!
CreateDevices () DONE !!!
InstallMeshInternetStack () DONE !!!
InstallWifiInternetStack () DONE !!!
InstallCsmaInternetStack () DONE !!!
InstallInternetStack () DONE !!!
Gateway is connect to AP 0
InstallApplications () DONE !!!
Starting simulation for 40.00 s ...
-------------------------------------------------
Time[s]	ap-0	ap-1	ap-2	ap-3	ap-4	ap-5	ap-6	ap-7	ap-8	ap-9	ap-10	ap-11	ap-12	ap-13	ap-14
2.00	0.00	0.00	0.00	0.00	0.00	0.00	0.00	0.00	0.00	0.00	0.00	0.00	0.00	0.00	0.00
3.00	30.00	27.63	27.07	0.00	0.00	0.00	0.00	0.00	0.00	0.00	0.00	0.00	0.00	0.00	0.00
4.00	37.20	34.33	33.38	0.00	0.00	0.00	0.00	0.00	0.00	0.00	0.00	0.00	0.00	0.00	0.00
5.00	37.20	34.33	33.38	15.89	2.90	0.03	0.00	0.00	0.03	0.00	0.00	0.00	0.00	0.00	0.00
6.00	37.20	34.33	33.38	12.13	5.66	0.00	0.02	0.00	0.00	0.00	0.00	0.00	0.00	0.00	0.00
7.00	37.18	34.33	33.38	22.65	2.54	0.79	0.04	0.00	0.00	0.00	0.00	0.00	0.00	0.00	0.00
8.00	37.20	34.33	33.39	8.30	8.32	1.18	0.03	0.00	0.00	0.00	0.00	0.00	0.00	0.00	0.00
9.00	37.20	34.33	33.38	14.84	9.21	0.00	0.00	0.00	0.00	0.00	0.00	0.00	0.00	0.00	0.00
10.00	37.20	34.33	33.38	14.73	9.07	0.00	0.00	0.00	0.00	0.00	0.00	0.00	0.00	0.00	0.00
11.00	37.20	34.33	33.38	14.68	7.52	0.00	0.00	0.00	0.00	0.00	0.00	0.00	0.00	0.00	0.00
12.00	37.20	34.33	33.38	14.99	9.10	0.00	0.00	0.00	0.00	0.00	0.00	0.00	0.00	0.00	0.00
13.00	37.18	34.33	33.38	22.49	5.42	0.00	0.03	0.00	0.00	0.00	0.00	0.00	0.00	0.00	0.00
14.00	37.20	34.33	33.38	16.83	12.01	0.00	0.00	0.00	0.00	0.00	0.00	0.00	0.00	0.00	0.00
15.00	37.20	34.33	33.39	14.73	13.86	0.00	0.02	0.00	0.00	0.00	0.00	0.00	0.00	0.00	0.00
16.00	37.20	34.33	33.38	16.89	14.76	0.00	0.01	0.00	0.00	0.00	0.00	0.00	0.00	0.00	0.00
17.00	37.20	34.34	33.38	13.27	14.07	0.00	0.01	0.00	0.00	0.00	0.00	0.00	0.00	0.00	0.00
18.00	37.20	34.33	33.38	18.10	13.76	0.00	0.01	0.00	0.00	0.00	0.00	0.00	0.00	0.00	0.00
19.00	37.18	34.33	33.38	22.58	8.80	0.22	0.11	0.00	0.00	0.00	0.00	0.00	0.00	0.00	0.00
20.00	37.20	34.33	33.38	15.30	13.90	0.15	0.01	0.00	0.00	0.00	0.00	0.00	0.00	0.00	0.00
21.00	37.20	34.33	33.38	11.04	11.98	0.84	0.02	0.00	0.00	0.00	0.00	0.00	0.00	0.00	0.00
22.00	37.20	34.33	33.39	14.98	15.17	0.22	0.01	0.00	0.00	0.00	0.00	0.00	0.00	0.00	0.00
23.00	37.20	34.33	33.38	16.27	13.43	0.39	0.00	0.00	0.00	0.00	0.00	0.00	0.00	0.00	0.00
24.00	37.20	34.33	33.38	30.15	0.83	0.00	0.00	0.00	0.00	0.00	0.00	0.00	0.00	0.00	0.00
25.00	37.18	34.33	33.38	29.45	0.02	0.02	0.00	0.00	0.00	0.00	0.00	0.00	0.00	0.00	0.00
26.00	37.20	34.33	33.38	31.48	0.01	0.00	0.01	0.00	0.00	0.00	0.00	0.00	0.00	0.00	0.00
27.00	37.20	34.33	33.38	31.20	0.00	0.00	0.07	0.00	0.00	0.00	0.00	0.00	0.00	0.00	0.00
28.00	37.20	34.33	33.38	18.00	11.85	0.00	0.00	0.00	0.00	0.00	0.00	0.00	0.00	0.00	0.00
29.00	37.20	34.33	33.39	14.95	13.21	0.00	0.01	0.00	0.00	0.00	0.00	0.00	0.00	0.00	0.00
30.00	37.18	34.33	33.38	29.52	2.85	0.00	0.00	0.00	0.00	0.00	0.00	0.00	0.00	0.00	0.00
31.00	37.20	34.33	33.38	29.69	0.00	0.03	0.01	0.00	0.00	0.00	0.00	0.00	0.00	0.00	0.00
32.00	37.20	34.34	33.38	20.51	10.70	0.00	0.00	0.00	0.00	0.00	0.00	0.00	0.00	0.00	0.00
33.00	37.20	34.33	33.38	17.27	13.52	0.00	0.00	0.00	0.00	0.00	0.00	0.00	0.00	0.00	0.00
34.00	37.20	34.33	33.38	16.79	16.14	0.12	0.00	0.00	0.00	0.00	0.00	0.00	0.00	0.00	0.00
35.00	37.20	34.33	33.39	28.83	4.76	0.00	0.00	0.00	0.00	0.00	0.00	0.00	0.00	0.00	0.00
36.00	37.18	34.33	33.38	31.45	0.00	0.00	0.00	0.00	0.00	0.00	0.00	0.00	0.00	0.00	0.00
37.00	37.20	34.33	33.38	30.24	1.15	0.39	0.00	0.00	0.00	0.00	0.00	0.00	0.00	0.00	0.00
38.00	37.20	34.33	33.38	17.41	15.69	0.00	0.00	0.00	0.00	0.00	0.00	0.00	0.00	0.00	0.00
39.00	37.20	34.33	33.38	16.37	13.52	0.00	0.00	0.00	0.00	0.00	0.00	0.00	0.00	0.00	0.00
