Waf: Entering directory `/home/synrg-sc1/Desktop/Jiaming/ns-3.29-mesh/build'
Waf: Leaving directory `/home/synrg-sc1/Desktop/Jiaming/ns-3.29-mesh/build'
Build commands will be stored in build/compile_commands.json
'build' finished successfully (4.625s)
CreateVariables () DONE !!!
Creating 23 APs 50.00 m apart.
CreateApNodes () DONE !!!
Creating 0 CLs 20.00 m away from each AP.
CreateClNodes () DONE !!!
CreateNodes () DONE !!!
CreateMeshDevices () DONE !!!
CreateWifiDevices () DONE !!!
CreateCsmaDevices () DONE !!!
CreateDevices () DONE !!!
InstallMeshInternetStack () DONE !!!
InstallWifiInternetStack () DONE !!!
InstallCsmaInternetStack () DONE !!!
InstallInternetStack () DONE !!!
Gateway is connect to AP 0
InstallApplications () DONE !!!
Starting simulation for 40.00 s ...
-------------------------------------------------
Time[s]	ap-0	ap-1	ap-2	ap-3	ap-4	ap-5	ap-6	ap-7	ap-8	ap-9	ap-10	ap-11	ap-12	ap-13	ap-14	ap-15	ap-16	ap-17	ap-18	ap-19	ap-20	ap-21	ap-22
2.00	0.00	0.00	0.00	0.00	0.00	0.00	0.00	0.00	0.00	0.00	0.00	0.00	0.00	0.00	0.00	0.00	0.00	0.00	0.00	0.00	0.00	0.00	0.00
3.00	28.03	25.85	0.00	0.00	0.00	0.00	0.00	0.00	0.00	0.00	0.00	0.00	0.00	0.00	0.00	0.00	0.00	0.00	0.00	0.00	0.00	0.00	0.00
4.00	38.15	35.29	0.00	0.00	0.00	0.00	0.00	0.00	0.00	0.00	0.00	0.00	0.00	0.00	0.00	0.00	0.00	0.00	0.00	0.00	0.00	0.00	0.00
5.00	38.14	35.29	0.00	0.00	0.00	0.00	0.03	5.24	1.29	0.00	0.00	0.00	0.92	0.00	0.00	0.00	0.00	0.00	0.00	0.00	0.00	0.00	0.00
6.00	38.15	35.29	0.00	0.60	1.97	6.77	2.86	7.40	0.00	0.00	0.00	0.00	9.69	0.00	0.00	0.00	0.00	0.00	0.00	0.00	0.00	0.00	0.00
7.00	38.15	35.29	0.00	0.72	0.86	4.64	7.61	1.90	0.00	0.00	0.00	0.00	8.71	0.00	0.00	0.00	0.00	0.00	0.00	0.00	0.00	0.00	0.00
8.00	38.15	35.29	0.00	0.00	2.34	8.50	9.68	3.27	0.00	0.00	0.00	0.00	11.28	0.00	0.00	0.00	0.00	0.00	0.00	0.00	0.00	0.00	0.00
9.00	38.14	35.29	0.00	0.15	1.76	8.37	8.57	4.87	0.00	0.00	0.00	0.00	8.13	0.00	0.00	0.00	0.00	0.00	0.00	0.00	0.00	0.00	0.00
10.00	38.15	35.29	0.00	0.48	2.36	9.11	9.95	5.13	0.00	0.00	0.00	0.00	9.70	0.00	0.00	0.00	0.00	0.00	0.00	0.00	0.00	0.00	0.00
11.00	38.15	35.29	0.00	0.33	1.44	7.98	7.83	4.57	0.00	0.00	0.00	0.00	6.88	0.00	0.00	0.00	0.00	0.00	0.00	0.00	0.00	0.00	0.00
12.00	38.15	35.29	0.00	0.39	2.43	8.51	10.14	4.32	0.00	0.00	0.00	0.00	7.95	0.00	0.00	0.00	0.00	0.00	0.00	0.00	0.00	0.00	0.00
13.00	38.14	35.29	0.00	0.62	1.80	9.62	9.50	2.57	0.00	0.00	0.00	0.00	4.27	0.00	0.00	0.00	0.00	0.00	0.00	0.00	0.00	0.00	0.00
14.00	38.15	35.29	0.00	0.09	0.00	17.61	17.15	0.00	0.00	1.15	0.00	0.00	0.00	0.00	0.00	0.00	0.00	0.00	0.00	0.00	0.00	0.00	0.00
15.00	38.15	35.29	0.00	2.30	0.00	2.37	10.51	3.89	0.00	0.66	0.00	0.00	8.70	0.00	0.00	0.00	0.00	0.00	0.00	0.00	0.00	0.00	0.00
16.00	38.15	35.29	0.00	1.94	0.00	0.00	13.63	5.68	0.00	0.00	0.00	0.00	12.27	0.00	0.00	0.00	0.00	0.00	0.00	0.00	0.00	0.00	0.00
17.00	38.14	35.29	0.00	1.35	2.17	0.00	13.31	3.96	0.00	0.26	0.00	0.00	4.01	0.00	0.00	0.00	0.00	0.00	0.00	0.00	0.00	0.00	0.00
18.00	38.15	35.29	0.00	1.71	4.20	0.00	15.00	4.49	0.00	1.09	0.00	0.00	0.00	0.00	0.00	0.00	0.00	0.00	0.00	0.00	0.00	0.00	0.00
19.00	38.15	35.29	0.00	0.86	2.61	0.00	12.66	3.72	0.00	0.36	0.00	0.00	8.05	0.00	0.00	0.00	0.00	0.00	0.00	0.00	0.00	0.00	0.00
20.00	38.15	35.29	0.00	0.00	3.17	0.00	14.77	8.36	0.00	0.00	0.00	0.00	11.89	0.00	0.00	0.00	0.00	0.00	0.00	0.00	0.00	0.00	0.00
21.00	38.14	35.29	0.00	0.00	4.08	0.00	0.61	12.42	0.00	0.00	0.00	0.00	11.05	0.00	0.00	0.00	0.00	0.00	0.00	0.00	0.00	0.00	0.00
22.00	38.15	35.29	0.00	0.31	3.59	0.00	0.00	13.53	0.00	0.60	0.00	0.00	13.15	0.00	0.00	0.00	0.00	0.00	0.00	0.00	0.00	0.00	0.00
23.00	38.15	35.29	0.00	5.04	1.82	0.00	0.00	5.85	0.00	0.47	0.00	0.00	12.39	0.00	0.00	0.00	0.00	0.00	0.00	0.00	0.00	0.00	0.00
24.00	38.14	35.29	0.00	15.51	2.61	0.00	0.00	0.00	0.00	0.38	0.00	0.00	4.60	0.00	0.00	0.00	0.00	0.00	0.00	0.00	0.00	0.00	0.00
25.00	38.15	35.29	0.00	4.94	1.68	0.00	0.00	0.00	0.00	7.01	0.00	0.00	0.00	0.00	0.00	0.00	0.00	0.00	0.00	0.00	0.00	0.00	0.00
26.00	38.15	35.29	0.00	0.00	0.00	0.00	0.00	0.00	0.00	12.92	0.00	0.00	0.00	0.00	0.00	0.00	0.00	0.00	0.00	0.00	0.00	0.00	0.00
27.00	38.15	35.29	0.00	3.58	0.00	0.00	4.03	0.56	0.00	1.00	0.00	0.00	6.24	0.00	0.00	0.00	0.00	0.00	0.00	0.00	0.00	0.00	0.00
28.00	38.14	35.29	0.00	0.51	0.00	0.00	16.68	0.83	0.00	0.00	0.00	0.00	5.81	0.00	0.00	0.00	0.00	0.00	0.00	0.00	0.00	0.00	0.00
29.00	38.15	35.29	0.00	7.85	0.00	0.00	9.11	3.45	0.00	0.00	0.00	0.00	8.82	0.00	0.00	0.00	0.00	0.00	0.00	0.00	0.00	0.00	0.00
30.00	38.15	35.29	0.00	9.40	0.00	0.00	11.20	5.29	0.00	0.00	0.00	0.00	11.54	0.00	0.00	0.00	0.00	0.00	0.00	0.00	0.00	0.00	0.00
31.00	38.15	35.29	0.00	7.05	0.02	0.00	10.05	5.42	0.00	0.00	0.00	0.00	8.00	0.00	0.00	0.00	0.00	0.00	0.00	0.00	0.00	0.00	0.00
32.00	38.14	35.29	0.00	10.26	0.00	0.00	10.46	3.40	0.00	0.00	0.00	0.00	3.68	0.00	0.00	0.00	0.00	0.00	0.00	0.00	0.00	0.00	0.00
33.00	38.15	35.29	0.00	10.59	0.00	0.00	10.04	5.26	0.00	0.00	0.00	0.00	0.00	0.00	0.00	0.00	0.00	0.00	0.00	0.00	0.00	0.00	0.00
34.00	38.15	35.29	0.00	1.68	0.00	0.00	18.16	14.61	0.00	0.00	0.00	0.00	0.00	0.00	0.00	0.00	0.00	0.00	0.00	0.00	0.00	0.00	0.00
35.00	38.15	35.29	0.00	1.89	0.00	0.00	15.10	2.20	0.00	0.00	0.00	0.00	0.00	0.00	0.00	0.00	0.00	0.00	0.00	0.00	0.00	0.00	0.00
36.00	38.14	35.29	0.00	0.00	0.00	0.00	17.17	0.00	0.00	0.27	0.00	0.00	0.00	0.00	0.00	0.00	0.00	0.00	0.00	0.00	0.00	0.00	0.00
37.00	38.15	35.29	0.00	0.00	0.00	0.00	15.35	0.00	0.00	2.74	0.00	0.00	0.00	0.00	0.00	0.00	0.00	0.00	0.00	0.00	0.00	0.00	0.00
38.00	38.15	35.29	0.00	0.00	0.00	0.00	16.88	0.00	0.00	7.24	0.00	0.00	0.00	0.00	0.00	0.00	0.00	0.00	0.00	0.00	0.00	0.00	0.00
39.00	38.15	35.29	0.00	0.00	0.00	0.00	17.47	0.03	0.00	7.04	0.00	0.00	0.00	0.00	0.00	0.00	0.00	0.00	0.00	0.00	0.00	0.00	0.00
