Waf: Entering directory `/home/synrg-sc1/Desktop/Jiaming/ns-3.29-mesh/build'
Waf: Leaving directory `/home/synrg-sc1/Desktop/Jiaming/ns-3.29-mesh/build'
Build commands will be stored in build/compile_commands.json
'build' finished successfully (4.575s)
CreateVariables () DONE !!!
Creating 17 APs 50.00 m apart.
CreateApNodes () DONE !!!
Creating 0 CLs 20.00 m away from each AP.
CreateClNodes () DONE !!!
CreateNodes () DONE !!!
CreateMeshDevices () DONE !!!
CreateWifiDevices () DONE !!!
CreateCsmaDevices () DONE !!!
CreateDevices () DONE !!!
InstallMeshInternetStack () DONE !!!
InstallWifiInternetStack () DONE !!!
InstallCsmaInternetStack () DONE !!!
InstallInternetStack () DONE !!!
Gateway is connect to AP 0
InstallApplications () DONE !!!
Starting simulation for 40.00 s ...
-------------------------------------------------
Time[s]	ap-0	ap-1	ap-2	ap-3	ap-4	ap-5	ap-6	ap-7	ap-8	ap-9	ap-10	ap-11	ap-12	ap-13	ap-14	ap-15	ap-16
2.00	0.00	0.00	0.00	0.00	0.00	0.00	0.00	0.00	0.00	0.00	0.00	0.00	0.00	0.00	0.00	0.00	0.00
3.00	25.47	23.64	0.00	0.00	0.00	0.00	0.00	0.00	0.00	0.00	0.00	0.00	0.00	0.00	0.00	0.00	0.00
4.00	40.05	37.20	0.00	0.00	0.00	0.00	0.00	0.00	0.00	0.00	0.00	0.00	0.00	0.00	0.00	0.00	0.00
5.00	40.06	37.20	0.03	1.44	0.00	0.85	0.00	0.03	0.00	0.00	0.00	0.03	0.00	0.00	0.00	0.00	0.00
6.00	40.05	37.20	0.89	0.00	0.15	12.36	0.00	4.58	0.00	0.00	0.00	0.00	0.00	0.00	0.00	0.00	0.00
7.00	40.06	37.18	0.91	0.00	0.00	15.16	6.72	4.37	0.00	0.00	0.00	0.00	0.00	0.00	0.00	0.00	0.00
8.00	40.06	37.20	0.94	0.00	0.38	15.21	14.38	0.49	0.00	0.00	0.00	0.00	0.00	0.00	0.00	0.00	0.00
9.00	40.05	37.20	0.04	0.00	0.30	15.31	14.16	1.71	0.00	0.00	0.00	0.00	0.00	0.00	0.00	0.00	0.00
10.00	40.06	37.20	0.89	0.00	0.55	11.70	7.57	2.76	0.00	0.00	0.00	0.00	0.00	0.00	0.00	0.00	0.00
11.00	40.05	37.20	1.63	0.00	1.52	9.11	4.85	1.65	0.00	0.00	0.00	0.00	0.00	0.00	0.00	0.00	0.00
12.00	40.06	37.20	1.86	0.00	1.84	9.96	5.33	1.48	0.00	0.00	0.00	0.00	0.00	0.00	0.00	0.00	0.00
13.00	40.06	37.18	0.95	0.00	0.81	13.15	7.69	5.18	0.00	0.00	0.00	0.00	0.00	0.00	0.00	0.00	0.00
14.00	40.05	37.20	0.52	0.00	0.28	11.23	8.73	4.01	0.00	0.00	0.00	0.00	0.00	0.00	0.00	0.00	0.00
15.00	40.06	37.20	0.16	0.00	0.12	9.61	10.68	0.42	0.00	0.00	0.00	0.00	0.00	0.00	0.00	0.00	0.00
16.00	40.05	37.20	0.57	0.00	0.57	8.38	6.33	1.31	0.00	0.00	0.00	0.00	0.00	0.00	0.00	0.00	0.00
17.00	40.06	37.20	0.75	0.00	0.30	12.30	9.09	3.72	0.00	0.00	0.00	0.00	0.00	0.00	0.00	0.00	0.00
18.00	40.05	37.20	0.00	0.00	0.00	15.45	10.64	8.56	0.00	0.00	0.00	0.00	0.00	0.00	0.00	0.00	0.00
19.00	40.06	37.18	0.00	0.22	0.00	13.76	14.79	0.30	0.00	0.00	0.00	0.00	0.00	0.00	0.00	0.00	0.00
20.00	40.06	37.20	0.00	0.00	0.00	15.26	15.33	0.00	0.00	0.00	0.00	0.00	0.00	0.00	0.00	0.00	0.00
21.00	40.05	37.20	4.92	0.00	0.00	14.00	14.51	1.09	0.00	0.00	0.00	0.00	0.00	0.00	0.00	0.00	0.00
22.00	40.06	37.20	16.72	0.00	0.00	10.21	15.37	0.00	0.00	0.00	0.00	0.00	0.00	0.00	0.00	0.00	0.00
23.00	40.05	37.20	13.97	0.00	0.00	9.38	13.62	0.00	0.00	0.00	0.00	0.00	0.00	0.00	0.00	0.00	0.00
24.00	40.06	37.20	12.20	0.00	2.89	8.19	9.77	0.01	0.00	0.00	0.00	0.00	0.00	0.00	0.00	0.00	0.00
25.00	40.06	37.18	7.92	0.00	3.74	8.27	7.97	0.00	0.00	0.00	0.00	0.00	0.00	0.00	0.00	0.00	0.00
26.00	40.05	37.20	6.33	0.00	2.22	8.11	6.47	1.30	0.00	0.00	0.00	0.00	0.00	0.00	0.00	0.00	0.00
27.00	40.06	37.20	3.44	0.00	4.98	10.87	8.76	0.65	0.00	0.00	0.00	0.00	0.00	0.00	0.00	0.00	0.00
28.00	40.05	37.20	0.00	0.00	7.51	15.94	11.32	0.00	0.00	0.00	0.00	0.00	0.00	0.00	0.00	0.00	0.00
29.00	40.06	37.20	0.53	0.00	0.00	11.59	11.56	5.58	0.00	0.00	0.00	0.00	0.00	0.00	0.00	0.00	0.00
30.00	40.06	37.18	0.00	0.00	0.00	10.34	16.17	9.01	0.00	0.00	0.00	0.00	0.00	0.00	0.00	0.00	0.00
31.00	40.05	37.20	0.00	0.00	0.00	5.99	13.07	8.52	0.00	0.00	0.00	0.00	0.00	0.00	0.00	0.00	0.00
32.00	40.06	37.20	0.00	0.00	0.00	11.69	16.15	9.61	0.00	0.00	0.00	0.00	0.00	0.00	0.00	0.00	0.00
33.00	40.05	37.20	0.00	0.00	0.00	10.59	15.23	8.19	0.00	0.00	0.00	0.00	0.00	0.00	0.00	0.00	0.00
34.00	40.06	37.20	0.00	0.00	0.09	13.03	15.21	12.54	0.00	0.00	0.00	0.00	0.00	0.00	0.00	0.00	0.00
35.00	40.05	37.20	0.00	0.00	2.85	5.83	13.82	13.15	0.00	0.00	0.00	0.00	0.00	0.00	0.00	0.00	0.00
36.00	40.06	37.18	0.00	0.00	2.66	6.06	15.26	13.91	0.00	0.00	0.00	0.00	0.00	0.00	0.00	0.00	0.00
37.00	40.06	37.20	0.00	0.00	2.38	6.49	14.79	12.40	0.00	0.00	0.00	0.00	0.00	0.00	0.00	0.00	0.00
38.00	40.05	37.20	0.00	0.00	2.98	7.22	15.35	14.55	0.00	0.00	0.00	0.00	0.00	0.00	0.00	0.00	0.00
39.00	40.06	37.20	0.00	0.00	1.99	3.85	15.41	13.33	0.00	0.00	0.00	0.00	0.00	0.00	0.00	0.00	0.00
