Waf: Entering directory `/home/synrg-sc1/Desktop/Jiaming/ns-3.29-mesh/build'
Waf: Leaving directory `/home/synrg-sc1/Desktop/Jiaming/ns-3.29-mesh/build'
Build commands will be stored in build/compile_commands.json
'build' finished successfully (4.656s)
CreateVariables () DONE !!!
Creating 22 APs 50.00 m apart.
CreateApNodes () DONE !!!
Creating 0 CLs 20.00 m away from each AP.
CreateClNodes () DONE !!!
CreateNodes () DONE !!!
CreateMeshDevices () DONE !!!
CreateWifiDevices () DONE !!!
CreateCsmaDevices () DONE !!!
CreateDevices () DONE !!!
InstallMeshInternetStack () DONE !!!
InstallWifiInternetStack () DONE !!!
InstallCsmaInternetStack () DONE !!!
InstallInternetStack () DONE !!!
Gateway is connect to AP 0
InstallApplications () DONE !!!
Starting simulation for 40.00 s ...
-------------------------------------------------
Time[s]	ap-0	ap-1	ap-2	ap-3	ap-4	ap-5	ap-6	ap-7	ap-8	ap-9	ap-10	ap-11	ap-12	ap-13	ap-14	ap-15	ap-16	ap-17	ap-18	ap-19	ap-20	ap-21
2.00	0.00	0.00	0.00	0.00	0.00	0.00	0.00	0.00	0.00	0.00	0.00	0.00	0.00	0.00	0.00	0.00	0.00	0.00	0.00	0.00	0.00	0.00
3.00	20.93	19.36	0.00	0.00	0.00	0.00	0.00	0.00	0.00	0.00	0.00	0.00	0.00	0.00	0.00	0.00	0.00	0.00	0.00	0.00	0.00	0.00
4.00	40.05	37.20	0.00	0.00	0.00	0.00	0.00	0.00	0.00	0.00	0.00	0.00	0.00	0.00	0.00	0.00	0.00	0.00	0.00	0.00	0.00	0.00
5.00	40.06	37.20	0.00	0.00	7.49	0.00	0.00	0.00	0.00	0.06	0.00	0.00	5.24	0.00	0.00	0.25	0.00	0.00	0.00	0.00	0.00	0.00
6.00	40.05	37.20	0.00	0.00	9.88	7.34	0.00	0.00	0.00	0.00	2.79	0.00	5.69	0.00	0.00	0.01	0.00	0.00	0.00	0.00	0.00	0.00
7.00	40.06	37.18	5.62	0.00	5.50	6.27	0.00	0.00	0.00	0.00	4.91	0.00	5.37	0.00	0.00	0.54	0.00	0.00	0.00	0.00	0.00	0.00
8.00	40.06	37.20	10.59	0.00	4.20	5.03	0.00	0.00	0.00	0.00	8.36	0.00	6.78	0.00	0.00	0.28	0.00	0.00	0.00	0.00	0.00	0.00
9.00	40.05	37.20	7.64	0.00	7.76	6.84	0.00	0.00	0.00	0.00	7.47	0.00	4.27	0.00	0.00	3.03	0.00	0.00	0.00	0.00	0.00	0.00
10.00	40.06	37.20	8.75	0.00	7.69	8.67	0.00	0.00	0.00	0.00	8.30	0.00	5.39	0.00	0.00	3.48	0.00	0.00	0.00	0.00	0.00	0.00
11.00	40.05	37.20	8.15	0.00	6.19	7.46	0.00	0.00	0.00	0.00	7.77	0.00	3.71	0.00	0.00	2.74	0.00	0.00	0.00	0.00	0.00	0.00
12.00	40.06	37.20	9.59	0.00	7.63	8.92	0.00	0.00	0.00	0.00	7.95	0.00	5.13	0.00	0.00	3.49	0.00	0.00	0.00	0.00	0.00	0.00
13.00	40.06	37.18	3.47	0.00	9.88	2.96	0.00	0.00	0.00	0.00	9.50	0.00	1.92	0.00	0.00	2.47	0.00	0.00	0.00	0.00	0.00	0.00
14.00	40.05	37.20	0.00	0.00	20.28	0.00	0.00	0.00	0.00	0.00	12.40	0.00	0.00	0.00	0.00	0.75	0.00	0.00	0.00	0.00	0.00	0.00
15.00	40.06	37.20	6.23	0.00	8.67	0.00	0.00	0.00	0.00	0.00	3.27	0.00	3.17	0.00	0.00	3.07	0.00	0.00	0.00	0.00	0.00	0.00
16.00	40.05	37.20	8.88	0.00	8.82	0.00	0.00	0.00	0.00	0.00	0.74	0.00	5.37	0.00	0.00	4.16	0.00	0.00	0.00	0.00	0.00	0.00
17.00	40.06	37.20	6.51	0.00	7.20	6.42	0.00	0.00	0.00	0.00	0.43	0.00	4.90	0.00	0.00	2.68	0.00	0.00	0.00	0.00	0.00	0.00
18.00	40.05	37.20	6.46	0.00	6.77	8.54	0.00	0.00	0.00	0.00	1.98	0.00	4.81	0.00	0.00	3.19	0.00	0.00	0.00	0.00	0.00	0.00
19.00	40.06	37.18	0.00	0.00	10.49	11.23	0.00	0.00	0.00	0.71	1.61	0.00	0.91	0.00	0.00	1.26	0.00	0.00	0.00	0.00	0.00	0.00
20.00	40.06	37.20	0.00	0.00	10.79	12.87	0.00	0.00	0.00	3.19	0.00	0.00	0.00	0.00	0.00	0.00	0.00	0.00	0.00	0.00	0.00	0.00
21.00	40.05	37.20	0.00	0.00	9.30	11.39	0.00	0.00	0.00	2.67	0.00	0.00	0.00	0.00	0.00	0.00	0.00	0.00	0.00	0.00	0.00	0.00
22.00	40.06	37.20	0.00	0.00	10.78	13.76	0.00	0.00	0.00	3.35	0.00	0.00	0.00	0.00	0.00	0.00	0.00	0.00	0.00	0.00	0.00	0.00
23.00	40.05	37.20	0.00	0.00	10.98	13.26	0.00	0.00	0.00	2.12	0.00	0.00	0.00	0.00	0.00	0.00	0.00	0.00	0.00	0.00	0.00	0.00
24.00	40.06	37.20	0.00	0.00	20.08	18.13	0.00	0.00	0.00	0.00	0.00	0.00	0.00	0.00	0.00	0.00	0.00	0.00	0.00	0.00	0.00	0.00
25.00	40.06	37.18	0.00	0.00	18.80	18.11	0.00	0.00	0.00	0.00	0.00	0.00	0.00	0.00	0.00	0.00	0.00	0.00	0.00	0.00	0.00	0.00
26.00	40.05	37.20	0.00	0.00	20.02	18.13	0.00	0.00	0.00	0.07	0.00	0.00	0.00	0.00	0.00	0.00	0.00	0.00	0.00	0.00	0.00	0.00
27.00	40.06	37.20	0.00	0.00	12.02	15.88	0.00	0.00	0.00	2.82	0.00	0.00	0.00	0.00	0.00	0.00	0.00	0.00	0.00	0.00	0.00	0.00
28.00	40.05	37.20	0.00	0.00	13.45	18.64	0.00	0.00	0.00	5.41	0.00	0.00	0.00	0.00	0.00	0.00	0.00	0.00	0.00	0.00	0.00	0.00
29.00	40.06	37.20	0.00	0.00	9.73	15.28	0.00	0.00	0.00	4.23	0.00	0.00	0.00	0.00	0.00	0.00	0.00	0.00	0.00	0.00	0.00	0.00
30.00	40.06	37.18	0.00	0.00	13.44	18.50	0.00	0.00	0.00	6.24	0.00	0.00	0.00	0.00	0.00	0.00	0.00	0.00	0.00	0.00	0.00	0.00
31.00	40.05	37.20	0.00	0.00	8.95	15.61	0.00	0.00	0.00	3.57	0.00	0.00	0.00	0.00	0.00	0.00	0.00	0.00	0.00	0.00	0.00	0.00
32.00	40.06	37.20	0.00	0.00	17.78	18.43	0.00	0.00	0.00	2.52	0.00	0.00	0.00	0.00	0.00	0.00	0.00	0.00	0.00	0.00	0.00	0.00
33.00	40.05	37.20	0.00	0.00	6.46	13.12	0.00	0.00	0.00	8.98	0.00	0.00	0.00	0.00	0.00	0.00	0.00	0.00	0.00	0.00	0.00	0.00
34.00	40.06	37.20	0.00	0.00	3.12	13.42	0.00	0.00	0.00	8.58	0.00	0.00	0.00	0.00	0.00	0.00	0.00	0.00	0.00	0.00	0.00	0.00
35.00	40.05	37.20	0.00	0.00	4.22	7.79	0.00	0.00	0.00	3.87	0.00	0.00	0.00	0.00	0.00	0.00	0.00	0.00	0.00	0.00	0.00	0.00
36.00	40.06	37.18	0.00	0.00	4.67	8.24	0.00	0.00	0.00	3.36	0.00	0.00	0.00	0.00	0.00	0.00	0.00	0.00	0.00	0.00	0.00	0.00
37.00	40.06	37.20	0.00	0.00	0.85	14.34	0.00	0.00	0.00	5.60	0.00	0.00	0.00	0.00	0.00	0.00	0.00	0.00	0.00	0.00	0.00	0.00
38.00	40.05	37.20	0.00	0.00	0.00	18.11	0.00	0.00	0.00	0.00	0.00	0.00	0.00	0.00	0.00	0.00	0.00	0.00	0.00	0.00	0.00	0.00
39.00	40.06	37.20	0.00	0.00	0.00	15.51	0.00	0.00	0.00	11.51	0.00	0.00	0.00	0.00	0.00	0.00	0.00	0.00	0.00	0.00	0.00	0.00
