Waf: Entering directory `/home/synrg-sc1/Desktop/Jiaming/ns-3.29-mesh/build'
Waf: Leaving directory `/home/synrg-sc1/Desktop/Jiaming/ns-3.29-mesh/build'
Build commands will be stored in build/compile_commands.json
'build' finished successfully (4.611s)
CreateVariables () DONE !!!
Creating 19 APs 50.00 m apart.
CreateApNodes () DONE !!!
Creating 0 CLs 20.00 m away from each AP.
CreateClNodes () DONE !!!
CreateNodes () DONE !!!
CreateMeshDevices () DONE !!!
CreateWifiDevices () DONE !!!
CreateCsmaDevices () DONE !!!
CreateDevices () DONE !!!
InstallMeshInternetStack () DONE !!!
InstallWifiInternetStack () DONE !!!
InstallCsmaInternetStack () DONE !!!
InstallInternetStack () DONE !!!
Gateway is connect to AP 0
InstallApplications () DONE !!!
Starting simulation for 40.00 s ...
-------------------------------------------------
Time[s]	ap-0	ap-1	ap-2	ap-3	ap-4	ap-5	ap-6	ap-7	ap-8	ap-9	ap-10	ap-11	ap-12	ap-13	ap-14	ap-15	ap-16	ap-17	ap-18
2.00	0.00	0.00	0.00	0.00	0.00	0.00	0.00	0.00	0.00	0.00	0.00	0.00	0.00	0.00	0.00	0.00	0.00	0.00	0.00
3.00	41.08	34.54	32.66	0.00	0.00	0.00	0.00	0.00	0.00	0.00	0.00	0.00	0.00	0.00	0.00	0.00	0.00	0.00	0.00
4.00	41.97	35.29	33.38	0.00	0.00	0.00	0.00	0.00	0.00	0.00	0.00	0.00	0.00	0.00	0.00	0.00	0.00	0.00	0.00
5.00	41.96	35.29	33.38	8.30	0.00	7.57	3.55	0.00	0.00	0.00	0.00	0.00	0.00	0.00	0.00	0.00	0.00	0.00	0.00
6.00	41.97	35.29	33.38	5.27	5.24	4.74	0.00	0.00	0.00	0.00	0.01	0.00	0.00	0.00	0.00	0.00	0.00	0.00	0.00
7.00	41.96	35.29	33.38	9.38	10.29	9.89	0.00	0.00	0.03	0.00	0.62	0.00	0.00	0.00	0.00	0.00	0.00	0.00	0.00
8.00	41.96	35.29	33.39	9.38	10.79	9.59	0.00	6.91	0.00	0.00	0.00	0.00	0.00	0.00	0.00	0.00	0.00	0.00	0.00
9.00	41.97	35.29	33.38	10.88	10.79	11.28	0.00	9.56	0.00	0.00	0.01	0.00	0.00	0.00	0.00	0.00	0.00	0.00	0.00
10.00	41.96	35.29	33.38	11.67	11.51	10.80	0.00	10.35	0.00	0.00	0.09	0.00	0.00	0.00	0.00	0.00	0.00	0.00	0.00
11.00	41.97	35.29	33.38	1.97	1.82	2.10	11.49	2.02	9.20	0.00	0.03	0.00	0.00	0.00	0.00	0.00	0.00	0.00	0.00
12.00	41.96	35.29	33.38	0.00	0.00	0.00	16.21	0.00	14.30	0.00	0.00	0.00	0.00	0.00	0.00	0.00	0.00	0.00	0.00
13.00	41.96	35.29	33.38	0.00	0.00	0.00	12.22	0.00	8.89	0.00	0.00	0.00	0.00	0.00	0.00	0.00	0.00	0.00	0.00
14.00	41.97	35.29	33.38	0.00	0.00	0.00	14.94	0.00	12.69	0.00	0.00	0.00	0.00	0.00	0.00	0.00	0.00	0.00	0.00
15.00	41.96	35.29	33.39	0.00	0.00	0.00	14.68	0.00	12.84	0.00	0.00	0.00	0.00	0.00	0.00	0.00	0.00	0.00	0.00
16.00	41.97	35.29	33.38	0.00	0.00	0.00	16.21	0.00	14.31	0.00	0.00	0.00	0.00	0.00	0.00	0.00	0.00	0.00	0.00
17.00	41.96	35.29	33.38	0.00	0.00	0.00	14.76	0.00	12.75	0.00	0.00	0.00	0.00	0.00	0.00	0.00	0.00	0.00	0.00
18.00	41.97	35.29	33.38	0.00	0.00	0.00	16.22	0.00	8.88	0.00	0.00	0.00	0.00	0.00	0.00	0.00	0.00	0.00	0.00
19.00	41.96	35.29	33.38	0.00	0.00	0.00	16.21	0.00	0.16	0.00	0.00	0.00	0.00	0.00	0.00	0.00	0.00	0.00	0.00
20.00	41.96	35.29	33.38	0.00	0.00	0.00	16.22	0.00	0.00	0.00	0.00	0.00	0.00	0.00	0.00	0.00	0.00	0.00	0.00
21.00	41.97	35.29	33.38	0.00	0.00	0.00	16.22	0.00	0.00	0.00	0.00	0.00	0.00	0.00	0.00	0.00	0.00	0.00	0.00
22.00	41.96	35.29	33.39	0.00	0.00	0.00	16.21	0.00	0.16	0.00	0.00	0.00	0.00	0.00	0.00	0.00	0.00	0.00	0.00
23.00	41.97	35.29	33.38	0.00	0.00	0.00	16.22	0.00	0.00	0.00	0.00	0.00	0.00	0.00	0.00	0.00	0.00	0.00	0.00
24.00	41.96	35.29	33.38	0.00	0.00	0.00	15.99	0.00	9.05	0.00	0.00	0.00	0.00	0.00	0.00	0.00	0.00	0.00	0.00
25.00	41.97	35.29	33.38	0.00	0.00	0.00	15.03	0.00	12.80	0.00	0.00	0.00	0.00	0.00	0.00	0.00	0.00	0.00	0.00
26.00	41.96	35.29	33.38	0.00	0.00	0.00	16.21	0.00	14.32	0.00	0.00	0.00	0.00	0.00	0.00	0.00	0.00	0.00	0.00
27.00	41.96	35.29	33.38	0.00	0.00	0.00	14.85	0.00	12.71	0.00	0.00	0.00	0.00	0.00	0.00	0.00	0.00	0.00	0.00
28.00	41.97	35.29	33.38	0.00	0.00	0.00	16.22	0.00	14.31	0.00	0.00	0.00	0.00	0.00	0.00	0.00	0.00	0.00	0.00
29.00	41.96	35.29	33.39	0.00	0.00	0.00	15.59	0.00	2.12	0.00	0.00	0.00	0.00	0.00	0.00	0.00	0.00	0.00	0.00
30.00	41.97	35.29	33.38	0.00	0.00	0.00	16.21	0.00	2.43	0.00	0.00	0.00	0.00	0.00	0.00	0.00	0.00	0.00	0.00
31.00	41.96	35.29	33.38	0.00	0.00	0.00	16.22	0.00	0.30	0.00	0.00	0.00	0.00	0.00	0.00	0.00	0.00	0.00	0.00
32.00	41.96	35.29	33.38	0.00	0.00	0.00	15.92	0.00	5.23	0.00	0.00	0.00	0.00	0.00	0.00	0.00	0.00	0.00	0.00
33.00	41.97	35.29	33.38	0.00	0.00	0.00	14.88	0.00	13.02	0.00	0.00	0.00	0.00	0.00	0.00	0.00	0.00	0.00	0.00
34.00	41.96	35.29	33.38	0.00	0.00	0.00	16.21	0.00	14.31	0.00	0.00	0.00	0.00	0.00	0.00	0.00	0.00	0.00	0.00
35.00	41.97	35.29	33.39	0.00	0.00	0.00	14.89	0.00	12.96	0.00	0.00	0.00	0.00	0.00	0.00	0.00	0.00	0.00	0.00
36.00	41.96	35.29	33.38	0.00	0.00	0.00	16.22	0.00	14.31	0.00	0.00	0.00	0.00	0.00	0.00	0.00	0.00	0.00	0.00
37.00	41.97	35.29	33.38	0.00	0.00	0.00	15.46	0.00	4.27	0.00	0.00	0.00	0.00	0.00	0.00	0.00	0.00	0.00	0.00
38.00	41.96	35.29	33.38	0.00	0.00	0.00	15.98	0.00	12.62	0.00	0.00	0.00	0.00	0.00	0.00	0.00	0.00	0.00	0.00
39.00	41.96	35.29	33.38	0.00	0.00	0.00	14.91	0.00	13.07	0.00	0.00	0.00	0.00	0.00	0.00	0.00	0.00	0.00	0.00
