Waf: Entering directory `/home/synrg-sc1/Desktop/Jiaming/ns-3.29-mesh/build'
Waf: Leaving directory `/home/synrg-sc1/Desktop/Jiaming/ns-3.29-mesh/build'
Build commands will be stored in build/compile_commands.json
'build' finished successfully (4.694s)
CreateVariables () DONE !!!
Creating 13 APs 50.00 m apart.
CreateApNodes () DONE !!!
Creating 0 CLs 20.00 m away from each AP.
CreateClNodes () DONE !!!
CreateNodes () DONE !!!
CreateMeshDevices () DONE !!!
CreateWifiDevices () DONE !!!
CreateCsmaDevices () DONE !!!
CreateDevices () DONE !!!
InstallMeshInternetStack () DONE !!!
InstallWifiInternetStack () DONE !!!
InstallCsmaInternetStack () DONE !!!
InstallInternetStack () DONE !!!
Gateway is connect to AP 0
InstallApplications () DONE !!!
Starting simulation for 40.00 s ...
-------------------------------------------------
Time[s]	ap-0	ap-1	ap-2	ap-3	ap-4	ap-5	ap-6	ap-7	ap-8	ap-9	ap-10	ap-11	ap-12
2.00	0.86	0.00	0.00	0.04	0.80	0.00	4.85	0.00	0.00	0.00	0.00	0.62	0.50
3.00	5.63	0.00	0.00	0.25	0.19	0.00	1.98	0.00	0.96	2.54	0.00	0.66	1.49
4.00	9.15	0.00	0.00	0.29	1.13	0.00	2.39	0.00	2.30	2.17	0.00	1.63	2.49
5.00	9.15	7.58	7.58	0.31	0.34	0.00	1.98	0.00	1.70	1.36	0.79	1.41	2.81
6.00	9.16	6.58	6.58	0.58	0.52	0.00	2.30	0.00	1.49	1.29	1.91	1.86	2.97
7.00	9.15	6.58	6.58	0.22	0.90	0.00	2.91	0.00	2.01	1.99	0.61	0.54	3.05
8.00	9.15	6.58	6.58	0.65	0.94	0.00	2.31	0.00	2.13	1.21	0.00	2.59	2.72
9.00	9.15	6.58	6.58	0.97	0.50	0.00	2.58	0.00	1.76	0.44	0.05	2.20	2.40
10.00	9.15	6.58	6.58	1.73	0.18	0.00	2.37	0.00	2.07	0.02	0.85	1.84	0.77
11.00	9.16	6.58	6.58	0.22	0.43	0.00	3.12	0.00	3.01	0.02	2.02	2.38	1.53
12.00	9.15	6.58	6.58	0.44	0.71	0.00	3.02	0.00	2.86	0.20	0.68	1.42	3.17
13.00	9.15	6.58	6.58	1.15	0.56	0.00	2.55	0.00	2.92	0.68	1.44	0.00	2.97
14.00	9.15	6.58	6.58	1.78	0.29	0.00	2.89	0.00	1.38	1.23	2.41	0.00	1.24
15.00	9.16	6.58	6.58	1.29	0.00	0.55	1.57	0.00	1.26	0.84	4.18	0.00	0.60
16.00	9.15	6.58	6.58	2.29	2.31	2.31	0.00	0.00	0.00	1.59	2.77	0.00	0.00
17.00	9.15	6.57	6.57	1.49	3.24	2.43	0.00	0.00	0.00	1.19	2.97	0.00	0.00
18.00	9.15	6.58	6.58	0.00	3.39	0.67	0.00	0.00	0.00	1.65	4.15	0.00	0.51
19.00	9.15	6.58	6.58	0.00	2.01	0.26	0.00	0.00	0.89	3.24	2.32	0.00	3.98
20.00	9.16	6.58	6.58	0.00	1.47	0.47	0.00	0.00	0.23	1.64	4.27	0.00	2.15
21.00	9.15	6.58	6.58	0.00	0.00	2.05	0.00	0.00	2.27	0.19	3.62	0.56	4.27
22.00	9.15	6.58	6.58	0.00	0.00	1.47	0.00	0.00	2.60	1.41	1.33	1.99	3.68
23.00	9.15	6.58	6.58	0.00	0.13	1.74	0.00	1.53	2.53	1.34	0.05	2.36	2.98
24.00	9.16	6.58	6.58	0.11	0.81	0.57	0.00	0.16	0.57	0.49	3.14	4.02	1.29
25.00	9.16	6.58	6.58	1.10	1.30	0.00	0.00	1.95	0.00	1.80	2.36	3.01	0.00
26.00	9.15	6.58	6.58	0.00	0.00	0.00	0.00	2.61	0.00	1.20	4.60	4.72	0.00
27.00	9.15	6.58	6.58	0.92	0.00	0.00	0.00	2.59	0.33	2.34	3.46	3.31	0.00
28.00	9.15	6.58	6.58	2.14	0.00	0.00	0.00	3.11	3.24	0.00	0.29	3.26	0.02
29.00	9.16	6.58	6.58	2.41	0.00	0.00	0.00	2.21	3.34	0.00	0.00	1.74	2.35
30.00	9.15	6.58	6.58	3.08	0.00	0.00	0.13	0.08	2.36	0.00	0.00	2.94	2.95
31.00	9.15	6.58	6.58	0.02	0.00	0.00	1.54	2.54	0.92	1.59	0.00	3.13	3.36
32.00	9.15	6.57	6.58	0.74	0.00	0.02	1.50	1.90	1.98	1.44	0.00	2.49	2.77
33.00	9.15	6.58	6.57	1.31	0.07	0.56	1.63	2.20	2.18	1.30	0.00	3.36	0.65
34.00	9.16	6.58	6.58	1.38	0.76	1.02	1.33	2.08	1.62	1.39	0.00	2.25	0.00
35.00	9.15	6.58	6.58	1.59	1.10	1.71	2.02	2.08	2.34	0.00	0.01	0.00	1.67
36.00	9.15	6.58	6.58	3.62	0.42	3.68	0.34	0.36	1.12	0.00	1.30	0.00	0.59
37.00	9.15	6.58	6.58	2.87	0.00	2.36	0.00	1.30	1.48	0.00	3.40	0.00	1.64
38.00	9.16	6.58	6.58	1.71	0.00	1.66	0.00	2.83	2.93	0.00	0.72	0.00	3.93
39.00	9.15	6.58	6.58	1.04	0.00	1.32	0.00	3.32	3.65	0.00	1.04	0.00	3.55
10.1.1.1	10026.01	28.17
10.1.1.2	6909.06	45.40
10.1.1.3	6909.60	72.69
10.1.1.4	1124.66	35710.12
10.1.1.5	742.06	56672.29
10.1.1.6	822.36	57721.94
10.1.1.7	1371.98	69124.26
10.1.1.8	1058.95	65510.58
10.1.1.9	1949.86	37952.95
10.1.1.10	1304.54	20698.42
10.1.1.11	1822.21	65031.11
10.1.1.12	1817.21	41809.04
10.1.1.13	2200.35	28039.12
