Waf: Entering directory `/home/synrg-sc1/Desktop/Jiaming/ns-3.29-mesh/build'
Waf: Leaving directory `/home/synrg-sc1/Desktop/Jiaming/ns-3.29-mesh/build'
Build commands will be stored in build/compile_commands.json
'build' finished successfully (4.622s)
CreateVariables () DONE !!!
Creating 11 APs 50.00 m apart.
CreateApNodes () DONE !!!
Creating 0 CLs 20.00 m away from each AP.
CreateClNodes () DONE !!!
CreateNodes () DONE !!!
CreateMeshDevices () DONE !!!
CreateWifiDevices () DONE !!!
CreateCsmaDevices () DONE !!!
CreateDevices () DONE !!!
InstallMeshInternetStack () DONE !!!
InstallWifiInternetStack () DONE !!!
InstallCsmaInternetStack () DONE !!!
InstallInternetStack () DONE !!!
Gateway is connect to AP 0
InstallApplications () DONE !!!
Starting simulation for 40.00 s ...
-------------------------------------------------
Time[s]	ap-0	ap-1	ap-2	ap-3	ap-4	ap-5	ap-6	ap-7	ap-8	ap-9	ap-10
2.00	7.14	6.86	0.00	0.00	2.21	1.22	2.78	0.00	0.00	0.00	1.25
3.00	7.15	6.86	0.00	0.00	5.44	3.95	0.00	0.00	0.00	0.00	0.00
4.00	7.15	6.87	0.00	0.00	4.50	4.53	2.02	0.00	0.00	0.00	0.00
5.00	7.15	6.86	0.00	0.00	5.34	5.47	0.00	0.00	0.00	0.00	0.00
6.00	7.15	6.87	0.00	0.00	5.44	5.15	0.00	0.00	0.00	0.00	0.00
7.00	7.15	6.86	0.00	0.00	5.44	5.15	0.00	0.00	0.00	0.00	0.00
8.00	7.15	6.86	0.00	0.00	5.44	5.15	0.00	0.00	0.00	0.00	0.00
9.00	7.15	6.87	0.00	0.00	5.44	5.15	0.00	0.00	0.00	0.00	0.00
10.00	7.14	6.86	0.00	0.00	5.44	5.15	0.00	0.00	0.00	0.00	0.00
11.00	7.15	6.87	0.00	0.00	1.61	2.94	0.00	0.00	0.00	0.00	0.00
12.00	7.15	6.86	0.00	0.00	6.03	5.15	0.00	0.00	0.00	0.00	0.00
13.00	7.15	6.86	0.00	0.00	5.44	5.15	0.00	0.00	0.00	0.00	0.00
14.00	7.15	6.87	0.00	0.00	5.44	5.15	0.00	0.00	0.00	0.00	0.00
15.00	7.15	6.86	0.00	0.00	5.44	5.15	0.00	0.00	0.00	0.00	0.00
16.00	7.15	6.87	0.00	0.00	5.43	5.15	0.00	0.00	0.00	0.00	0.00
17.00	7.15	6.86	0.00	0.00	5.44	0.44	0.00	0.00	0.00	0.00	0.00
18.00	7.15	6.87	0.00	0.00	5.44	0.00	0.00	0.00	0.00	0.00	0.00
19.00	7.14	6.86	0.00	0.00	5.44	0.00	0.77	0.00	0.00	0.00	0.00
20.00	7.15	6.86	0.00	0.00	4.85	2.45	5.66	0.00	0.00	0.00	0.00
21.00	7.15	6.87	0.00	0.00	5.07	4.41	4.57	0.00	0.00	0.00	0.00
22.00	7.15	6.86	0.00	0.00	5.34	4.86	4.13	0.00	0.00	0.00	0.00
23.00	7.15	6.87	0.00	0.00	2.76	4.00	4.76	0.00	0.58	0.01	0.00
24.00	7.15	6.86	0.00	0.00	4.77	4.18	3.82	0.00	0.34	0.38	0.00
25.00	7.15	6.86	0.00	0.00	6.01	5.43	0.00	0.00	0.00	0.00	0.00
26.00	7.15	6.87	0.00	0.10	4.47	4.49	4.33	0.00	0.00	0.00	0.00
27.00	7.15	6.86	0.00	0.56	4.32	4.30	4.12	0.00	0.00	0.00	0.00
28.00	7.14	6.87	0.00	0.00	4.75	4.75	4.75	0.00	0.00	0.00	0.00
29.00	7.15	6.86	0.00	0.00	5.13	4.22	4.91	0.00	0.00	0.00	0.00
30.00	7.15	6.86	0.00	0.00	5.94	5.86	1.10	0.00	0.00	0.00	0.00
31.00	7.15	6.87	0.00	0.00	4.98	5.10	0.00	0.00	1.06	0.00	0.00
32.00	7.15	6.86	0.00	0.00	5.89	0.77	0.00	0.00	0.20	0.00	0.00
33.00	7.15	6.87	0.00	0.00	4.59	3.27	2.02	0.00	0.00	0.00	0.00
34.00	7.15	6.86	0.00	0.00	3.23	4.80	3.10	0.00	0.00	0.00	0.00
35.00	7.15	6.87	0.00	0.00	3.75	4.96	2.92	0.00	0.00	0.00	0.00
36.00	7.15	6.86	0.00	0.00	1.21	3.31	5.36	0.00	0.00	0.00	0.00
37.00	7.14	6.86	0.00	0.00	1.55	5.71	0.19	0.00	0.00	0.00	0.00
38.00	7.15	6.87	0.00	0.00	0.00	1.24	0.00	0.00	0.00	0.00	0.00
39.00	7.15	6.86	0.00	0.00	0.00	0.00	0.00	0.00	0.00	0.45	0.00
10.1.1.1	8101.67	26.08
10.1.1.2	7778.01	24.96
10.1.1.3	0.07	348908.50
10.1.1.4	32.84	103796.27
10.1.1.5	5418.25	17671.49
10.1.1.6	4631.53	17528.67
10.1.1.7	1972.33	31449.54
10.1.1.8	0	472077.00
10.1.1.9	77.41	30239.71
10.1.1.10	167.52	15376.07
10.1.1.11	50.43	55888.96
