Waf: Entering directory `/home/synrg-sc1/Desktop/Jiaming/ns-3.29-mesh/build'
Waf: Leaving directory `/home/synrg-sc1/Desktop/Jiaming/ns-3.29-mesh/build'
Build commands will be stored in build/compile_commands.json
'build' finished successfully (4.592s)
CreateVariables () DONE !!!
Creating 15 APs 50.00 m apart.
CreateApNodes () DONE !!!
Creating 0 CLs 20.00 m away from each AP.
CreateClNodes () DONE !!!
CreateNodes () DONE !!!
CreateMeshDevices () DONE !!!
CreateWifiDevices () DONE !!!
CreateCsmaDevices () DONE !!!
CreateDevices () DONE !!!
InstallMeshInternetStack () DONE !!!
InstallWifiInternetStack () DONE !!!
InstallCsmaInternetStack () DONE !!!
InstallInternetStack () DONE !!!
Gateway is connect to AP 0
InstallApplications () DONE !!!
Starting simulation for 40.00 s ...
-------------------------------------------------
Time[s]	ap-0	ap-1	ap-2	ap-3	ap-4	ap-5	ap-6	ap-7	ap-8	ap-9	ap-10	ap-11	ap-12	ap-13	ap-14
2.00	7.72	7.14	6.86	0.00	0.00	0.00	1.21	0.00	0.00	1.64	2.20	0.00	0.00	0.00	0.00
3.00	7.73	7.15	6.86	1.46	0.00	3.16	2.95	0.00	0.00	1.52	0.01	0.00	0.00	0.00	0.04
4.00	7.73	7.15	6.87	1.38	0.00	3.21	2.83	0.00	0.00	1.72	0.05	0.00	0.00	0.00	0.77
5.00	7.73	7.15	6.86	3.57	0.05	3.19	1.39	0.00	0.04	1.71	0.16	0.00	0.00	0.04	0.42
6.00	7.73	7.15	6.87	3.41	0.00	3.23	2.11	0.00	1.15	1.94	0.06	0.00	0.00	0.49	0.85
7.00	7.72	7.15	6.86	2.97	0.00	2.75	2.96	0.00	1.38	1.64	0.09	0.00	0.00	1.28	0.25
8.00	7.72	7.15	6.86	2.94	0.00	3.00	2.92	0.00	1.19	1.84	0.12	0.00	0.00	0.96	0.17
9.00	7.73	7.15	6.87	1.00	0.89	3.55	3.26	0.00	0.94	2.22	0.27	0.00	0.00	0.89	0.23
10.00	7.73	7.14	6.86	0.00	2.20	2.06	3.62	0.00	0.63	1.18	0.29	0.00	0.00	0.97	0.78
11.00	7.73	7.15	6.87	0.00	1.68	2.98	3.81	0.00	0.00	0.34	0.00	0.00	0.00	0.37	1.58
12.00	7.73	7.15	6.86	1.98	1.21	3.72	2.37	0.00	0.00	2.16	0.64	0.00	0.00	0.27	0.29
13.00	7.73	7.15	6.86	2.72	0.96	3.18	2.18	0.00	0.00	2.13	1.17	0.00	0.00	0.23	0.08
14.00	7.72	7.15	6.87	2.45	1.36	1.19	2.49	0.00	0.00	3.68	1.01	0.00	0.96	0.27	0.13
15.00	7.73	7.15	6.86	2.58	0.71	0.00	1.40	0.00	0.00	4.69	1.26	0.00	2.32	0.20	0.74
16.00	7.73	7.15	6.87	4.11	0.33	0.00	0.97	0.00	0.00	3.47	0.00	0.00	4.05	0.25	0.29
17.00	7.73	7.15	6.86	2.25	0.58	1.86	0.00	0.00	0.21	0.00	0.00	0.00	1.50	3.27	0.22
18.00	7.73	7.15	6.87	1.18	1.71	2.52	0.00	0.00	1.29	3.39	0.00	0.00	0.00	0.90	0.83
19.00	7.73	7.14	6.86	3.17	1.59	1.94	0.00	0.00	0.97	2.18	0.00	0.00	2.33	0.74	0.58
20.00	7.72	7.15	6.86	2.81	1.18	2.37	0.67	0.00	1.06	0.77	0.00	0.00	3.25	0.59	0.74
21.00	7.73	7.15	6.87	2.64	0.94	2.54	1.58	0.00	1.00	0.02	0.00	0.00	3.48	0.09	0.56
22.00	7.73	7.15	6.86	2.02	0.00	2.43	2.30	0.00	1.45	0.38	0.00	0.00	2.60	0.00	0.35
23.00	7.73	7.15	6.87	1.38	0.00	0.59	1.57	0.00	1.37	1.22	0.00	3.04	0.66	0.00	0.00
24.00	7.73	7.15	6.86	2.20	0.00	1.08	1.06	0.00	1.66	2.75	0.00	2.55	1.98	0.00	0.25
25.00	7.73	7.15	6.86	1.34	0.00	1.39	1.24	0.00	2.22	2.41	0.00	2.93	1.41	0.00	0.18
26.00	7.72	7.15	6.87	2.75	0.00	0.78	1.73	0.00	0.00	1.33	0.00	2.80	3.43	0.00	0.22
27.00	7.73	7.15	6.86	3.40	0.00	1.95	0.76	0.00	0.06	2.95	0.00	1.58	3.01	0.00	0.12
28.00	7.73	7.14	6.87	1.35	0.00	2.07	1.17	0.00	1.05	2.86	0.00	3.30	1.79	0.00	0.03
29.00	7.73	7.15	6.86	0.18	0.00	2.61	2.47	0.00	1.07	3.21	0.00	4.22	0.00	0.00	0.00
30.00	7.73	7.15	6.86	2.94	0.00	2.46	1.71	0.00	0.86	3.16	0.00	2.49	0.00	0.00	0.00
31.00	7.73	7.15	6.87	1.71	0.00	0.05	4.20	0.00	0.45	1.79	0.24	4.52	0.00	0.00	0.04
32.00	7.73	7.15	6.86	3.08	0.00	0.00	1.80	0.00	1.19	2.51	0.74	3.86	0.00	0.00	0.20
33.00	7.72	7.15	6.87	3.12	0.00	0.00	3.35	0.00	1.75	2.35	1.15	1.23	0.00	0.00	0.40
34.00	7.73	7.15	6.86	4.48	0.00	0.55	4.79	0.00	0.00	1.62	1.16	0.00	0.00	0.00	0.43
35.00	7.73	7.15	6.87	3.97	0.00	1.55	0.88	0.00	0.00	2.93	2.01	0.00	0.40	0.00	1.06
36.00	7.73	7.15	6.86	2.86	0.00	1.12	1.34	0.00	0.00	2.05	1.38	0.00	3.63	0.00	0.45
37.00	7.73	7.14	6.86	0.00	0.00	0.00	5.31	0.00	0.00	3.25	0.00	0.00	3.79	0.00	0.14
38.00	7.73	7.15	6.87	0.00	0.00	0.06	2.53	0.00	0.05	4.79	2.13	0.00	3.09	0.00	0.76
39.00	7.72	7.15	6.86	0.00	0.00	0.94	2.82	0.00	0.41	4.64	1.33	0.00	3.55	0.00	0.79
10.1.1.1	8749.13	28.69
10.1.1.2	8101.68	27.27
10.1.1.3	7776.42	27.78
10.1.1.4	2471.04	51507.62
10.1.1.5	871.00	32314.61
10.1.1.6	1945.91	11811.88
10.1.1.7	2427.97	38598.30
10.1.1.8	0.15	373334.67
10.1.1.9	757.00	32827.47
10.1.1.10	2589.50	13354.17
10.1.1.11	546.32	26238.15
10.1.1.12	1001.75	42445.83
10.1.1.13	1502.33	31587.83
10.1.1.14	395.90	56405.68
10.1.1.15	462.13	43727.29
