Waf: Entering directory `/home/synrg-sc1/Desktop/Jiaming/ns-3.29-mesh/build'
Waf: Leaving directory `/home/synrg-sc1/Desktop/Jiaming/ns-3.29-mesh/build'
Build commands will be stored in build/compile_commands.json
'build' finished successfully (4.726s)
CreateVariables () DONE !!!
Creating 11 APs 50.00 m apart.
CreateApNodes () DONE !!!
Creating 0 CLs 20.00 m away from each AP.
CreateClNodes () DONE !!!
CreateNodes () DONE !!!
CreateMeshDevices () DONE !!!
CreateWifiDevices () DONE !!!
CreateCsmaDevices () DONE !!!
CreateDevices () DONE !!!
InstallMeshInternetStack () DONE !!!
InstallWifiInternetStack () DONE !!!
InstallCsmaInternetStack () DONE !!!
InstallInternetStack () DONE !!!
Gateway is connect to AP 0
InstallApplications () DONE !!!
Starting simulation for 40.00 s ...
-------------------------------------------------
Time[s]	ap-0	ap-1	ap-2	ap-3	ap-4	ap-5	ap-6	ap-7	ap-8	ap-9	ap-10
2.00	0.22	0.20	0.00	0.00	4.44	0.00	0.00	0.00	0.00	0.00	0.00
3.00	5.75	5.42	0.00	0.00	5.44	0.00	0.00	0.00	0.00	0.00	0.00
4.00	8.30	7.73	0.00	0.00	5.44	0.00	0.00	0.00	0.00	0.00	0.00
5.00	8.30	7.73	7.29	6.32	5.44	0.00	0.00	0.00	0.00	0.00	0.00
6.00	8.29	7.73	6.30	6.01	5.44	0.00	0.00	0.00	0.00	0.00	0.00
7.00	8.30	7.72	6.29	6.01	5.44	0.00	0.00	0.00	0.00	0.00	0.00
8.00	8.30	7.72	6.30	6.00	5.43	0.00	0.00	0.00	0.00	0.00	0.00
9.00	8.30	7.73	6.29	6.02	5.44	0.00	0.00	0.00	0.00	0.00	0.00
10.00	8.30	7.73	6.30	6.01	5.44	0.00	0.00	0.00	0.00	0.00	0.00
11.00	8.29	7.73	6.29	3.27	3.50	0.00	0.00	0.00	0.00	0.00	0.00
12.00	8.30	7.73	6.30	6.07	4.91	0.00	1.89	0.00	0.00	0.00	0.00
13.00	8.30	7.73	6.29	5.79	5.02	0.00	3.31	0.00	0.00	0.00	0.00
14.00	8.30	7.72	6.29	6.11	4.96	0.00	3.34	0.00	0.00	0.00	0.00
15.00	8.30	7.73	6.30	5.94	5.29	0.00	3.04	0.00	0.00	0.00	0.00
16.00	8.29	7.73	6.29	2.96	5.26	0.00	4.61	0.00	0.00	0.00	0.00
17.00	8.30	7.73	6.30	2.53	5.93	0.00	4.48	0.00	0.00	0.00	0.00
18.00	8.30	7.73	6.29	6.13	4.79	0.00	3.64	0.00	0.00	0.00	0.00
19.00	8.30	7.73	6.30	6.31	5.18	0.00	3.11	0.00	0.00	0.00	0.00
20.00	8.29	7.72	6.29	5.92	5.23	0.00	3.44	0.00	0.00	0.00	0.00
21.00	8.30	7.73	6.30	6.02	4.80	0.00	3.46	0.00	0.00	0.00	0.00
22.00	8.30	7.73	6.29	5.98	5.25	0.00	3.02	0.00	0.00	0.00	0.00
23.00	8.30	7.73	6.30	0.34	3.14	0.00	5.68	0.00	0.00	0.98	0.00
24.00	8.30	7.73	6.29	6.14	4.73	0.00	2.83	0.00	0.00	0.00	0.00
25.00	8.29	7.73	6.30	6.06	5.08	0.00	2.90	0.00	0.00	0.00	0.00
26.00	8.30	7.72	6.29	5.52	4.89	0.00	3.61	0.00	0.00	0.00	0.00
27.00	8.30	7.73	6.29	6.43	4.90	0.00	3.30	0.00	0.00	0.00	0.00
28.00	8.30	7.73	6.30	5.23	5.03	0.00	3.95	0.00	0.00	0.00	0.00
29.00	8.30	7.73	6.29	5.77	4.83	0.00	4.02	0.00	0.00	0.00	0.00
30.00	8.29	7.73	6.30	5.95	5.13	0.00	3.25	0.00	0.00	0.01	0.00
31.00	8.30	7.73	6.29	5.89	5.10	0.00	3.16	0.00	0.00	0.22	0.00
32.00	8.30	7.73	6.30	6.08	5.15	0.00	3.26	0.00	0.00	0.00	0.00
33.00	8.30	7.72	6.29	6.30	5.90	0.00	1.54	0.00	0.00	0.00	0.00
34.00	8.30	7.73	6.30	6.01	5.58	0.00	0.00	0.00	0.00	0.00	0.00
35.00	8.29	7.73	6.29	6.01	5.44	0.00	0.00	0.00	0.00	0.00	0.00
36.00	8.30	7.73	6.30	5.90	5.07	0.00	1.56	0.00	0.00	0.00	0.00
37.00	8.30	7.73	6.29	5.77	4.91	0.00	3.18	0.00	0.00	0.00	0.00
38.00	8.30	7.73	6.30	3.30	2.46	0.00	5.32	0.00	0.00	0.92	0.00
39.00	8.30	7.72	6.29	3.67	0.00	0.00	4.95	0.00	0.00	1.56	0.00
10.1.1.1	9089.67	28.63
10.1.1.2	8463.20	28.11
10.1.1.3	6609.66	28.09
10.1.1.4	6148.20	18730.57
10.1.1.5	5626.65	23357.65
10.1.1.6	0	0
10.1.1.7	2985.13	58660.41
10.1.1.8	0	0
10.1.1.9	0	169419.00
10.1.1.10	116.37	21392.10
10.1.1.11	0	51342.00
