Waf: Entering directory `/home/synrg-sc1/Desktop/Jiaming/ns-3.29-mesh/build'
Waf: Leaving directory `/home/synrg-sc1/Desktop/Jiaming/ns-3.29-mesh/build'
Build commands will be stored in build/compile_commands.json
'build' finished successfully (4.643s)
CreateVariables () DONE !!!
Creating 10 APs 50.00 m apart.
CreateApNodes () DONE !!!
Creating 0 CLs 20.00 m away from each AP.
CreateClNodes () DONE !!!
CreateNodes () DONE !!!
CreateMeshDevices () DONE !!!
CreateWifiDevices () DONE !!!
CreateCsmaDevices () DONE !!!
CreateDevices () DONE !!!
InstallMeshInternetStack () DONE !!!
InstallWifiInternetStack () DONE !!!
InstallCsmaInternetStack () DONE !!!
InstallInternetStack () DONE !!!
Gateway is connect to AP 0
InstallApplications () DONE !!!
Starting simulation for 40.00 s ...
-------------------------------------------------
Time[s]	ap-0	ap-1	ap-2	ap-3	ap-4	ap-5	ap-6	ap-7	ap-8	ap-9
2.00	6.57	6.57	5.44	4.30	0.00	0.00	0.00	0.00	0.00	0.00
3.00	6.58	6.58	5.44	4.33	0.00	0.00	4.89	0.00	0.00	2.87
4.00	6.58	6.58	5.44	4.63	0.00	0.00	5.16	0.00	0.00	2.95
5.00	6.58	6.58	5.44	3.28	0.00	0.00	5.00	0.00	0.00	4.25
6.00	6.58	6.58	5.44	4.50	0.00	0.00	4.87	0.00	0.00	4.22
7.00	6.58	6.58	5.44	4.69	0.00	0.00	4.84	0.00	0.00	3.83
8.00	6.58	6.58	5.44	4.50	0.00	0.00	4.88	0.00	0.00	4.19
9.00	6.58	6.58	5.44	4.89	0.00	0.00	4.86	0.00	0.00	3.66
10.00	6.58	6.58	5.44	4.59	0.00	0.00	4.87	0.00	0.00	4.38
11.00	6.58	6.58	5.44	4.22	0.00	0.00	4.86	0.00	0.00	3.92
12.00	6.58	6.58	5.44	5.68	0.00	0.00	4.86	0.00	0.00	2.59
13.00	6.58	6.58	5.44	5.01	0.00	0.00	3.35	0.00	0.00	0.66
14.00	6.58	6.58	5.44	4.88	0.00	0.00	2.18	0.00	0.00	4.76
15.00	6.58	6.58	5.44	4.50	0.00	0.00	2.73	0.00	0.00	4.11
16.00	6.58	6.58	5.44	4.59	0.00	0.00	2.83	0.00	0.00	4.01
17.00	6.57	6.57	5.44	4.21	0.00	0.00	2.69	0.00	0.00	4.01
18.00	6.58	6.58	5.44	5.75	0.00	0.00	0.00	0.00	0.00	4.01
19.00	6.58	6.58	5.44	4.37	0.00	0.00	3.73	0.00	0.00	3.98
20.00	6.58	6.58	5.44	4.61	0.00	0.00	5.24	0.00	0.00	3.92
21.00	6.58	6.58	5.44	4.84	0.00	0.00	4.87	0.00	0.00	4.02
22.00	6.58	6.58	5.44	4.63	0.00	0.00	4.86	0.00	0.00	4.03
23.00	6.58	6.58	5.44	3.88	0.00	3.64	1.10	0.00	0.00	3.90
24.00	6.58	6.58	5.44	5.19	0.00	4.22	0.00	0.00	0.00	4.16
25.00	6.58	6.58	5.44	5.12	0.00	4.56	0.00	0.00	0.00	4.01
26.00	6.58	6.58	5.44	5.19	0.00	4.26	0.00	0.00	0.00	3.98
27.00	6.58	6.58	5.44	5.11	0.00	4.68	0.00	0.00	0.00	3.99
28.00	6.58	6.58	5.44	1.52	0.00	5.67	0.00	0.00	0.00	4.06
29.00	6.58	6.58	5.44	0.00	0.00	4.86	0.00	0.00	0.00	4.01
30.00	6.58	6.58	5.45	0.00	0.00	4.39	2.87	0.00	0.00	4.00
31.00	6.58	6.58	5.44	0.00	0.00	3.96	5.36	0.00	0.00	4.01
32.00	6.58	6.58	5.44	0.00	0.00	4.61	4.87	0.00	0.00	4.00
33.00	6.57	6.57	5.44	1.30	0.00	4.31	1.68	0.00	0.00	4.01
34.00	6.58	6.58	5.44	3.59	0.00	3.77	1.80	0.00	0.00	3.86
35.00	6.58	6.58	5.44	3.40	0.00	2.20	3.91	0.00	0.00	3.36
36.00	6.58	6.58	5.44	2.96	0.00	2.17	4.22	0.00	0.00	3.52
37.00	6.58	6.58	5.44	3.14	0.00	2.78	3.75	0.00	0.00	3.54
38.00	6.58	6.58	5.44	3.52	0.00	2.25	2.62	0.00	0.00	4.57
39.00	6.58	6.58	5.44	5.77	0.00	0.00	0.00	0.00	0.00	1.99
10.1.1.1	7453.73	42.61
10.1.1.2	7452.78	66.95
10.1.1.3	6157.12	26.97
10.1.1.4	4410.25	43065.74
10.1.1.5	0.06	338236.33
10.1.1.6	1836.89	57093.39
10.1.1.7	3434.04	15233.99
10.1.1.8	0.09	723550.50
10.1.1.9	0.33	160213.00
10.1.1.10	4235.74	29053.46
