Waf: Entering directory `/home/synrg-sc1/Desktop/Jiaming/ns-3.29-mesh/build'
Waf: Leaving directory `/home/synrg-sc1/Desktop/Jiaming/ns-3.29-mesh/build'
Build commands will be stored in build/compile_commands.json
'build' finished successfully (4.732s)
CreateVariables () DONE !!!
Creating 13 APs 50.00 m apart.
CreateApNodes () DONE !!!
Creating 0 CLs 20.00 m away from each AP.
CreateClNodes () DONE !!!
CreateNodes () DONE !!!
CreateMeshDevices () DONE !!!
CreateWifiDevices () DONE !!!
CreateCsmaDevices () DONE !!!
CreateDevices () DONE !!!
InstallMeshInternetStack () DONE !!!
InstallWifiInternetStack () DONE !!!
InstallCsmaInternetStack () DONE !!!
InstallInternetStack () DONE !!!
Gateway is connect to AP 0
InstallApplications () DONE !!!
Starting simulation for 40.00 s ...
-------------------------------------------------
Time[s]	ap-0	ap-1	ap-2	ap-3	ap-4	ap-5	ap-6	ap-7	ap-8	ap-9	ap-10	ap-11	ap-12
2.00	4.94	8.01	6.86	0.00	0.00	0.00	1.04	0.00	0.00	0.00	0.01	0.00	0.00
3.00	8.73	8.01	6.86	0.00	0.00	0.00	0.99	0.00	0.00	1.33	4.37	0.00	0.00
4.00	8.01	8.01	6.87	0.00	2.09	0.00	4.28	0.00	0.00	0.00	4.71	0.00	0.00
5.00	8.02	8.02	6.86	0.00	2.66	0.00	5.86	0.00	0.00	0.00	4.22	0.00	0.00
6.00	8.01	8.01	6.87	0.00	2.96	0.00	5.95	0.00	0.00	0.00	5.00	0.00	0.00
7.00	8.01	8.01	6.86	0.00	4.76	0.00	3.16	0.00	0.00	0.00	5.79	0.00	0.00
8.00	8.02	8.02	6.86	0.00	6.45	0.00	0.00	0.00	0.00	0.00	1.62	0.00	0.00
9.00	8.01	8.01	6.87	0.00	2.03	0.00	0.00	0.00	0.00	0.00	0.00	0.00	0.00
10.00	8.01	8.01	6.86	0.00	3.75	0.00	0.00	0.00	0.00	0.00	0.00	0.00	0.00
11.00	8.02	8.02	6.87	0.00	4.26	0.00	0.00	0.00	1.23	0.00	3.32	0.00	0.00
12.00	8.01	8.01	6.86	0.00	5.75	0.00	0.00	0.00	0.89	0.00	5.55	0.00	0.00
13.00	8.01	8.01	6.86	0.00	4.63	0.00	0.00	0.00	3.47	0.00	4.90	0.00	0.00
14.00	8.02	8.02	6.87	0.00	3.50	0.00	0.26	0.00	2.60	0.00	5.41	0.00	0.00
15.00	8.01	8.01	6.86	0.00	0.00	0.00	6.62	0.00	0.00	0.00	5.15	0.00	0.00
16.00	8.01	8.01	6.87	0.00	2.43	0.00	4.67	0.00	2.77	0.00	4.16	0.00	0.00
17.00	8.02	8.02	6.86	0.00	3.55	0.00	2.20	0.00	3.67	0.00	4.61	0.00	0.00
18.00	8.01	8.01	6.87	0.00	4.83	0.00	0.00	0.00	4.32	0.00	5.12	0.00	0.00
19.00	8.01	8.01	6.86	0.00	5.12	0.00	0.00	0.00	5.67	0.00	0.94	0.00	0.00
20.00	8.01	8.01	6.86	0.00	0.29	0.00	1.15	0.00	2.93	0.00	0.00	0.00	0.00
21.00	8.02	8.02	6.87	0.00	0.00	0.00	6.29	0.00	5.18	0.00	0.00	0.00	0.00
22.00	8.01	8.01	6.86	0.00	3.77	0.00	1.23	0.00	4.63	0.00	0.00	0.00	0.00
23.00	8.01	8.01	6.87	0.00	3.86	0.00	2.76	0.00	4.70	0.00	0.00	0.00	0.00
24.00	8.02	8.02	6.86	0.00	3.26	0.00	5.07	0.00	4.32	0.00	0.00	0.00	0.00
25.00	8.01	8.01	6.86	0.00	3.20	0.00	6.18	0.00	3.32	0.00	0.00	0.00	0.00
26.00	8.01	8.01	6.87	0.00	2.92	0.00	5.88	0.00	3.37	0.00	0.00	0.00	0.00
27.00	8.02	8.02	6.86	0.00	2.83	0.00	5.81	0.00	3.26	0.00	0.00	0.00	0.00
28.00	8.01	8.01	6.87	0.00	1.03	0.00	0.92	0.00	1.10	0.00	0.00	0.00	0.00
29.00	8.01	8.01	6.86	0.00	0.00	0.00	5.69	0.00	0.00	0.00	0.00	0.00	0.00
30.00	8.02	8.02	6.86	0.00	0.00	0.00	5.72	0.00	0.00	0.00	0.00	0.00	0.00
31.00	8.01	8.01	6.87	0.00	0.00	0.00	5.73	0.00	0.00	0.00	0.00	0.00	0.00
32.00	8.01	8.01	6.86	0.00	0.00	0.00	5.72	0.00	0.00	0.00	0.00	0.00	0.00
33.00	8.02	8.02	6.87	0.00	0.00	0.00	5.72	0.00	2.56	0.00	0.00	0.00	0.00
34.00	8.01	8.01	6.86	0.00	0.00	0.00	5.56	0.00	3.83	0.00	0.00	0.00	0.00
35.00	8.01	8.01	6.87	0.00	0.00	0.00	5.83	0.00	3.24	0.00	0.00	0.00	0.00
36.00	8.02	8.02	6.86	0.00	0.00	0.00	5.72	0.00	0.54	0.00	0.00	0.00	0.00
37.00	8.01	8.01	6.86	0.00	0.00	0.00	5.76	0.00	2.76	0.00	0.00	0.00	0.00
38.00	8.01	8.01	6.87	0.00	0.00	0.00	0.45	0.00	6.06	0.00	0.00	0.00	0.00
39.00	8.01	8.01	6.86	0.00	0.00	0.00	0.00	0.00	5.15	0.00	0.00	0.00	0.00
10.1.1.1	9009.49	292.32
10.1.1.2	9073.41	68.25
10.1.1.3	7777.23	32.42
10.1.1.4	0	845467.00
10.1.1.5	2859.96	41038.82
10.1.1.6	0	996563.00
10.1.1.7	3875.38	15865.61
10.1.1.8	0	842593.00
10.1.1.9	2656.66	20159.09
10.1.1.10	1095.95	10306.69
10.1.1.11	2950.75	34039.07
10.1.1.12	0.32	11180.00
10.1.1.13	0.08	176493.25
