Waf: Entering directory `/home/synrg-sc1/Desktop/Jiaming/ns-3.29-mesh/build'
Waf: Leaving directory `/home/synrg-sc1/Desktop/Jiaming/ns-3.29-mesh/build'
Build commands will be stored in build/compile_commands.json
'build' finished successfully (4.635s)
CreateVariables () DONE !!!
Creating 12 APs 50.00 m apart.
CreateApNodes () DONE !!!
Creating 0 CLs 20.00 m away from each AP.
CreateClNodes () DONE !!!
CreateNodes () DONE !!!
CreateMeshDevices () DONE !!!
CreateWifiDevices () DONE !!!
CreateCsmaDevices () DONE !!!
CreateDevices () DONE !!!
InstallMeshInternetStack () DONE !!!
InstallWifiInternetStack () DONE !!!
InstallCsmaInternetStack () DONE !!!
InstallInternetStack () DONE !!!
Gateway is connect to AP 0
InstallApplications () DONE !!!
Starting simulation for 40.00 s ...
-------------------------------------------------
Time[s]	ap-0	ap-1	ap-2	ap-3	ap-4	ap-5	ap-6	ap-7	ap-8	ap-9	ap-10	ap-11
2.00	10.01	6.00	0.00	1.95	0.00	0.00	0.00	3.94	0.00	0.00	0.00	0.00
3.00	10.02	6.01	0.00	4.80	0.00	1.21	0.00	4.89	0.00	0.00	0.00	0.00
4.00	10.01	6.01	0.00	5.69	0.00	1.13	0.00	4.82	0.00	0.00	0.00	0.00
5.00	10.02	6.01	0.00	2.06	0.00	4.23	0.00	3.37	0.00	0.00	0.00	2.32
6.00	10.02	6.01	0.00	3.01	0.00	3.97	0.00	3.75	0.00	0.00	0.00	3.38
7.00	10.01	6.01	0.00	2.48	0.00	3.84	0.00	3.41	0.00	0.00	0.00	2.61
8.00	10.02	6.01	0.00	4.53	0.00	1.44	0.00	1.46	0.00	0.00	0.00	2.92
9.00	10.02	6.01	0.00	2.54	0.00	3.32	0.00	3.93	0.00	0.00	0.00	2.23
10.00	10.01	6.01	0.00	1.52	0.00	4.78	0.00	4.63	0.00	0.00	0.00	1.71
11.00	10.02	6.01	0.00	0.49	0.00	3.86	0.00	5.23	0.00	0.00	0.00	2.76
12.00	10.02	6.01	0.00	2.27	0.00	3.14	1.24	3.51	0.06	0.00	0.00	2.44
13.00	10.01	6.01	0.00	3.48	0.00	1.22	0.45	0.99	0.76	0.00	0.00	3.78
14.00	10.02	6.01	0.00	5.69	0.00	0.00	0.09	0.00	0.01	0.00	0.00	3.41
15.00	10.01	6.01	0.00	4.26	0.00	0.00	0.00	0.00	0.00	0.00	0.00	3.16
16.00	10.01	6.01	0.00	5.85	0.00	0.00	0.00	0.00	0.00	0.00	0.00	3.14
17.00	10.02	6.01	0.00	5.44	0.00	0.00	0.00	0.00	0.00	0.00	0.00	3.14
18.00	10.01	6.01	0.00	5.44	0.00	0.00	0.00	0.00	0.00	0.00	0.00	3.14
19.00	10.02	6.01	0.00	5.44	0.00	0.00	0.00	0.00	0.00	0.00	0.00	3.15
20.00	10.02	6.01	0.00	5.44	0.00	0.00	0.00	0.00	0.00	0.00	0.00	3.14
21.00	10.01	6.01	0.00	5.44	0.00	3.85	0.00	0.00	0.00	0.00	0.00	0.21
22.00	10.02	6.01	0.00	5.31	0.00	0.91	0.00	0.00	0.00	0.00	0.00	3.19
23.00	10.02	6.01	0.00	0.38	0.00	5.68	0.00	0.00	0.00	0.00	0.00	0.20
24.00	10.01	6.01	0.00	0.00	0.00	4.86	0.00	0.00	0.00	0.00	0.00	0.00
25.00	10.02	6.01	0.00	0.00	0.00	4.86	0.00	0.00	0.00	0.00	0.00	0.00
26.00	10.02	6.01	0.00	0.00	0.00	4.87	0.00	0.00	0.00	0.00	0.00	2.84
27.00	10.01	6.01	0.00	0.00	0.00	0.79	0.00	0.00	0.00	0.00	0.00	3.14
28.00	10.02	6.01	0.00	0.00	0.00	5.16	0.00	0.00	0.00	0.00	0.00	3.15
29.00	10.02	6.01	0.00	0.00	0.00	4.86	0.00	0.00	0.00	0.00	0.00	1.23
30.00	10.01	6.01	0.00	4.34	0.00	4.76	0.00	0.00	0.00	0.00	0.00	2.41
31.00	10.02	6.01	0.00	4.53	0.00	4.97	0.00	0.00	0.00	0.00	0.00	0.09
32.00	10.01	6.01	0.00	5.40	0.00	4.88	0.00	0.00	0.00	0.00	0.00	0.00
33.00	10.02	6.01	0.00	5.50	0.00	4.85	0.00	0.00	0.00	0.00	0.00	0.00
34.00	10.02	6.01	0.00	4.28	0.00	4.60	0.00	0.00	0.00	0.00	0.00	3.41
35.00	10.01	6.01	0.00	4.28	0.00	5.08	0.00	0.00	0.00	0.00	0.00	3.21
36.00	10.02	6.01	0.00	4.52	0.00	4.90	0.00	0.00	0.00	0.00	0.00	3.14
37.00	10.02	6.01	0.00	4.69	0.00	4.78	0.00	0.00	0.00	0.00	0.00	3.15
38.00	10.01	6.01	0.00	2.64	0.00	4.93	0.00	0.00	0.00	0.00	0.67	0.76
39.00	10.02	6.01	0.00	3.24	0.00	4.29	0.00	0.00	0.00	0.00	3.08	0.00
10.1.1.1	11341.47	28.17
10.1.1.2	6805.07	30.83
10.1.1.3	0.39	366847.50
10.1.1.4	3804.83	27362.51
10.1.1.5	0.43	385006.33
10.1.1.6	3647.95	19853.18
10.1.1.7	82.44	107802.96
10.1.1.8	1827.44	37354.18
10.1.1.9	36.54	102125.11
10.1.1.10	0.07	420458.33
10.1.1.11	200.06	19672.52
10.1.1.12	2360.23	12842.45
