Waf: Entering directory `/home/synrg-sc1/Desktop/Jiaming/ns-3.29-mesh/build'
Waf: Leaving directory `/home/synrg-sc1/Desktop/Jiaming/ns-3.29-mesh/build'
Build commands will be stored in build/compile_commands.json
'build' finished successfully (4.595s)
CreateVariables () DONE !!!
Creating 14 APs 50.00 m apart.
CreateApNodes () DONE !!!
Creating 0 CLs 20.00 m away from each AP.
CreateClNodes () DONE !!!
CreateNodes () DONE !!!
CreateMeshDevices () DONE !!!
CreateWifiDevices () DONE !!!
CreateCsmaDevices () DONE !!!
CreateDevices () DONE !!!
InstallMeshInternetStack () DONE !!!
InstallWifiInternetStack () DONE !!!
InstallCsmaInternetStack () DONE !!!
InstallInternetStack () DONE !!!
Gateway is connect to AP 0
InstallApplications () DONE !!!
Starting simulation for 40.00 s ...
-------------------------------------------------
Time[s]	ap-0	ap-1	ap-2	ap-3	ap-4	ap-5	ap-6	ap-7	ap-8	ap-9	ap-10	ap-11	ap-12	ap-13
2.00	7.72	7.43	0.00	0.00	0.00	4.13	0.00	0.00	0.00	0.00	0.06	0.00	0.00	0.00
3.00	7.73	7.43	0.00	0.00	0.00	4.18	2.62	0.00	0.00	0.00	0.01	0.00	1.03	1.28
4.00	7.73	7.45	0.00	0.00	0.00	5.65	4.02	0.00	0.00	0.00	0.55	0.00	0.00	0.00
5.00	7.73	7.43	0.00	0.00	0.00	3.46	4.08	0.00	0.00	0.00	4.02	0.00	0.00	0.00
6.00	7.73	7.43	0.00	0.00	0.00	2.67	5.73	0.00	0.00	0.00	1.59	0.00	0.00	0.00
7.00	7.73	7.45	0.00	0.00	0.00	5.84	3.16	0.00	0.00	0.00	4.51	0.00	0.00	0.00
8.00	7.72	7.43	0.00	0.00	0.00	5.08	1.21	0.00	0.00	0.00	0.27	0.00	0.00	0.00
9.00	7.73	7.43	0.00	0.00	0.00	5.44	6.04	0.00	0.00	0.00	0.00	0.00	0.00	0.00
10.00	7.73	7.45	0.00	0.00	0.00	5.44	5.43	0.00	0.00	0.00	0.00	0.00	0.00	0.00
11.00	7.73	7.43	0.00	0.00	0.00	5.43	5.44	0.00	0.00	0.00	0.00	0.00	0.00	0.00
12.00	7.73	7.44	0.00	0.00	0.00	5.44	5.27	0.00	0.00	0.00	0.00	0.00	0.00	0.00
13.00	7.73	7.44	0.00	0.00	0.91	5.44	0.01	0.00	0.00	0.00	0.00	0.00	0.00	0.00
14.00	7.72	7.43	0.00	0.00	2.52	5.44	0.00	0.00	0.00	0.00	0.00	0.00	0.00	0.00
15.00	7.73	7.45	0.00	0.00	1.23	4.01	3.09	0.00	0.00	0.00	0.00	0.00	0.00	0.00
16.00	7.73	7.43	0.00	0.00	1.32	2.85	3.26	0.00	0.00	0.00	1.60	0.00	0.00	0.00
17.00	7.73	7.43	0.00	0.00	1.38	2.90	2.87	0.00	0.00	0.00	1.84	0.00	0.00	0.00
18.00	7.73	7.45	0.00	0.00	0.56	4.95	2.09	0.00	0.00	0.00	1.33	0.00	0.00	0.00
19.00	7.73	7.43	0.00	0.00	0.41	4.33	3.44	0.00	0.01	0.00	4.29	0.00	0.00	0.00
20.00	7.72	7.43	0.00	0.00	0.20	4.01	3.12	0.00	2.04	0.00	3.89	0.00	0.00	0.00
21.00	7.73	7.45	0.00	0.00	0.01	3.66	3.84	0.00	1.72	0.00	3.84	0.00	0.00	0.00
22.00	7.73	7.43	0.00	0.00	0.07	4.20	4.19	0.00	1.68	0.00	3.39	0.00	0.00	0.00
23.00	7.73	7.44	0.02	0.00	0.02	2.55	4.27	0.00	1.39	0.00	3.77	0.23	0.00	0.00
24.00	7.73	7.44	0.00	0.00	0.00	3.75	5.44	0.00	0.09	0.00	3.76	0.00	0.00	0.00
25.00	7.73	7.43	0.00	0.00	0.00	4.76	4.98	0.00	0.00	0.00	3.72	0.00	0.00	0.00
26.00	7.72	7.45	0.00	0.00	0.26	3.79	4.26	0.00	0.00	0.00	3.30	1.49	0.00	0.00
27.00	7.73	7.43	0.00	0.00	0.07	3.93	3.68	0.00	0.00	0.00	3.80	2.40	0.00	0.00
28.00	7.73	7.43	0.00	0.00	0.00	5.96	1.46	0.00	1.02	0.00	1.35	3.00	0.00	0.00
29.00	7.73	7.45	0.00	0.00	0.00	4.32	3.95	0.00	2.99	0.00	0.00	2.30	0.00	0.00
30.00	7.73	7.43	0.00	0.00	0.00	5.08	3.68	0.00	2.49	0.00	0.00	2.25	0.00	0.00
31.00	7.73	7.43	0.00	0.00	0.00	4.13	3.91	0.00	2.02	0.00	1.52	2.11	0.00	0.00
32.00	7.73	7.45	0.00	0.00	0.00	3.37	3.28	0.00	1.56	0.00	3.89	1.75	0.00	0.00
33.00	7.72	7.43	0.00	0.00	0.00	0.24	6.25	0.00	0.41	0.00	2.27	0.00	0.00	0.00
34.00	7.73	7.44	0.00	0.00	0.00	1.38	3.96	0.00	0.67	0.00	2.95	1.85	0.00	0.00
35.00	7.73	7.44	0.02	0.00	0.00	3.36	3.14	0.00	1.77	0.00	2.91	2.04	0.00	0.00
36.00	7.73	7.43	0.01	0.00	0.00	3.48	3.25	0.00	2.05	0.00	2.80	2.34	0.00	0.00
37.00	7.73	7.45	0.00	0.00	0.00	3.16	3.00	0.00	2.31	0.00	2.97	2.23	0.00	0.00
38.00	7.73	7.43	0.00	0.00	0.00	2.32	4.49	0.00	1.49	0.00	4.14	1.51	0.00	0.00
39.00	7.72	7.43	0.00	0.00	0.00	0.29	2.08	0.00	3.04	0.00	0.44	2.16	0.00	0.00
10.1.1.1	8749.14	25.14
10.1.1.2	8424.89	25.53
10.1.1.3	5.42	290918.15
10.1.1.4	0	0
10.1.1.5	408.62	39748.36
10.1.1.6	4485.90	32418.76
10.1.1.7	4098.52	41194.69
10.1.1.8	0.09	422237.50
10.1.1.9	1005.74	53433.34
10.1.1.10	0.39	2117774.00
10.1.1.11	2279.88	23370.65
10.1.1.12	1876.52	39030.88
10.1.1.13	70.04	37836.95
10.1.1.14	53.81	51289.83
