Waf: Entering directory `/home/synrg-sc1/Desktop/Jiaming/ns-3.29-mesh/build'
Waf: Leaving directory `/home/synrg-sc1/Desktop/Jiaming/ns-3.29-mesh/build'
Build commands will be stored in build/compile_commands.json
'build' finished successfully (4.626s)
CreateVariables () DONE !!!
Creating 14 APs 50.00 m apart.
CreateApNodes () DONE !!!
Creating 0 CLs 20.00 m away from each AP.
CreateClNodes () DONE !!!
CreateNodes () DONE !!!
CreateMeshDevices () DONE !!!
CreateWifiDevices () DONE !!!
CreateCsmaDevices () DONE !!!
CreateDevices () DONE !!!
InstallMeshInternetStack () DONE !!!
InstallWifiInternetStack () DONE !!!
InstallCsmaInternetStack () DONE !!!
InstallInternetStack () DONE !!!
Gateway is connect to AP 0
InstallApplications () DONE !!!
Starting simulation for 40.00 s ...
-------------------------------------------------
Time[s]	ap-0	ap-1	ap-2	ap-3	ap-4	ap-5	ap-6	ap-7	ap-8	ap-9	ap-10	ap-11	ap-12	ap-13
2.00	7.14	6.86	0.00	0.00	0.00	2.90	0.00	0.00	2.74	0.00	0.00	0.00	0.00	0.00
3.00	7.15	6.86	0.00	0.00	0.67	4.02	0.00	0.00	3.55	1.14	0.00	0.00	0.00	0.00
4.00	7.15	6.87	0.00	0.00	2.04	3.56	0.00	0.00	4.09	1.25	0.00	0.00	0.00	0.00
5.00	7.15	6.86	0.00	0.00	0.90	4.60	0.00	0.00	4.73	1.66	0.30	0.00	0.13	0.00
6.00	7.15	6.87	0.00	0.00	1.62	1.93	0.00	0.00	3.81	1.91	0.62	0.00	3.41	0.00
7.00	7.15	6.86	0.00	0.00	2.34	1.54	0.00	0.00	2.56	1.27	0.94	0.00	4.00	0.00
8.00	7.15	6.86	0.00	0.00	1.71	2.17	0.00	0.00	2.31	0.48	0.60	0.00	3.71	0.00
9.00	7.15	6.87	0.00	0.00	2.05	2.09	0.00	0.00	2.52	0.46	0.82	0.00	3.82	0.00
10.00	7.14	6.86	0.00	0.00	2.36	2.04	0.00	0.00	2.58	0.54	0.38	0.00	4.19	0.00
11.00	7.15	6.87	0.00	0.00	3.63	1.77	0.00	0.00	3.30	0.81	0.00	0.00	3.84	0.00
12.00	7.15	6.86	0.00	0.00	1.90	2.32	0.00	0.00	4.92	0.32	0.00	0.00	2.38	0.00
13.00	7.15	6.86	0.00	0.00	0.08	0.00	0.00	0.00	4.57	0.63	0.03	0.00	3.89	0.00
14.00	7.15	6.87	0.00	0.00	0.85	0.00	0.00	0.00	4.58	0.53	2.00	0.00	1.46	0.00
15.00	7.15	6.86	0.00	0.00	4.32	0.00	0.00	0.00	2.57	4.98	0.77	0.00	0.00	0.00
16.00	7.15	6.87	0.00	0.00	5.83	0.00	0.00	0.00	1.34	4.35	0.00	0.00	0.00	0.00
17.00	7.15	6.86	0.00	0.00	3.19	0.07	0.00	0.00	3.38	3.25	0.16	0.00	0.12	0.00
18.00	7.15	6.87	0.00	0.00	0.27	2.27	0.00	0.00	4.69	0.25	0.03	0.00	0.04	0.00
19.00	7.14	6.86	0.00	0.00	0.00	2.21	0.00	0.00	3.09	0.00	0.47	0.00	4.90	0.00
20.00	7.15	6.86	0.00	0.00	0.00	3.21	0.00	0.00	4.13	0.00	0.63	0.00	4.05	0.00
21.00	7.15	6.87	0.00	0.00	0.00	3.40	0.00	0.00	4.36	0.00	0.65	0.00	3.95	0.00
22.00	7.15	6.86	0.00	0.00	0.00	6.09	0.00	0.00	2.71	0.00	2.31	0.00	0.04	0.00
23.00	7.15	6.87	0.00	0.00	0.00	4.65	0.00	0.00	1.81	0.47	1.04	0.00	4.13	0.00
24.00	7.15	6.86	0.00	0.00	0.00	4.78	0.00	0.00	2.45	0.03	2.37	0.00	2.35	0.00
25.00	7.15	6.86	0.00	0.00	0.00	2.77	0.00	0.00	1.24	3.16	0.72	0.00	4.01	0.00
26.00	7.15	6.87	0.00	0.00	0.00	2.27	0.00	0.00	2.04	3.77	0.00	0.00	4.00	0.00
27.00	7.15	6.86	0.00	0.00	0.21	0.37	0.00	0.00	3.26	4.04	0.00	0.00	3.99	0.00
28.00	7.14	6.87	0.00	0.00	1.09	0.00	0.00	0.00	4.59	3.61	0.00	0.00	4.02	0.00
29.00	7.15	6.86	0.00	0.00	0.83	0.00	0.00	0.00	4.56	1.78	0.00	0.00	2.04	0.00
30.00	7.15	6.86	0.00	0.00	2.70	0.00	0.00	0.00	4.59	2.51	0.00	0.00	3.05	0.00
31.00	7.15	6.87	0.00	0.00	3.05	0.00	0.00	0.00	2.62	2.60	0.00	0.00	4.26	0.00
32.00	7.15	6.86	0.00	0.00	3.91	0.00	0.00	0.00	0.82	3.13	0.00	0.00	3.92	0.00
33.00	7.15	6.87	0.00	0.00	2.14	0.00	0.00	0.00	3.83	0.92	0.00	0.00	1.47	0.00
34.00	7.15	6.86	0.00	0.00	0.00	0.00	0.00	0.00	4.57	3.13	0.00	1.41	0.00	0.00
35.00	7.15	6.87	0.00	0.00	0.00	0.00	0.00	0.00	4.58	4.18	0.00	4.56	0.00	0.00
36.00	7.15	6.86	0.00	0.00	0.00	0.00	0.00	0.00	4.58	0.33	0.00	4.28	0.00	0.00
37.00	7.14	6.86	0.00	0.00	0.00	0.00	0.00	0.00	4.57	2.41	0.00	4.00	0.00	0.00
38.00	7.15	6.87	0.00	0.00	0.00	0.00	0.00	0.00	4.58	4.88	0.00	4.02	0.00	0.00
39.00	7.15	6.86	0.00	0.00	0.00	0.00	0.00	0.00	0.35	4.37	0.00	3.53	0.00	0.00
10.1.1.1	8101.06	25.57
10.1.1.2	7776.83	25.32
10.1.1.3	0.33	162875.17
10.1.1.4	0.55	458195.25
10.1.1.5	1544.24	31297.90
10.1.1.6	2171.46	25742.36
10.1.1.7	0.89	694062.60
10.1.1.8	1.15	292342.00
10.1.1.9	3864.67	12935.17
10.1.1.10	2193.49	23677.64
10.1.1.11	471.11	52886.03
10.1.1.12	663.62	8147.96
10.1.1.13	2596.14	8327.89
10.1.1.14	0.08	1813936.00
