Waf: Entering directory `/home/synrg-sc1/Desktop/Jiaming/ns-3.29-mesh/build'
Waf: Leaving directory `/home/synrg-sc1/Desktop/Jiaming/ns-3.29-mesh/build'
Build commands will be stored in build/compile_commands.json
'build' finished successfully (4.709s)
CreateVariables () DONE !!!
Creating 13 APs 50.00 m apart.
CreateApNodes () DONE !!!
Creating 0 CLs 20.00 m away from each AP.
CreateClNodes () DONE !!!
CreateNodes () DONE !!!
CreateMeshDevices () DONE !!!
CreateWifiDevices () DONE !!!
CreateCsmaDevices () DONE !!!
CreateDevices () DONE !!!
InstallMeshInternetStack () DONE !!!
InstallWifiInternetStack () DONE !!!
InstallCsmaInternetStack () DONE !!!
InstallInternetStack () DONE !!!
Gateway is connect to AP 0
InstallApplications () DONE !!!
Starting simulation for 40.00 s ...
-------------------------------------------------
Time[s]	ap-0	ap-1	ap-2	ap-3	ap-4	ap-5	ap-6	ap-7	ap-8	ap-9	ap-10	ap-11	ap-12
2.00	9.15	6.57	0.00	0.00	0.00	0.00	2.24	0.00	3.65	0.00	0.00	0.00	0.00
3.00	9.15	6.58	0.00	1.19	0.56	1.06	2.94	0.22	3.90	0.00	0.00	0.00	0.04
4.00	9.15	6.58	0.00	1.68	0.80	1.00	0.66	0.47	2.52	0.00	0.00	0.00	1.19
5.00	9.15	6.58	0.00	0.05	0.00	1.25	0.76	4.42	3.08	0.00	0.00	0.00	1.37
6.00	9.16	6.58	0.00	1.60	0.00	2.00	1.70	1.96	1.59	1.25	0.00	0.00	1.71
7.00	9.15	6.58	0.00	1.89	0.05	2.20	2.09	2.16	1.80	1.62	0.00	0.00	0.83
8.00	9.15	6.58	0.00	1.80	0.00	1.91	2.71	2.63	2.75	2.11	0.00	0.00	0.11
9.00	9.15	6.58	0.00	0.70	0.00	0.91	3.77	2.16	4.00	1.48	0.00	0.00	0.02
10.00	9.15	6.58	0.00	2.43	0.00	0.98	2.92	0.82	3.88	2.44	0.00	0.00	0.00
11.00	9.16	6.58	0.00	2.02	0.52	1.63	2.63	1.54	3.10	2.02	0.00	0.00	0.00
12.00	9.15	6.58	0.00	2.04	1.39	1.39	1.79	1.37	2.51	2.64	0.00	0.00	0.00
13.00	9.15	6.58	0.00	3.82	2.52	2.35	0.00	0.00	0.00	4.41	0.00	0.00	0.00
14.00	9.15	6.58	0.00	3.35	2.37	1.91	0.00	0.00	0.00	3.53	0.00	0.00	0.00
15.00	9.16	6.58	0.00	5.66	2.65	0.00	0.00	0.00	0.00	3.43	0.00	0.00	0.00
16.00	9.15	6.58	0.00	3.07	0.00	0.00	0.00	4.11	4.06	1.60	0.00	0.00	0.00
17.00	9.15	6.57	0.00	2.45	0.00	0.00	0.00	3.82	4.55	2.81	0.00	0.00	0.00
18.00	9.15	6.58	0.00	0.03	0.53	0.00	0.00	5.66	5.45	1.49	0.00	0.00	0.00
19.00	9.15	6.58	0.00	1.64	3.65	0.00	0.00	3.72	3.43	0.60	0.00	0.00	0.00
20.00	9.16	6.58	0.52	1.45	2.00	0.00	0.04	4.03	2.50	1.26	0.00	0.00	0.00
21.00	9.15	6.58	0.00	1.42	0.00	0.00	1.12	4.79	2.02	0.00	0.00	0.00	0.00
22.00	9.15	6.58	0.00	1.64	0.40	0.02	1.85	2.78	2.20	1.86	0.00	0.00	0.00
23.00	9.15	6.58	0.00	1.38	1.28	0.84	2.71	3.49	1.21	1.56	0.00	0.00	0.00
24.00	9.16	6.58	0.00	2.01	0.65	1.73	1.38	1.76	0.76	2.33	0.00	0.00	1.58
25.00	9.16	6.58	0.00	2.56	0.00	1.58	3.00	0.00	0.00	2.62	0.00	0.00	3.59
26.00	9.15	6.58	0.00	1.97	0.00	1.68	3.75	0.14	0.00	1.68	0.00	0.00	4.51
27.00	9.15	6.58	0.00	2.43	0.36	0.00	2.71	2.38	0.00	1.65	0.00	0.00	3.24
28.00	9.15	6.58	0.00	1.22	1.30	0.00	2.77	2.66	0.00	0.85	0.00	0.00	3.58
29.00	9.16	6.58	0.00	0.00	1.57	0.00	3.28	3.21	0.00	0.00	0.00	0.00	4.35
30.00	9.15	6.58	0.00	0.00	1.94	0.00	3.41	3.34	0.00	0.00	0.00	0.00	3.70
31.00	9.15	6.58	0.00	0.00	3.06	0.00	3.05	2.89	0.00	0.00	0.00	0.00	1.90
32.00	9.15	6.58	0.00	0.00	1.59	0.00	5.95	3.43	0.00	0.00	0.00	0.00	0.01
33.00	9.15	6.57	0.00	0.00	0.71	0.00	5.29	5.31	0.01	0.00	0.00	0.00	0.00
34.00	9.16	6.58	0.00	0.00	1.46	0.00	4.61	4.95	1.82	0.00	0.00	0.00	0.00
35.00	9.15	6.58	0.00	0.00	1.62	0.00	3.21	4.45	4.13	0.00	0.00	0.00	0.00
36.00	9.15	6.58	0.00	0.00	0.30	0.00	5.31	4.82	1.22	0.00	0.00	0.00	0.00
37.00	9.15	6.58	0.00	0.00	2.69	0.00	3.54	3.63	1.49	0.00	0.00	0.00	0.00
38.00	9.16	6.58	0.00	0.00	3.12	0.00	4.68	0.00	4.33	0.00	0.00	0.00	0.00
39.00	9.15	6.58	0.00	0.00	2.03	0.00	4.80	0.00	5.40	0.00	0.00	0.00	0.00
10.1.1.1	10370.93	25.35
10.1.1.2	7452.60	25.70
10.1.1.3	18.67	54165.47
10.1.1.4	2304.71	38778.85
10.1.1.5	1311.94	18330.14
10.1.1.6	867.50	41870.89
10.1.1.7	2806.19	32362.22
10.1.1.8	2825.28	26166.99
10.1.1.9	2399.25	19843.23
10.1.1.10	1767.15	25177.44
10.1.1.11	0.09	985659.25
10.1.1.12	0.07	791.50
10.1.1.13	998.89	23033.83
