Waf: Entering directory `/home/synrg-sc1/Desktop/Jiaming/ns-3.29-mesh/build'
Waf: Leaving directory `/home/synrg-sc1/Desktop/Jiaming/ns-3.29-mesh/build'
Build commands will be stored in build/compile_commands.json
'build' finished successfully (4.727s)
CreateVariables () DONE !!!
Creating 10 APs 50.00 m apart.
CreateApNodes () DONE !!!
Creating 0 CLs 20.00 m away from each AP.
CreateClNodes () DONE !!!
CreateNodes () DONE !!!
CreateMeshDevices () DONE !!!
CreateWifiDevices () DONE !!!
CreateCsmaDevices () DONE !!!
CreateDevices () DONE !!!
InstallInternetStack () DONE !!!
Gateway is connect to AP 0
InstallApplications () DONE !!!
Starting simulation for 120.00 s ...
-------------------------------------------------
Time[s]	ap-0	ap-1	ap-2	ap-3	ap-4	ap-5	ap-6	ap-7	ap-8	ap-9
2.00	4.34	4.04	0.68	0.00	0.00	1.23	0.75	0.00	0.35	0.00
3.00	4.36	4.05	1.16	0.00	0.00	1.55	0.75	1.14	1.17	0.00
4.00	4.34	4.04	1.14	0.00	1.32	0.10	1.02	0.49	0.00	0.00
5.00	4.36	4.05	0.42	0.00	0.58	1.24	0.90	1.08	0.00	0.00
6.00	4.34	4.05	0.68	0.00	2.55	1.26	0.00	0.00	0.00	0.00
7.00	4.36	4.04	0.10	0.00	0.00	0.00	0.00	3.15	0.00	0.00
8.00	4.34	4.05	0.00	0.00	0.00	1.66	1.46	0.87	0.00	1.77
9.00	4.36	4.04	0.00	0.00	0.00	0.49	0.20	1.52	0.00	0.35
10.00	4.34	4.05	1.59	0.00	0.66	0.49	0.75	0.78	0.00	0.80
11.00	4.36	4.05	0.90	0.00	0.57	1.78	0.52	1.31	0.00	0.00
12.00	4.34	4.04	0.00	0.11	0.00	1.73	0.09	1.25	0.00	1.27
13.00	4.36	4.05	0.63	0.00	0.00	2.79	0.00	1.30	0.00	0.00
14.00	4.34	4.05	0.09	1.31	0.98	0.75	0.30	0.04	0.00	0.21
15.00	4.36	4.04	0.00	0.00	0.00	0.39	0.84	0.00	0.00	0.12
16.00	4.34	4.05	0.68	0.00	0.00	1.23	0.73	0.00	0.00	0.00
17.00	4.36	4.04	1.40	0.01	0.00	1.10	0.84	1.75	0.00	0.00
18.00	4.34	4.05	0.00	0.00	0.21	2.36	0.99	0.00	0.00	0.00
19.00	4.36	4.05	0.16	0.00	1.15	0.00	2.57	0.84	0.00	0.00
20.00	4.34	4.04	1.88	0.00	1.85	0.39	0.00	0.00	1.47	0.00
21.00	4.36	4.05	0.93	0.19	0.03	0.42	0.54	0.96	1.51	0.00
22.00	4.34	4.05	1.89	0.79	1.54	0.12	0.92	0.00	0.00	1.57
23.00	4.36	4.04	1.60	0.00	0.50	1.28	0.05	0.00	0.00	0.00
24.00	4.34	4.05	2.14	0.00	0.89	0.00	0.00	0.29	0.00	0.68
25.00	4.36	4.04	2.37	0.00	0.37	2.02	0.69	0.00	0.00	0.71
26.00	4.34	4.05	0.83	0.00	0.87	0.89	0.00	0.00	0.00	0.00
27.00	4.36	4.05	0.69	0.00	0.00	0.73	1.19	0.41	0.00	2.53
28.00	4.34	4.04	0.06	0.00	0.00	0.39	0.04	3.37	0.00	1.17
29.00	4.36	4.05	1.14	0.00	0.00	1.60	0.11	2.04	2.58	1.62
30.00	4.36	4.04	0.00	0.00	0.00	0.89	0.29	2.16	0.10	0.00
31.00	4.34	4.05	2.26	0.00	0.00	0.39	0.00	1.68	0.00	2.12
32.00	4.36	4.05	0.00	0.00	0.00	0.00	0.69	1.49	0.00	0.89
33.00	4.34	4.04	4.52	0.00	0.00	0.00	0.00	0.50	0.21	0.00
34.00	4.36	4.05	0.62	0.00	0.00	0.27	0.53	0.00	1.64	0.33
35.00	4.34	4.05	2.68	0.00	0.00	0.00	0.00	0.71	0.00	2.40
36.00	4.36	4.04	2.34	0.00	0.00	0.00	0.00	0.00	0.00	0.82
37.00	4.34	4.05	0.00	0.00	0.00	1.22	1.47	0.00	0.00	1.87
38.00	4.36	4.04	0.00	0.00	0.00	0.00	0.68	0.00	0.00	0.77
39.00	4.34	4.05	0.60	0.00	0.00	0.00	0.00	2.14	0.45	0.00
40.00	4.36	4.05	0.00	0.00	0.00	0.00	0.00	2.12	0.00	2.61
41.00	4.34	4.04	0.69	0.00	0.00	0.44	0.00	0.18	1.99	0.16
42.00	4.36	4.05	0.00	0.00	0.00	0.00	0.30	0.00	0.00	0.39
43.00	4.34	4.05	3.17	0.00	0.00	0.00	0.27	0.00	0.00	1.72
44.00	4.36	4.04	0.00	0.00	1.88	0.72	0.00	0.00	0.00	0.00
45.00	4.34	4.05	2.90	0.00	2.24	0.61	0.00	0.00	0.00	0.00
46.00	4.36	4.04	0.01	0.00	0.29	0.00	0.03	0.00	0.01	0.00
47.00	4.34	4.05	1.52	0.00	1.51	0.72	0.00	0.00	0.59	0.00
48.00	4.36	4.05	0.68	0.00	0.36	2.74	0.00	2.77	0.00	0.00
49.00	4.34	4.04	0.00	0.00	0.00	0.43	1.17	1.46	0.00	0.00
50.00	4.36	4.05	2.39	0.00	0.00	1.84	0.97	0.00	0.00	0.00
51.00	4.34	4.05	0.46	0.00	1.14	1.22	0.00	0.00	0.00	0.00
52.00	4.36	4.05	0.00	0.00	0.00	1.37	0.00	0.00	0.00	0.00
53.00	4.34	4.05	1.75	0.01	0.00	1.78	0.46	2.04	0.00	0.84
54.00	4.36	4.04	1.94	0.01	0.63	0.68	0.39	0.00	1.26	0.34
55.00	4.34	4.05	0.09	0.00	0.00	1.12	0.29	1.42	0.00	0.18
56.00	4.36	4.05	0.23	0.09	0.13	0.00	0.00	0.03	0.00	2.05
57.00	4.35	4.04	1.87	0.01	0.00	1.84	0.01	1.53	0.01	1.09
58.00	4.35	4.05	1.13	0.00	0.77	0.29	0.19	1.03	1.84	2.09
59.00	4.36	4.04	3.81	0.27	0.04	0.00	0.00	0.00	1.19	0.00
60.00	4.34	4.05	1.84	0.33	0.00	3.18	0.00	1.23	0.11	0.75
61.00	4.36	4.05	2.63	0.00	0.00	0.45	0.39	1.17	0.00	1.84
62.00	4.34	4.04	0.66	0.00	0.31	0.53	0.00	0.00	0.57	0.52
63.00	4.36	4.05	0.00	0.00	1.18	0.02	0.66	0.48	0.38	1.98
64.00	4.34	4.05	0.61	0.00	0.00	2.04	0.59	1.18	1.69	0.09
65.00	4.36	4.04	1.61	0.00	0.07	1.41	0.30	0.00	0.00	0.74
66.00	4.34	4.05	3.19	0.00	0.67	0.60	1.08	0.00	0.01	1.26
67.00	4.36	4.04	0.98	0.03	1.50	0.70	0.00	0.00	0.11	1.62
68.00	4.34	4.05	3.17	0.10	0.87	0.99	1.65	0.00	1.16	0.00
69.00	4.36	4.05	2.22	0.42	0.20	1.09	0.19	0.00	1.29	1.05
70.00	4.34	4.04	2.46	0.00	1.71	0.67	0.00	0.00	0.00	0.00
71.00	4.36	4.05	1.04	0.00	0.00	0.06	1.82	0.00	1.51	1.75
72.00	4.34	4.05	2.93	0.00	0.00	0.33	0.04	0.00	0.99	0.00
73.00	4.36	4.04	2.20	0.00	0.00	0.75	1.36	0.00	0.00	0.00
74.00	4.34	4.05	4.85	0.00	0.00	1.25	0.60	0.00	0.00	0.56
75.00	4.36	4.04	0.13	0.00	0.00	0.56	0.51	0.00	0.00	0.97
76.00	4.34	4.05	0.00	0.00	0.00	0.00	0.00	0.93	0.00	1.73
77.00	4.36	4.05	1.96	0.00	0.00	0.02	0.00	0.00	0.00	0.00
78.00	4.34	4.04	2.83	0.00	0.53	0.08	0.00	0.00	0.00	0.00
79.00	4.36	4.05	1.29	0.00	0.00	2.16	0.00	0.00	0.62	0.00
80.00	4.34	4.04	3.04	0.00	0.00	0.30	0.00	0.00	0.00	0.00
81.00	4.36	4.05	0.00	0.00	0.00	3.35	0.00	0.00	0.20	0.45
82.00	4.34	4.05	4.28	0.00	1.27	2.86	0.00	0.00	0.03	0.00
83.00	4.36	4.04	0.84	0.00	0.42	2.85	0.15	0.00	0.00	0.00
84.00	4.34	4.05	0.00	0.13	0.00	0.71	1.82	0.00	0.18	0.60
85.00	4.36	4.05	0.00	0.10	0.00	0.06	2.55	0.00	0.00	2.56
86.00	4.36	4.04	1.87	0.07	1.36	0.70	1.19	0.00	0.00	2.11
87.00	4.34	4.05	0.24	0.23	0.00	2.28	0.30	0.00	1.54	0.27
88.00	4.36	4.04	2.15	0.01	2.25	0.18	0.60	0.00	0.06	0.81
89.00	4.34	4.05	3.01	0.00	0.00	0.24	0.00	0.00	0.89	0.21
90.00	4.36	4.05	0.00	1.28	0.02	0.04	0.00	0.00	0.00	0.58
91.00	4.34	4.04	0.06	0.00	0.04	2.82	0.00	0.00	0.00	1.39
92.00	4.36	4.05	2.03	0.00	0.46	0.57	1.16	0.00	0.00	0.91
93.00	4.34	4.05	0.92	0.00	0.00	0.89	1.00	0.00	0.71	1.05
94.00	4.36	4.04	0.61	0.06	0.00	0.57	0.54	0.00	1.29	1.41
95.00	4.34	4.05	0.00	0.00	0.18	0.00	1.22	0.00	1.67	0.00
96.00	4.36	4.04	1.59	0.00	0.00	0.90	2.02	0.00	0.00	0.00
97.00	4.34	4.05	1.50	0.01	1.54	0.46	0.00	0.00	0.00	1.93
98.00	4.36	4.05	2.06	0.96	0.37	0.62	0.00	0.00	1.22	0.00
99.00	4.34	4.04	1.15	0.00	1.08	0.89	0.00	0.00	0.21	2.62
100.00	4.36	4.05	1.38	0.00	1.22	0.00	0.00	0.00	0.00	0.00
101.00	4.34	4.05	1.20	0.01	0.00	0.99	0.90	0.00	0.00	2.14
102.00	4.36	4.04	0.42	0.00	1.33	3.31	0.45	0.00	0.00	0.96
103.00	4.34	4.05	0.00	0.00	0.04	2.21	0.00	0.00	0.00	0.00
104.00	4.36	4.04	1.31	0.00	0.63	0.20	1.46	0.00	0.00	0.03
105.00	4.34	4.05	3.24	0.00	0.00	0.43	0.50	0.00	0.50	2.32
106.00	4.36	4.05	1.56	0.00	0.00	0.48	2.19	0.00	0.00	1.07
107.00	4.34	4.04	0.94	0.00	1.67	0.00	1.82	0.19	0.00	0.79
108.00	4.36	4.05	0.31	0.00	1.88	0.15	1.38	0.00	0.00	0.73
109.00	4.34	4.04	4.10	0.00	0.15	2.57	0.42	0.00	0.00	0.08
110.00	4.36	4.05	1.06	0.00	0.00	0.60	1.87	2.03	0.00	0.00
111.00	4.34	4.05	0.52	0.00	0.54	1.22	2.37	0.60	0.00	0.17
112.00	4.36	4.04	0.69	0.00	0.60	0.34	0.00	0.00	0.00	0.00
113.00	4.35	4.05	2.64	0.00	0.00	0.00	0.00	0.00	0.00	0.00
114.00	4.35	4.05	0.20	0.00	0.00	2.33	0.00	0.00	0.00	0.00
115.00	4.36	4.04	1.58	0.00	0.33	0.47	0.00	0.00	0.00	0.00
116.00	4.34	4.05	0.00	0.05	0.04	0.32	0.00	0.00	0.00	0.00
117.00	4.36	4.04	0.89	0.25	0.63	1.09	0.00	0.00	0.00	0.00
118.00	4.34	4.05	0.61	0.00	1.92	1.20	0.00	1.52	0.00	1.16
119.00	4.36	4.05	0.71	0.00	2.69	0.55	0.24	0.00	0.00	1.68
10.1.1.1	4.82	24.93
10.1.1.2	4.49	25.04
10.1.1.3	1.37	1375.85
10.1.1.4	0.07	5751.22
10.1.1.5	0.51	2453.17
10.1.1.6	0.99	1348.15
10.1.1.7	0.57	3362.39
10.1.1.8	0.51	2369.72
10.1.1.9	0.32	2790.40
10.1.1.10	0.75	2601.55
