Waf: Entering directory `/home/synrg-sc1/Desktop/Jiaming/ns-3.29-mesh/build'
Waf: Leaving directory `/home/synrg-sc1/Desktop/Jiaming/ns-3.29-mesh/build'
Build commands will be stored in build/compile_commands.json
'build' finished successfully (5.339s)
CreateVariables () DONE !!!
Creating 15 APs 50.00 m apart.
CreateApNodes () DONE !!!
Creating 0 CLs 20.00 m away from each AP.
CreateClNodes () DONE !!!
CreateNodes () DONE !!!
CreateMeshDevices () DONE !!!
CreateWifiDevices () DONE !!!
CreateCsmaDevices () DONE !!!
CreateDevices () DONE !!!
InstallMeshInternetStack () DONE !!!
InstallWifiInternetStack () DONE !!!
InstallCsmaInternetStack () DONE !!!
InstallInternetStack () DONE !!!
Gateway is connect to AP 0
InstallApplications () DONE !!!
Starting simulation for 40.00 s ...
-------------------------------------------------
Time[s]	ap-0	ap-1	ap-2	ap-3	ap-4	ap-5	ap-6	ap-7	ap-8	ap-9	ap-10	ap-11	ap-12	ap-13	ap-14
2.00	7.43	0.85	6.86	0.00	0.00	0.00	1.37	0.00	0.00	0.00	0.00	0.00	0.00	2.15	0.00
3.00	7.43	4.43	6.86	0.00	0.00	0.00	2.37	0.00	4.97	0.00	0.00	0.00	0.00	2.43	0.00
4.00	7.45	7.15	6.87	0.00	0.00	0.00	3.60	0.00	4.59	0.00	0.00	0.00	0.00	4.03	0.00
5.00	7.43	7.15	6.86	1.66	0.68	0.00	2.81	1.03	1.95	0.00	0.00	0.00	0.00	3.93	0.00
6.00	7.43	7.15	6.87	1.46	1.63	0.00	2.73	1.37	1.42	0.00	0.00	0.00	0.00	4.24	0.00
7.00	7.45	7.15	6.86	3.05	1.00	0.00	3.63	1.10	3.21	0.00	0.00	0.00	0.00	2.62	0.00
8.00	7.43	7.15	6.86	5.01	3.45	0.00	1.98	0.69	0.95	0.00	0.00	0.00	0.00	0.00	0.00
9.00	7.43	7.15	6.87	4.49	2.86	0.00	4.30	0.00	2.34	0.00	0.00	0.00	0.00	0.00	0.00
10.00	7.45	7.14	6.86	1.17	1.77	0.00	6.02	0.00	1.99	0.00	0.00	0.00	0.00	0.00	0.00
11.00	7.43	7.15	6.87	1.81	3.04	0.00	3.73	0.00	3.45	0.00	0.00	0.00	0.00	0.00	0.00
12.00	7.44	7.15	6.86	2.60	3.37	0.00	3.73	0.00	3.81	0.00	0.00	0.00	0.00	0.00	0.00
13.00	7.44	7.15	6.86	2.92	4.54	0.00	1.25	0.00	4.76	0.00	0.00	0.00	0.00	0.00	0.00
14.00	7.43	7.15	6.87	2.85	3.96	0.00	1.19	0.00	4.21	0.00	0.00	0.00	0.00	0.43	0.00
15.00	7.45	7.15	6.86	2.39	3.05	0.00	3.19	0.00	2.97	0.00	0.00	0.00	0.00	0.20	0.00
16.00	7.43	7.15	6.87	2.65	2.95	0.00	3.09	0.00	3.26	0.00	0.00	0.00	0.00	0.62	0.00
17.00	7.43	7.15	6.86	0.13	1.95	0.00	4.77	0.00	1.99	0.00	0.00	0.00	0.00	3.10	0.00
18.00	7.45	7.15	6.87	0.13	2.45	0.00	3.53	0.00	3.76	0.00	0.00	0.00	0.00	4.03	0.00
19.00	7.43	7.14	6.86	0.60	2.28	0.00	2.27	0.00	4.17	0.00	0.00	0.00	0.00	4.24	0.00
20.00	7.43	7.15	6.86	0.00	0.00	0.00	4.89	0.00	4.30	0.00	0.00	0.00	0.00	4.44	0.00
21.00	7.45	7.15	6.87	0.00	1.48	0.00	6.31	0.00	0.16	0.00	0.00	0.00	0.00	4.00	0.00
22.00	7.43	7.15	6.86	0.00	0.00	0.00	4.34	0.00	4.18	0.00	0.00	0.00	0.00	4.01	0.00
23.00	7.44	7.15	6.87	0.00	0.00	0.00	0.10	0.00	4.45	0.00	0.00	0.00	0.00	4.01	0.00
24.00	7.44	7.15	6.86	0.00	0.21	0.00	0.68	0.00	5.87	0.00	0.00	0.00	0.00	3.99	0.00
25.00	7.43	7.15	6.86	0.00	2.85	0.00	0.00	0.00	4.79	0.00	0.00	0.00	0.00	3.99	0.00
26.00	7.45	7.15	6.87	0.00	3.99	0.00	0.00	0.00	4.74	0.00	0.00	0.00	0.00	3.45	0.00
27.00	7.43	7.15	6.86	0.00	4.48	0.00	1.17	0.00	4.05	0.00	0.00	0.00	0.00	2.93	0.00
28.00	7.43	7.14	6.87	0.00	2.49	0.00	3.60	0.00	3.76	0.00	0.00	0.00	0.00	2.65	0.00
29.00	7.45	7.15	6.86	0.00	0.00	0.00	6.08	0.00	2.24	0.00	0.00	0.00	0.00	4.21	0.00
30.00	7.43	7.15	6.86	0.00	1.59	0.00	5.82	0.00	0.00	0.00	0.00	0.00	0.00	4.01	0.00
31.00	7.43	7.15	6.87	0.00	6.24	0.00	0.78	0.00	0.00	0.00	0.00	0.00	0.00	4.00	0.00
32.00	7.45	7.15	6.86	0.00	5.09	0.00	0.00	0.00	0.00	0.00	0.00	0.00	0.00	3.91	0.00
33.00	7.43	7.15	6.87	0.00	5.54	0.00	0.00	0.00	0.00	0.00	0.00	0.00	0.00	3.52	0.00
34.00	7.44	7.15	6.86	0.00	5.59	0.00	4.85	0.00	0.00	0.00	0.00	0.00	0.00	0.00	0.00
35.00	7.44	7.15	6.87	0.00	0.00	0.00	6.33	0.00	0.00	0.00	0.00	0.00	0.00	0.00	0.00
36.00	7.43	7.15	6.86	0.00	0.00	0.00	6.01	0.00	0.00	0.00	0.00	0.00	0.00	0.00	0.00
37.00	7.45	7.14	6.86	0.00	0.00	0.00	6.01	0.00	0.00	0.00	0.00	0.00	0.00	4.77	0.00
38.00	7.43	7.15	6.87	0.00	4.14	0.00	4.91	0.00	0.00	0.00	0.00	0.00	0.00	3.98	0.00
39.00	7.43	7.15	6.86	0.00	4.02	0.00	5.23	0.00	0.00	0.00	0.00	0.00	0.00	4.03	0.00
10.1.1.1	8425.10	26.73
10.1.1.2	7840.78	568.35
10.1.1.3	7776.82	28.39
10.1.1.4	1554.20	25287.23
10.1.1.5	2666.16	29761.32
10.1.1.6	0.39	747627.50
10.1.1.7	3662.30	39031.27
10.1.1.8	166.58	54216.63
10.1.1.9	3111.31	29811.02
10.1.1.10	0.06	369208.33
10.1.1.11	0.10	1907043.25
10.1.1.12	0.07	1607456.00
10.1.1.13	0.32	412514.33
10.1.1.14	2994.13	22786.12
10.1.1.15	0	0
