Waf: Entering directory `/home/synrg-sc1/Desktop/Jiaming/ns-3.29-mesh/build'
Waf: Leaving directory `/home/synrg-sc1/Desktop/Jiaming/ns-3.29-mesh/build'
Build commands will be stored in build/compile_commands.json
'build' finished successfully (5.622s)
CreateVariables () DONE !!!
Creating 14 APs 50.00 m apart.
CreateApNodes () DONE !!!
Creating 0 CLs 20.00 m away from each AP.
CreateClNodes () DONE !!!
CreateNodes () DONE !!!
CreateMeshDevices () DONE !!!
CreateWifiDevices () DONE !!!
CreateCsmaDevices () DONE !!!
CreateDevices () DONE !!!
InstallMeshInternetStack () DONE !!!
InstallWifiInternetStack () DONE !!!
InstallCsmaInternetStack () DONE !!!
InstallInternetStack () DONE !!!
Gateway is connect to AP 0
InstallApplications () DONE !!!
Starting simulation for 40.00 s ...
-------------------------------------------------
Time[s]	ap-0	ap-1	ap-2	ap-3	ap-4	ap-5	ap-6	ap-7	ap-8	ap-9	ap-10	ap-11	ap-12	ap-13
2.00	7.14	0.00	0.00	1.98	0.00	0.00	0.00	3.03	0.00	0.00	0.00	0.00	0.00	0.00
3.00	7.15	0.00	0.00	4.92	0.00	0.00	0.00	5.37	0.00	0.00	0.00	0.00	0.00	0.00
4.00	7.15	0.00	0.00	5.82	0.00	0.00	0.00	5.32	0.00	0.00	0.00	0.00	0.00	0.00
5.00	7.15	0.00	0.00	3.71	2.66	0.00	0.00	4.05	0.00	0.00	0.00	2.00	0.00	0.00
6.00	7.15	0.00	0.00	3.04	3.90	0.00	0.00	3.64	0.00	0.00	0.02	4.63	0.00	0.00
7.00	7.15	0.00	0.00	3.20	4.74	0.00	0.00	3.78	0.00	0.00	0.00	3.11	0.00	0.00
8.00	7.15	0.00	0.00	3.29	4.55	0.00	0.00	3.91	0.00	0.00	0.00	0.00	0.00	0.00
9.00	7.15	0.00	0.00	4.42	5.64	0.00	0.00	4.89	0.00	0.00	0.00	0.01	0.00	0.00
10.00	7.14	0.00	0.00	0.39	5.05	0.00	0.00	1.58	0.00	0.00	0.00	1.49	0.00	0.00
11.00	7.15	0.00	0.00	0.00	4.26	0.00	0.00	0.00	0.00	0.00	0.00	2.57	0.00	0.00
12.00	7.15	0.00	0.00	0.00	6.29	0.00	0.00	0.00	0.00	0.00	0.00	4.63	0.00	0.00
13.00	7.15	0.00	0.00	2.10	5.96	0.00	0.00	0.00	0.00	0.00	0.00	4.29	0.00	0.00
14.00	7.15	0.00	0.00	3.09	4.41	0.00	0.00	0.00	0.00	0.00	0.00	4.29	0.00	0.00
15.00	7.15	0.00	0.00	5.80	3.12	0.00	0.00	0.00	0.00	0.00	0.00	4.29	0.00	0.00
16.00	7.15	0.00	0.00	0.10	4.90	0.00	0.00	0.00	0.00	0.00	0.00	4.29	0.00	0.00
17.00	7.15	0.00	0.00	3.10	5.66	0.00	0.00	0.00	0.00	0.00	0.00	4.28	0.00	0.00
18.00	7.15	0.00	0.00	3.77	5.72	0.00	0.00	0.00	0.00	0.00	0.00	4.21	0.00	0.00
19.00	7.14	0.00	0.00	3.93	5.47	0.00	0.00	0.00	0.00	0.00	0.00	4.25	0.00	0.00
20.00	7.15	0.00	0.00	3.25	1.44	0.00	0.00	0.00	0.00	0.00	0.00	3.25	0.00	0.00
21.00	7.15	0.00	0.00	2.50	0.00	0.00	0.00	0.00	0.00	0.00	0.00	2.32	0.00	0.00
22.00	7.15	0.00	0.00	0.00	0.00	0.00	0.00	0.00	0.00	0.00	0.00	0.00	0.00	0.00
23.00	7.15	0.00	0.00	0.00	0.25	0.00	0.00	0.00	0.00	0.00	0.00	0.00	0.00	2.35
24.00	7.15	0.00	0.00	4.78	0.00	0.00	0.00	0.00	0.00	0.00	0.00	0.00	0.00	0.08
25.00	7.15	0.00	0.00	5.95	0.00	0.00	0.00	0.00	0.00	0.00	0.00	0.00	0.00	0.00
26.00	7.15	0.00	0.00	7.21	1.05	0.00	0.00	0.00	0.00	0.00	0.00	0.00	0.00	0.00
27.00	7.15	0.00	0.00	5.61	3.53	0.00	0.00	0.00	0.00	0.00	0.00	2.87	0.00	0.00
28.00	7.14	0.00	0.00	1.36	6.46	0.00	0.00	0.00	0.00	0.00	0.00	5.01	0.00	0.00
29.00	7.15	0.00	0.00	0.00	6.30	0.00	0.00	0.00	0.00	0.00	0.00	4.29	0.00	0.00
30.00	7.15	0.00	0.00	0.00	1.35	0.00	0.00	0.00	0.00	0.00	0.00	4.29	0.00	0.00
31.00	7.15	0.00	0.00	0.00	0.00	0.00	0.00	0.00	0.00	0.00	0.00	4.29	0.00	0.00
32.00	7.15	0.00	0.00	0.00	0.00	0.00	0.00	0.00	0.00	0.00	0.00	0.58	0.00	0.00
33.00	7.15	0.00	0.00	0.00	4.43	0.00	0.00	0.00	0.00	0.00	0.00	0.00	0.00	0.00
34.00	7.15	0.00	0.00	0.00	6.30	0.00	0.00	0.00	0.00	0.00	0.00	0.00	0.00	0.00
35.00	7.15	0.00	0.00	0.00	6.29	0.00	0.00	0.00	0.00	0.00	0.00	0.00	0.00	0.00
36.00	7.15	0.00	0.00	0.00	6.29	0.00	0.00	0.00	0.00	0.00	0.00	0.00	0.00	0.00
37.00	7.14	0.00	0.00	0.00	0.82	0.00	0.00	0.00	0.00	0.00	0.00	0.00	0.00	0.00
38.00	7.15	0.00	0.00	0.00	0.00	0.00	0.00	0.00	0.00	0.00	0.00	0.00	0.00	0.00
39.00	7.15	0.00	0.00	0.00	0.00	0.00	0.00	0.00	0.00	0.00	0.00	0.00	0.00	0.00
10.1.1.1	8101.27	23.99
10.1.1.2	0.47	1367956.75
10.1.1.3	0.09	222474.75
10.1.1.4	2866.45	10412.87
10.1.1.5	3542.89	10500.35
10.1.1.6	0	0
10.1.1.7	1.63	1306128.00
10.1.1.8	3483.68	16381.38
10.1.1.9	0	3096360.00
10.1.1.10	0.05	1378609.50
10.1.1.11	8.30	99579.11
10.1.1.12	2476.43	6497.78
10.1.1.13	0.11	609896.50
10.1.1.14	3072.76	18255.84
