Waf: Entering directory `/home/synrg-sc1/Desktop/Jiaming/ns-3.29-mesh/build'
Waf: Leaving directory `/home/synrg-sc1/Desktop/Jiaming/ns-3.29-mesh/build'
Build commands will be stored in build/compile_commands.json
'build' finished successfully (4.776s)
CreateVariables () DONE !!!
Creating 14 APs 50.00 m apart.
CreateApNodes () DONE !!!
Creating 0 CLs 20.00 m away from each AP.
CreateClNodes () DONE !!!
CreateNodes () DONE !!!
CreateMeshDevices () DONE !!!
CreateWifiDevices () DONE !!!
CreateCsmaDevices () DONE !!!
CreateDevices () DONE !!!
InstallMeshInternetStack () DONE !!!
InstallWifiInternetStack () DONE !!!
InstallCsmaInternetStack () DONE !!!
InstallInternetStack () DONE !!!
Gateway is connect to AP 0
InstallApplications () DONE !!!
Starting simulation for 40.00 s ...
-------------------------------------------------
Time[s]	ap-0	ap-1	ap-2	ap-3	ap-4	ap-5	ap-6	ap-7	ap-8	ap-9	ap-10	ap-11	ap-12	ap-13
2.00	6.86	0.21	4.19	0.00	1.52	0.00	0.00	0.00	0.00	0.00	0.00	0.00	0.00	0.00
3.00	6.86	3.14	4.26	0.00	1.00	0.00	0.00	0.33	0.00	0.00	0.00	0.00	0.00	0.40
4.00	6.87	1.39	2.69	0.00	0.01	0.97	0.00	0.06	0.00	0.00	0.00	0.00	0.00	0.04
5.00	6.86	2.19	3.94	0.00	0.18	0.18	0.00	1.03	0.81	0.00	0.00	1.50	0.00	0.25
6.00	6.87	2.02	3.51	0.00	0.38	0.00	0.00	1.09	0.70	0.00	0.00	2.75	0.00	0.81
7.00	6.86	1.40	4.67	0.00	0.80	0.00	0.00	1.73	0.01	0.00	0.00	3.99	0.00	1.53
8.00	6.86	1.65	4.41	0.00	1.12	0.00	0.00	1.95	0.00	0.00	0.00	3.93	0.00	1.74
9.00	6.87	1.75	4.17	0.00	1.31	0.00	0.00	2.12	0.00	0.00	0.00	3.91	0.00	1.87
10.00	6.86	1.92	4.23	0.00	1.46	0.00	0.00	2.04	0.00	0.00	0.00	3.61	0.00	2.00
11.00	6.87	2.60	2.81	0.00	1.90	0.00	0.00	0.75	0.00	0.00	0.00	0.11	0.00	1.51
12.00	6.86	4.90	0.04	0.00	4.02	0.00	0.00	2.62	0.00	0.00	0.00	0.20	0.00	0.63
13.00	6.86	3.93	2.61	0.00	3.17	0.00	0.00	2.34	0.00	0.00	0.00	0.52	0.00	0.94
14.00	6.87	3.53	2.99	0.00	2.88	0.00	0.00	2.27	0.00	0.00	0.00	0.72	0.00	1.15
15.00	6.86	3.65	3.21	0.00	3.36	0.00	0.00	2.46	0.02	0.00	0.00	0.99	0.00	1.32
16.00	6.87	3.66	3.01	0.00	3.30	0.00	0.00	2.25	0.00	0.00	0.00	1.08	0.00	1.39
17.00	6.86	4.51	3.89	0.00	3.98	0.00	0.00	0.00	0.00	0.00	0.00	1.61	0.00	0.00
18.00	6.87	4.67	4.20	0.00	3.59	0.00	0.00	0.00	0.00	0.00	0.00	1.98	0.00	0.00
19.00	6.86	5.24	0.09	0.00	5.02	0.00	0.00	0.00	0.00	0.00	0.00	2.99	0.00	0.00
20.00	6.86	0.03	5.01	0.00	5.44	0.00	0.00	0.00	0.00	0.00	0.00	0.65	0.00	0.00
21.00	6.87	0.00	6.04	0.00	5.42	0.00	0.00	0.00	0.00	0.00	0.00	1.97	0.00	0.00
22.00	6.86	0.00	5.53	0.00	5.44	0.00	0.00	0.00	0.00	0.00	0.00	2.44	0.00	0.00
23.00	6.87	0.02	4.56	0.00	4.46	0.00	0.00	0.00	0.00	0.00	0.00	2.31	0.00	0.00
24.00	6.86	0.36	4.86	0.00	5.33	0.00	0.00	0.18	0.00	0.00	0.00	2.88	0.00	0.00
25.00	6.86	0.45	3.28	0.00	2.94	0.00	0.00	0.00	0.00	0.00	0.00	0.96	0.00	0.00
26.00	6.87	1.11	5.49	0.00	5.52	0.00	0.00	0.18	0.00	0.00	0.00	1.71	0.00	0.00
27.00	6.86	1.49	5.06	0.00	5.67	0.00	0.00	0.52	0.00	0.00	0.00	1.96	0.00	0.00
28.00	6.87	1.63	5.15	0.00	5.05	0.00	0.00	0.81	0.00	0.00	0.00	2.20	0.00	0.00
29.00	6.86	1.86	5.00	0.00	4.80	0.00	0.00	0.96	0.00	0.00	0.00	2.27	0.00	0.00
30.00	6.86	0.50	1.88	0.00	1.42	0.00	0.00	0.09	0.00	0.00	0.00	1.39	0.00	0.00
31.00	6.87	0.65	0.00	0.00	0.00	0.00	0.00	0.00	0.00	0.00	0.00	2.14	0.00	0.00
32.00	6.86	7.33	0.00	0.00	0.00	0.00	0.00	0.00	0.00	0.00	0.00	4.00	0.00	0.00
33.00	6.87	6.35	0.00	0.00	0.52	0.00	0.00	1.74	0.00	0.00	0.00	4.03	0.00	0.00
34.00	6.86	4.80	0.00	0.00	1.91	0.00	0.00	2.92	0.00	0.00	0.00	4.00	0.00	0.00
35.00	6.87	3.77	0.00	0.00	2.56	0.00	0.00	3.42	0.00	0.00	0.00	3.94	0.00	0.00
36.00	6.86	0.64	0.00	0.00	3.79	0.00	0.00	0.54	0.00	0.00	0.00	3.83	0.00	0.00
37.00	6.86	0.00	0.00	0.00	2.82	0.00	0.00	0.00	0.00	0.00	0.00	0.84	0.00	0.00
38.00	6.87	0.00	0.00	0.00	5.43	0.00	0.00	0.00	0.00	0.00	0.00	3.65	0.00	0.00
39.00	6.86	0.00	0.00	0.00	5.44	0.00	0.00	0.00	0.00	0.00	0.00	4.00	0.00	0.00
10.1.1.1	7777.40	24.06
10.1.1.2	2579.25	6097.28
10.1.1.3	3532.70	12091.01
10.1.1.4	0.07	694949.50
10.1.1.5	3428.96	8812.87
10.1.1.6	40.22	59225.75
10.1.1.7	0.34	518448.00
10.1.1.8	1081.43	4912.92
10.1.1.9	68.80	46742.99
10.1.1.10	0.08	912904.75
10.1.1.11	0.40	418281.00
10.1.1.12	2507.38	6379.57
10.1.1.13	0.15	61550.00
10.1.1.14	856.86	6229.08
