Waf: Entering directory `/home/synrg-sc1/Desktop/Jiaming/ns-3.29-mesh/build'
Waf: Leaving directory `/home/synrg-sc1/Desktop/Jiaming/ns-3.29-mesh/build'
Build commands will be stored in build/compile_commands.json
'build' finished successfully (4.660s)
CreateVariables () DONE !!!
Creating 11 APs 50.00 m apart.
CreateApNodes () DONE !!!
Creating 0 CLs 20.00 m away from each AP.
CreateClNodes () DONE !!!
CreateNodes () DONE !!!
CreateMeshDevices () DONE !!!
CreateWifiDevices () DONE !!!
CreateCsmaDevices () DONE !!!
CreateDevices () DONE !!!
InstallMeshInternetStack () DONE !!!
InstallWifiInternetStack () DONE !!!
InstallCsmaInternetStack () DONE !!!
InstallInternetStack () DONE !!!
Gateway is connect to AP 0
InstallApplications () DONE !!!
Starting simulation for 40.00 s ...
-------------------------------------------------
Time[s]	ap-0	ap-1	ap-2	ap-3	ap-4	ap-5	ap-6	ap-7	ap-8	ap-9	ap-10
2.00	7.14	6.86	0.00	0.00	4.34	0.00	1.12	0.00	0.00	0.00	0.00
3.00	7.15	6.86	0.00	0.00	5.70	0.00	1.00	0.00	0.00	0.00	0.00
4.00	7.15	6.87	0.00	0.00	5.44	0.00	5.33	0.00	0.00	0.00	0.00
5.00	7.15	6.86	0.00	0.00	3.18	2.64	4.38	0.00	0.00	0.00	0.22
6.00	7.15	6.87	0.00	0.00	1.46	4.21	3.80	0.00	0.00	0.63	0.97
7.00	7.15	6.86	0.00	0.00	3.36	0.47	3.96	0.00	0.00	1.16	1.82
8.00	7.15	6.86	0.00	0.00	4.09	0.00	5.69	0.00	0.00	0.00	1.89
9.00	7.15	6.87	0.00	0.00	4.94	0.00	5.18	0.00	0.00	0.00	1.72
10.00	7.14	6.86	0.00	0.00	4.08	0.56	4.28	0.00	0.00	0.00	0.64
11.00	7.15	6.87	0.01	0.00	3.81	1.71	4.26	0.00	0.00	0.00	0.00
12.00	7.15	6.86	0.00	0.00	4.70	2.77	1.98	0.00	0.00	0.00	0.00
13.00	7.15	6.86	0.00	0.00	3.81	2.68	3.82	0.00	0.00	0.00	0.00
14.00	7.15	6.87	0.00	0.00	3.41	2.54	4.51	0.00	0.00	0.00	0.00
15.00	7.15	6.86	0.00	0.00	3.70	3.45	4.74	0.00	0.00	0.00	0.00
16.00	7.15	6.87	0.00	0.00	3.41	1.50	3.92	0.00	0.00	0.00	0.00
17.00	7.15	6.86	0.00	0.00	5.64	0.94	5.27	0.00	0.00	0.00	0.00
18.00	7.15	6.87	0.00	0.00	5.56	1.61	5.18	0.00	0.00	0.00	0.00
19.00	7.14	6.86	0.00	0.00	5.44	0.00	5.15	0.00	0.00	0.00	0.00
20.00	7.15	6.86	0.00	0.00	3.79	0.00	3.85	0.00	0.00	0.00	0.00
21.00	7.15	6.87	0.00	0.00	0.00	0.00	4.89	0.00	0.00	0.00	0.00
22.00	7.15	6.86	0.00	0.00	0.00	0.00	5.12	0.00	0.00	1.00	0.00
23.00	7.15	6.87	0.00	0.00	0.00	0.00	5.15	0.00	0.00	2.14	0.00
24.00	7.15	6.86	0.00	0.84	0.00	0.00	1.56	0.00	0.00	0.00	0.00
25.00	7.15	6.86	0.00	0.65	0.00	0.00	1.18	0.00	0.00	0.00	0.00
26.00	7.15	6.87	0.00	0.00	0.00	0.00	0.00	0.00	0.00	0.00	0.00
27.00	7.15	6.86	0.00	0.00	0.00	0.00	0.00	0.00	0.00	0.00	0.00
28.00	7.14	6.87	0.00	0.00	0.00	0.00	2.86	0.00	0.00	0.00	0.00
29.00	7.15	6.86	0.00	0.00	0.00	0.00	5.15	0.00	0.00	0.00	0.00
30.00	7.15	6.86	0.00	0.00	0.00	0.00	5.15	0.00	0.00	0.00	0.00
31.00	7.15	6.87	0.00	0.00	0.00	0.00	5.15	0.00	0.00	0.00	0.00
32.00	7.15	6.86	0.00	0.00	0.00	0.00	5.15	0.00	0.00	0.00	0.00
33.00	7.15	6.87	0.00	0.00	0.00	0.00	5.14	0.00	0.00	0.00	0.00
34.00	7.15	6.86	0.00	0.00	0.00	5.04	5.15	0.00	0.00	0.00	0.00
35.00	7.15	6.87	0.00	0.00	0.56	5.14	5.14	0.00	0.00	0.00	0.00
36.00	7.15	6.86	0.00	0.00	4.50	3.92	4.80	0.00	0.00	0.00	0.00
37.00	7.14	6.86	0.00	0.00	5.20	4.79	4.15	0.00	0.00	0.00	0.00
38.00	7.15	6.87	0.00	0.00	6.15	5.79	0.00	0.00	0.00	0.00	0.00
39.00	7.15	6.86	0.00	0.00	5.43	5.15	0.00	0.00	0.00	0.00	0.00
10.1.1.1	8100.84	25.18
10.1.1.2	7777.40	25.27
10.1.1.3	1.67	231089.14
10.1.1.4	49.53	40648.96
10.1.1.5	3111.66	18007.01
10.1.1.6	1744.16	11253.40
10.1.1.7	4217.32	10841.02
10.1.1.8	0	239031.00
10.1.1.9	0.14	354923.33
10.1.1.10	156.86	19489.50
10.1.1.11	404.11	41337.13
