Waf: Entering directory `/home/synrg-sc1/Desktop/Jiaming/ns-3.29-mesh/build'
Waf: Leaving directory `/home/synrg-sc1/Desktop/Jiaming/ns-3.29-mesh/build'
Build commands will be stored in build/compile_commands.json
'build' finished successfully (4.707s)
CreateVariables () DONE !!!
Creating 11 APs 50.00 m apart.
CreateApNodes () DONE !!!
Creating 0 CLs 20.00 m away from each AP.
CreateClNodes () DONE !!!
CreateNodes () DONE !!!
CreateMeshDevices () DONE !!!
CreateWifiDevices () DONE !!!
CreateCsmaDevices () DONE !!!
CreateDevices () DONE !!!
InstallMeshInternetStack () DONE !!!
InstallWifiInternetStack () DONE !!!
InstallCsmaInternetStack () DONE !!!
InstallInternetStack () DONE !!!
Gateway is connect to AP 0
InstallApplications () DONE !!!
Starting simulation for 40.00 s ...
-------------------------------------------------
Time[s]	ap-0	ap-1	ap-2	ap-3	ap-4	ap-5	ap-6	ap-7	ap-8	ap-9	ap-10
2.00	7.72	7.72	0.00	0.00	5.39	0.00	0.00	0.00	0.00	0.00	0.00
3.00	7.73	7.73	0.00	0.00	5.39	5.28	0.00	0.00	0.00	0.22	0.00
4.00	7.73	7.73	0.00	4.28	3.83	3.60	0.00	0.00	0.00	0.37	0.00
5.00	7.73	7.73	0.00	4.27	4.32	3.44	0.00	0.00	0.00	0.00	0.00
6.00	7.73	7.73	0.00	4.18	4.89	4.84	0.00	0.00	0.00	0.00	0.00
7.00	7.72	7.73	0.00	2.21	6.05	3.64	0.00	0.00	0.00	0.00	0.00
8.00	7.72	7.72	0.00	0.00	1.11	2.46	0.00	0.00	0.00	0.00	0.00
9.00	7.73	7.73	0.00	0.00	0.00	0.00	0.00	0.00	0.00	0.00	0.00
10.00	7.73	7.73	0.00	0.00	0.00	0.00	0.00	0.00	0.00	0.00	0.00
11.00	7.73	7.73	0.00	0.00	4.58	0.00	0.00	0.00	0.00	0.00	0.00
12.00	7.73	7.73	0.00	0.00	5.44	0.00	0.00	0.00	0.00	0.00	0.00
13.00	7.72	7.73	0.00	0.00	5.44	0.00	0.00	0.00	0.00	0.00	0.00
14.00	7.72	7.72	0.00	2.92	5.44	0.00	0.00	0.00	0.00	0.00	0.00
15.00	7.73	7.73	0.00	5.79	5.44	0.00	0.00	0.00	0.00	0.00	0.00
16.00	7.73	7.73	0.00	5.28	2.12	0.00	0.00	0.00	0.00	0.00	0.00
17.00	7.73	7.73	0.00	6.21	0.00	4.60	0.00	0.00	0.00	0.00	0.00
18.00	7.73	7.73	0.00	5.73	0.00	5.71	0.00	0.00	0.00	0.00	0.00
19.00	7.73	7.73	0.00	5.73	0.00	5.18	0.00	0.00	0.00	0.00	0.00
20.00	7.72	7.72	0.00	5.72	0.00	5.27	0.00	0.00	0.00	0.00	0.00
21.00	7.73	7.73	0.00	2.96	0.00	2.35	0.00	0.00	0.00	0.00	0.00
22.00	7.73	7.73	0.00	0.00	0.00	0.00	0.00	0.00	0.00	0.00	0.00
23.00	7.73	7.73	0.00	0.00	0.00	0.00	0.00	0.00	0.00	0.00	0.00
24.00	7.73	7.73	0.00	3.76	0.00	3.78	0.00	0.00	0.00	0.00	0.00
25.00	7.73	7.73	0.00	5.72	0.00	5.15	0.00	0.00	0.00	0.00	0.00
26.00	7.72	7.72	0.00	5.72	0.00	5.14	0.00	0.00	0.00	0.00	0.00
27.00	7.73	7.73	0.00	5.72	0.00	5.15	0.00	0.00	0.00	0.00	0.00
28.00	7.73	7.73	0.00	3.60	0.00	4.33	0.00	0.00	0.00	0.00	0.00
29.00	7.73	7.73	0.00	0.00	0.00	0.00	0.00	0.00	0.00	0.00	0.00
30.00	7.73	7.73	0.00	0.00	0.00	0.00	0.00	0.00	0.00	0.00	0.00
31.00	7.73	7.73	0.00	0.00	0.00	0.00	0.00	0.00	0.00	0.00	0.00
32.00	7.72	7.73	0.00	0.00	0.00	0.00	0.00	0.00	0.00	0.00	0.00
33.00	7.72	7.72	0.00	0.00	0.00	0.00	0.00	0.00	0.00	0.00	0.00
34.00	7.73	7.73	0.00	0.00	0.00	0.00	0.00	0.00	0.00	0.00	0.00
35.00	7.73	7.73	0.00	2.03	0.00	0.00	0.00	0.00	0.00	0.00	0.00
36.00	7.73	7.73	0.00	5.48	0.00	5.81	0.00	0.00	0.00	0.00	0.00
37.00	7.73	7.73	0.00	5.46	0.00	5.12	0.00	0.00	0.00	0.00	0.00
38.00	7.73	7.73	0.00	5.20	0.00	5.10	0.00	0.00	0.00	0.00	0.00
39.00	7.72	7.72	0.00	5.98	0.00	4.10	0.00	0.00	0.00	0.00	0.00
10.1.1.1	8750.24	39.04
10.1.1.2	8748.91	64.58
10.1.1.3	0.15	501189.00
10.1.1.4	3195.31	10172.20
10.1.1.5	2306.57	20174.66
10.1.1.6	2792.19	20319.41
10.1.1.7	0.08	1400853.00
10.1.1.8	0.16	267321.00
10.1.1.9	0.18	679897.00
10.1.1.10	21.02	125278.85
10.1.1.11	0.15	181983.33
