Waf: Entering directory `/home/synrg-sc1/Desktop/Jiaming/ns-3.29-mesh/build'
Waf: Leaving directory `/home/synrg-sc1/Desktop/Jiaming/ns-3.29-mesh/build'
Build commands will be stored in build/compile_commands.json
'build' finished successfully (4.759s)
CreateVariables () DONE !!!
Creating 12 APs 50.00 m apart.
CreateApNodes () DONE !!!
Creating 0 CLs 20.00 m away from each AP.
CreateClNodes () DONE !!!
CreateNodes () DONE !!!
CreateMeshDevices () DONE !!!
CreateWifiDevices () DONE !!!
CreateCsmaDevices () DONE !!!
CreateDevices () DONE !!!
InstallMeshInternetStack () DONE !!!
InstallWifiInternetStack () DONE !!!
InstallCsmaInternetStack () DONE !!!
InstallInternetStack () DONE !!!
Gateway is connect to AP 0
InstallApplications () DONE !!!
Starting simulation for 40.00 s ...
-------------------------------------------------
Time[s]	ap-0	ap-1	ap-2	ap-3	ap-4	ap-5	ap-6	ap-7	ap-8	ap-9	ap-10	ap-11
2.00	8.01	0.00	0.00	0.00	0.00	0.00	0.00	0.00	0.00	0.00	0.00	0.00
3.00	8.01	0.00	0.00	0.00	0.00	0.00	0.00	4.04	1.45	0.00	0.02	0.00
4.00	8.01	0.00	0.00	0.00	0.00	0.00	0.00	0.72	3.26	0.00	0.04	0.00
5.00	8.02	0.00	0.00	0.00	0.00	0.00	0.00	3.78	0.79	0.00	0.02	0.00
6.00	8.01	0.00	0.00	0.00	0.00	0.00	0.00	3.24	0.00	0.00	0.00	0.00
7.00	8.01	0.00	0.00	0.00	0.00	0.00	0.00	4.95	0.00	0.00	0.00	0.00
8.00	8.02	0.00	0.00	0.00	0.00	0.00	0.00	0.77	0.00	0.00	0.00	0.00
9.00	8.01	0.00	0.00	0.00	0.00	0.00	0.00	0.00	0.00	0.00	0.00	0.00
10.00	8.01	0.00	0.00	0.00	0.00	0.00	0.00	0.00	0.00	0.00	0.00	0.00
11.00	8.02	5.41	0.00	0.00	0.00	0.00	0.00	4.30	0.00	0.00	0.00	0.00
12.00	8.01	7.94	0.00	0.00	0.00	0.00	0.00	4.86	0.00	0.00	0.00	0.00
13.00	8.01	7.52	0.00	0.00	0.00	0.00	0.00	4.86	0.00	0.00	0.00	0.00
14.00	8.02	7.40	0.00	0.00	0.00	0.00	0.00	1.93	0.00	0.00	0.00	0.00
15.00	8.01	7.62	0.00	0.00	0.00	0.00	0.00	5.35	0.00	0.00	0.00	0.00
16.00	8.01	7.44	0.00	0.00	0.00	0.00	0.00	0.90	0.00	0.00	0.00	0.00
17.00	8.02	7.43	0.00	0.00	0.00	0.00	0.00	0.00	0.00	0.00	0.00	0.00
18.00	8.01	7.44	0.00	0.00	0.00	0.00	0.00	0.00	0.00	0.00	0.00	0.00
19.00	8.01	6.20	0.00	0.00	0.00	0.00	0.00	0.00	0.00	0.00	0.00	0.00
20.00	8.01	0.00	0.00	0.00	0.00	0.00	0.00	0.00	0.00	0.00	0.00	0.00
21.00	8.02	0.00	0.00	0.00	0.00	0.00	0.00	5.55	0.00	0.00	0.00	0.00
22.00	8.01	0.00	0.00	0.00	0.00	0.00	0.00	4.86	0.00	0.00	0.00	0.00
23.00	8.01	0.00	0.00	0.00	0.00	0.00	0.00	4.86	0.00	0.00	0.00	0.00
24.00	8.02	0.00	0.00	0.00	0.00	0.00	0.00	4.49	0.00	0.00	0.00	0.00
25.00	8.01	0.00	0.00	0.00	0.00	0.00	0.00	3.18	0.00	0.00	0.00	0.00
26.00	8.01	0.00	0.00	0.00	0.00	0.00	0.00	4.87	0.00	0.00	0.00	0.00
27.00	8.02	0.00	0.00	0.00	0.00	0.00	0.00	4.86	0.00	0.00	0.00	0.00
28.00	8.01	0.00	0.00	0.00	0.00	0.00	0.00	4.87	0.00	0.00	0.00	0.00
29.00	8.01	0.00	0.00	0.00	0.00	0.00	0.00	4.86	0.00	0.00	0.00	0.00
30.00	8.02	0.00	0.00	0.00	0.00	0.00	0.00	1.03	0.00	0.00	0.00	0.00
31.00	8.01	0.00	0.00	0.00	0.00	0.00	0.00	0.00	0.00	0.00	0.00	0.00
32.00	8.01	0.00	0.00	0.00	0.00	0.00	0.00	0.00	0.00	0.00	0.00	0.00
33.00	8.02	0.00	0.00	0.00	0.00	0.00	0.00	4.82	0.00	0.00	0.00	0.00
34.00	8.01	0.13	0.00	0.00	0.00	0.00	0.00	4.86	0.00	0.00	0.00	0.00
35.00	8.01	4.98	0.00	0.00	0.00	0.00	0.00	4.87	0.00	0.00	0.00	0.00
36.00	8.02	0.00	0.00	0.00	0.00	0.00	0.00	4.86	0.00	0.00	0.00	0.00
37.00	8.01	0.00	0.00	0.00	0.00	0.00	0.00	4.87	0.00	0.00	0.00	0.00
38.00	8.01	0.00	0.00	0.00	0.00	0.00	0.00	4.86	0.00	0.00	0.00	0.00
39.00	8.01	0.00	0.00	0.00	0.00	0.00	0.00	4.87	0.00	0.00	0.00	0.00
10.1.1.1	9072.71	23.86
10.1.1.2	2341.56	10087.99
10.1.1.3	0.07	622258.33
10.1.1.4	0.07	741272.00
10.1.1.5	0.54	693633.00
10.1.1.6	0	28405.00
10.1.1.7	0.85	992023.50
10.1.1.8	3683.90	2128.61
10.1.1.9	1869.55	34676.66
10.1.1.10	0.52	697887.00
10.1.1.11	5.72	20578.17
10.1.1.12	0.17	622233.67
