Waf: Entering directory `/home/synrg-sc1/Desktop/Jiaming/ns-3.29-mesh/build'
Waf: Leaving directory `/home/synrg-sc1/Desktop/Jiaming/ns-3.29-mesh/build'
Build commands will be stored in build/compile_commands.json
'build' finished successfully (4.715s)
CreateVariables () DONE !!!
Creating 14 APs 50.00 m apart.
CreateApNodes () DONE !!!
Creating 0 CLs 20.00 m away from each AP.
CreateClNodes () DONE !!!
CreateNodes () DONE !!!
CreateMeshDevices () DONE !!!
CreateWifiDevices () DONE !!!
CreateCsmaDevices () DONE !!!
CreateDevices () DONE !!!
InstallMeshInternetStack () DONE !!!
InstallWifiInternetStack () DONE !!!
InstallCsmaInternetStack () DONE !!!
InstallInternetStack () DONE !!!
Gateway is connect to AP 0
InstallApplications () DONE !!!
Starting simulation for 40.00 s ...
-------------------------------------------------
Time[s]	ap-0	ap-1	ap-2	ap-3	ap-4	ap-5	ap-6	ap-7	ap-8	ap-9	ap-10	ap-11	ap-12	ap-13
2.00	6.86	6.57	0.00	0.00	0.00	0.00	0.00	1.14	0.00	0.00	0.00	2.20	0.00	0.00
3.00	6.86	6.58	0.00	0.00	4.95	0.00	0.00	1.00	0.00	0.10	0.00	2.92	0.00	0.00
4.00	6.87	6.58	0.06	0.00	3.37	0.00	0.00	5.57	0.00	0.00	0.00	1.57	0.00	0.00
5.00	6.86	6.58	0.00	0.00	1.21	0.00	0.00	4.67	0.00	0.00	2.19	1.08	0.00	0.00
6.00	6.87	6.58	0.00	0.00	1.56	0.00	0.00	5.19	0.00	0.00	2.05	2.89	0.00	0.00
7.00	6.86	6.58	0.00	0.00	2.28	0.00	0.00	4.90	0.00	0.00	1.46	2.35	0.00	0.00
8.00	6.86	6.58	0.00	0.00	2.52	0.00	0.00	5.32	0.00	0.00	0.00	2.51	0.00	0.00
9.00	6.87	6.58	0.00	0.00	0.45	0.00	0.00	5.14	0.00	0.00	0.00	4.23	0.00	0.00
10.00	6.86	6.58	0.00	0.00	1.29	0.00	0.00	4.70	0.00	0.00	0.00	4.12	0.00	0.00
11.00	6.87	6.58	0.03	0.00	2.73	0.00	0.00	0.43	0.00	0.00	0.00	3.25	0.00	0.28
12.00	6.86	6.58	3.15	0.00	2.36	0.00	0.00	2.33	0.00	0.00	0.00	3.05	0.00	0.15
13.00	6.86	6.58	1.95	0.00	2.18	0.00	0.00	3.69	0.00	0.00	0.00	4.38	0.00	0.00
14.00	6.87	6.58	0.28	0.00	1.47	0.00	0.00	3.60	0.00	0.00	0.00	3.10	0.00	0.00
15.00	6.86	6.58	3.26	0.00	0.00	0.00	0.00	4.55	0.00	0.00	0.00	4.63	0.00	0.00
16.00	6.87	6.58	3.59	0.00	0.00	0.00	0.00	5.75	0.00	0.00	0.00	1.85	0.00	0.00
17.00	6.86	6.57	2.03	0.00	0.00	0.00	0.00	2.15	0.00	0.00	0.00	2.71	0.00	0.00
18.00	6.87	6.58	6.41	0.00	0.00	0.00	0.00	0.00	0.00	0.00	0.00	4.01	0.00	0.00
19.00	6.86	6.58	4.07	0.00	0.00	0.00	0.00	0.00	0.00	0.00	0.00	4.00	0.00	0.00
20.00	6.86	6.58	0.00	0.00	0.00	0.00	0.00	0.00	0.00	0.00	0.00	4.01	0.00	0.00
21.00	6.87	6.58	0.00	0.00	0.00	0.00	0.00	0.00	0.00	0.00	0.00	4.01	0.00	0.00
22.00	6.86	6.58	0.00	0.00	0.00	0.00	0.00	0.00	0.00	0.00	0.00	4.00	0.00	0.00
23.00	6.87	6.58	0.00	0.00	0.00	0.00	0.00	0.00	0.00	0.00	0.00	4.01	0.00	0.00
24.00	6.86	6.58	0.00	0.00	0.06	0.00	0.00	3.22	0.00	0.00	0.00	4.00	0.00	0.00
25.00	6.86	6.58	0.00	0.00	3.40	0.00	0.00	4.94	0.00	0.00	0.00	3.92	0.00	0.00
26.00	6.87	6.58	0.00	0.00	3.55	0.00	0.00	3.79	0.00	0.00	0.00	4.10	0.00	0.00
27.00	6.86	6.58	3.55	0.00	0.00	0.00	0.00	0.00	0.00	0.00	0.00	3.75	0.00	1.29
28.00	6.87	6.58	6.08	0.00	0.00	0.00	0.00	0.00	0.00	0.00	0.00	4.04	0.00	2.98
29.00	6.86	6.58	4.67	0.00	0.00	0.00	0.00	1.02	0.00	0.00	0.00	3.91	0.00	3.50
30.00	6.86	6.58	3.31	0.00	0.00	0.00	0.00	3.55	0.00	0.00	0.00	3.23	0.00	3.45
31.00	6.87	6.58	3.38	0.00	0.00	0.00	0.00	3.98	0.00	0.00	0.00	3.26	0.00	2.92
32.00	6.86	6.58	0.23	0.00	0.00	0.00	0.00	5.96	0.00	0.00	0.00	0.27	0.00	4.10
33.00	6.87	6.57	0.00	0.00	0.00	0.00	0.00	3.98	0.00	0.00	0.00	1.16	0.00	3.44
34.00	6.86	6.58	0.00	0.00	0.00	0.00	0.00	0.00	0.00	0.00	0.00	0.00	0.00	3.44
35.00	6.87	6.58	3.84	0.00	4.47	0.00	0.00	0.00	0.00	0.00	0.00	0.00	0.00	3.36
36.00	6.86	6.58	4.97	0.00	4.91	0.00	0.00	0.04	0.00	0.00	0.00	0.00	0.00	3.46
37.00	6.86	6.58	4.73	0.00	0.47	0.00	0.00	4.73	0.00	0.00	0.00	0.00	0.00	3.45
38.00	6.87	6.58	4.89	0.00	0.00	0.00	0.00	4.78	0.00	0.00	0.26	0.00	0.00	3.38
39.00	6.86	6.58	6.64	0.00	0.00	0.00	0.00	3.53	0.00	0.00	0.05	0.00	0.00	0.00
10.1.1.1	7777.61	26.03
10.1.1.2	7453.17	25.14
10.1.1.3	2219.77	23001.70
10.1.1.4	0.38	374175.50
10.1.1.5	1288.09	17574.38
10.1.1.6	0.08	156604.25
10.1.1.7	0.09	422412.00
10.1.1.8	3163.76	21669.11
10.1.1.9	0.32	687096.67
10.1.1.10	4.74	54590.87
10.1.1.11	183.94	39553.16
10.1.1.12	3067.06	16820.75
10.1.1.13	0.16	392093.75
10.1.1.14	1204.88	10352.96
