Waf: Entering directory `/home/synrg-sc1/Desktop/Jiaming/ns-3.29-mesh/build'
Waf: Leaving directory `/home/synrg-sc1/Desktop/Jiaming/ns-3.29-mesh/build'
Build commands will be stored in build/compile_commands.json
'build' finished successfully (5.848s)
CreateVariables () DONE !!!
Creating 13 APs 50.00 m apart.
CreateApNodes () DONE !!!
Creating 0 CLs 20.00 m away from each AP.
CreateClNodes () DONE !!!
CreateNodes () DONE !!!
CreateMeshDevices () DONE !!!
CreateWifiDevices () DONE !!!
CreateCsmaDevices () DONE !!!
CreateDevices () DONE !!!
InstallMeshInternetStack () DONE !!!
InstallWifiInternetStack () DONE !!!
InstallCsmaInternetStack () DONE !!!
InstallInternetStack () DONE !!!
Gateway is connect to AP 0
InstallApplications () DONE !!!
Starting simulation for 40.00 s ...
-------------------------------------------------
Time[s]	ap-0	ap-1	ap-2	ap-3	ap-4	ap-5	ap-6	ap-7	ap-8	ap-9	ap-10	ap-11	ap-12
2.00	9.15	6.57	0.00	0.00	4.19	1.75	0.00	0.00	0.00	0.00	0.07	0.00	0.00
3.00	9.15	6.58	0.00	0.00	3.91	5.23	0.00	0.00	0.00	0.00	0.00	0.00	0.00
4.00	9.15	6.58	0.00	0.00	5.88	5.27	0.00	0.00	0.00	0.00	0.00	0.00	0.00
5.00	9.15	6.58	7.29	0.00	5.66	5.41	0.00	0.00	0.00	0.00	0.00	0.00	0.00
6.00	9.16	6.58	6.30	0.00	5.03	4.30	0.00	0.00	3.78	0.00	0.00	0.00	0.00
7.00	9.15	6.58	6.29	0.00	4.94	4.19	0.00	0.00	3.67	0.00	0.00	0.00	0.00
8.00	9.15	6.58	6.30	0.00	0.00	4.41	0.00	0.00	4.22	0.00	0.00	0.00	0.00
9.00	9.15	6.58	6.29	0.00	0.00	2.41	0.00	0.00	3.33	0.00	0.00	0.00	0.00
10.00	9.15	6.58	6.30	0.00	0.00	3.34	0.00	0.00	5.71	0.00	0.00	0.00	0.00
11.00	9.16	6.58	6.29	0.75	1.08	4.77	0.00	0.00	5.28	0.00	0.00	0.00	0.00
12.00	9.15	6.58	6.30	3.75	1.50	3.32	0.00	0.00	4.03	0.00	0.00	0.00	0.00
13.00	9.15	6.58	6.29	3.95	1.88	3.52	0.00	0.00	4.51	0.00	0.00	0.00	0.00
14.00	9.15	6.58	6.29	5.93	1.14	1.95	0.00	0.00	2.58	0.00	0.00	0.00	0.00
15.00	9.16	6.58	6.30	5.04	3.91	3.02	0.00	0.00	0.00	0.00	0.00	0.00	0.00
16.00	9.15	6.58	6.29	4.36	4.78	3.52	0.00	0.00	0.00	0.00	0.00	0.00	0.00
17.00	9.15	6.57	6.30	4.67	4.29	3.49	0.00	0.00	0.13	0.00	0.00	0.00	0.00
18.00	9.15	6.58	6.29	4.65	3.64	2.97	0.00	0.00	1.43	0.00	0.00	0.00	0.00
19.00	9.15	6.58	6.30	2.31	4.33	4.51	0.00	0.00	1.75	0.00	0.00	0.00	0.00
20.00	9.16	6.58	6.29	0.25	2.09	1.84	0.00	0.00	4.93	0.00	0.00	0.00	0.00
21.00	9.15	6.58	6.30	0.00	5.40	3.16	0.00	0.00	5.34	0.00	0.00	0.00	0.00
22.00	9.15	6.58	6.29	0.00	5.19	3.50	0.00	0.00	5.44	0.00	0.00	0.00	0.00
23.00	9.15	6.58	6.30	1.58	3.67	2.60	0.70	0.00	3.74	0.00	0.00	0.00	0.00
24.00	9.16	6.58	6.29	2.74	2.00	1.83	2.40	0.00	2.53	0.00	0.00	0.00	0.00
25.00	9.16	6.58	6.30	1.50	0.66	5.10	0.52	0.00	5.22	0.00	0.00	0.00	0.00
26.00	9.15	6.58	6.29	5.24	0.00	2.23	0.00	0.00	5.36	0.00	0.00	0.00	0.00
27.00	9.15	6.58	6.29	4.58	1.18	2.73	0.00	0.00	4.69	0.00	0.00	0.00	0.00
28.00	9.15	6.58	6.30	0.88	1.00	3.81	0.00	0.00	0.85	0.00	0.00	0.00	0.00
29.00	9.16	6.58	6.29	0.00	0.00	6.48	0.00	0.00	0.00	0.00	0.00	0.00	0.00
30.00	9.15	6.58	6.30	0.00	0.00	5.72	0.00	0.00	0.00	0.00	0.00	0.00	0.00
31.00	9.15	6.58	6.29	0.00	0.00	5.73	0.00	0.00	0.00	0.00	0.00	0.00	0.00
32.00	9.15	6.58	6.30	0.00	0.00	5.72	0.00	0.00	0.00	0.00	0.00	0.00	0.00
33.00	9.15	6.57	6.29	1.50	0.00	5.73	0.00	0.00	0.00	0.00	0.00	0.00	0.00
34.00	9.16	6.58	6.30	0.00	0.00	5.72	0.00	0.00	0.00	0.00	0.00	0.00	0.00
35.00	9.15	6.58	6.29	5.88	0.00	5.35	0.00	0.00	0.01	0.00	0.00	0.00	0.00
36.00	9.15	6.58	6.30	5.72	0.14	5.58	0.00	0.00	0.35	0.00	0.00	0.00	0.00
37.00	9.15	6.58	6.29	5.33	2.10	4.83	0.00	0.00	0.25	0.00	0.00	0.00	0.00
38.00	9.16	6.58	6.30	4.47	3.50	3.28	0.00	0.01	2.42	0.00	0.00	0.00	0.00
39.00	9.15	6.58	6.29	4.31	3.65	3.23	0.00	0.00	2.65	0.00	0.00	0.00	0.00
10.1.1.1	10370.93	26.59
10.1.1.2	7453.15	26.67
10.1.1.3	6610.17	31.18
10.1.1.4	2458.68	38652.32
10.1.1.5	2604.03	12656.05
10.1.1.6	4496.57	17077.90
10.1.1.7	265.12	102299.69
10.1.1.8	0.30	290210.60
10.1.1.9	2579.86	15543.77
10.1.1.10	0.04	615279.00
10.1.1.11	2.83	34499.00
10.1.1.12	0	0
10.1.1.13	0.58	255809.00
