Waf: Entering directory `/home/synrg462/sp2019-ns3-mesh/build'
Waf: Leaving directory `/home/synrg462/sp2019-ns3-mesh/build'
Build commands will be stored in build/compile_commands.json
'build' finished successfully (4.341s)
CreateVariables () DONE !!!
Creating 8 APs 60.00 m apart.
CreateApNodes () DONE !!!
Creating 0 CLs 20.00 m away from each AP.
CreateClNodes () DONE !!!
CreateNodes () DONE !!!
CreateMeshDevices () DONE !!!
CreateWifiDevices () DONE !!!
CreateCsmaDevices () DONE !!!
CreateDevices () DONE !!!
InstallInternetStack () DONE !!!
Gateway is connect to AP 0
InstallApplications () DONE !!!
Starting simulation for 180.00 s ...
-------------------------------------------------
Time[s]	ap-0	ap-1	ap-2	ap-3	ap-4	ap-5	ap-6	ap-7
2.00	1.92	0.00	0.80	0.00	1.99	0.84	0.00	0.00
3.00	1.97	1.84	1.78	0.00	2.00	2.63	1.74	1.42
4.00	1.98	1.91	1.98	0.66	2.00	2.00	1.95	2.00
5.00	1.97	1.99	2.00	1.99	2.00	1.99	1.94	1.98
6.00	1.99	2.00	2.00	2.00	2.00	1.97	1.95	2.00
7.00	2.00	2.00	2.00	2.00	2.00	2.00	1.97	2.00
8.00	2.00	1.98	2.00	2.00	1.99	1.99	2.00	1.98
9.00	2.00	2.00	2.00	1.99	2.00	1.99	1.95	2.00
10.00	1.99	1.99	2.00	2.00	2.00	2.00	1.97	2.00
11.00	1.99	1.99	1.99	2.00	2.00	1.99	1.98	1.99
12.00	2.00	2.00	2.00	2.00	2.00	2.00	1.94	1.99
13.00	1.99	2.00	2.00	2.00	2.00	1.99	1.98	2.00
14.00	2.00	1.99	2.00	1.99	1.99	2.00	1.93	2.00
15.00	1.99	2.00	2.00	1.99	2.00	2.00	1.97	1.99
16.00	1.99	1.99	1.99	2.00	2.00	2.00	1.95	1.99
17.00	2.00	2.00	2.00	2.00	2.00	1.99	1.97	1.99
18.00	2.00	2.00	2.00	2.00	2.00	2.00	1.94	2.00
19.00	1.99	2.00	2.00	2.00	2.00	1.97	1.93	2.00
20.00	1.98	1.99	2.00	1.98	1.99	2.00	1.95	2.00
21.00	1.99	1.99	2.00	2.00	2.00	2.00	1.95	1.99
22.00	2.00	1.99	2.00	2.00	2.00	1.99	1.94	2.00
23.00	1.99	2.00	1.99	2.00	2.00	1.99	1.99	1.99
24.00	2.00	1.99	2.00	1.99	2.00	2.00	1.95	2.00
25.00	1.99	2.00	2.00	2.00	2.00	1.99	1.97	2.00
26.00	1.99	1.98	2.00	1.99	1.99	1.98	1.95	2.00
27.00	2.00	2.00	2.00	1.99	2.00	1.99	1.93	2.00
28.00	1.99	1.99	2.00	2.00	2.00	1.98	1.92	2.00
29.00	2.00	2.00	2.00	1.99	2.00	2.00	1.99	2.00
30.00	2.00	2.00	1.99	2.00	2.00	1.99	1.95	1.99
31.00	2.00	1.99	2.00	2.00	2.00	2.00	1.94	2.00
32.00	1.99	2.00	2.00	2.00	1.99	2.00	1.94	2.00
33.00	1.99	2.00	2.00	1.99	2.00	2.00	1.97	2.00
34.00	2.01	2.00	2.00	2.00	2.00	2.00	1.97	2.00
35.00	1.97	2.00	1.99	2.00	2.00	1.99	1.97	1.98
36.00	1.99	1.99	1.99	2.00	2.00	1.99	1.93	1.99
37.00	1.99	2.00	2.00	2.00	2.00	2.00	1.99	2.00
38.00	1.31	1.31	1.31	1.30	1.99	1.97	1.98	2.00
39.00	0.00	0.00	2.10	0.00	2.00	1.97	1.94	2.00
40.00	0.00	0.47	0.65	0.00	2.00	1.99	1.95	2.00
41.00	0.00	0.28	0.52	0.00	2.00	1.98	1.93	1.98
42.00	0.00	0.00	3.14	0.00	2.00	2.00	1.92	2.00
43.00	0.01	0.01	1.95	0.00	2.00	1.99	1.80	1.99
44.00	0.00	0.00	1.32	0.00	1.99	2.00	1.94	2.00
45.00	0.00	0.44	1.65	0.00	2.00	2.00	1.84	1.99
46.00	0.00	0.00	1.11	0.00	2.00	2.00	1.97	2.00
47.00	0.00	0.00	0.58	0.00	2.00	1.79	1.75	1.78
48.00	0.00	0.00	2.05	0.00	2.00	1.75	1.28	0.00
49.00	0.59	0.59	1.22	0.54	2.00	2.25	1.95	0.80
50.00	0.00	0.00	0.25	0.00	2.00	1.99	1.99	1.84
51.00	0.00	0.00	0.00	0.00	1.99	2.00	1.97	2.00
52.00	0.00	0.00	2.17	0.00	2.00	2.00	1.86	2.00
53.00	1.50	0.97	1.91	1.85	2.00	2.00	1.90	1.98
54.00	2.00	2.00	2.00	2.00	2.00	2.00	1.94	1.98
55.00	2.00	2.00	2.00	2.00	2.00	2.00	1.95	2.00
56.00	1.99	2.00	2.00	1.99	2.00	1.99	1.94	1.99
57.00	1.99	2.00	2.00	1.99	1.99	1.99	1.92	2.00
58.00	2.00	2.00	2.00	1.99	2.00	1.99	1.99	2.00
59.00	1.99	1.99	1.99	2.00	2.00	1.99	1.94	1.99
60.00	2.00	1.99	2.00	2.00	2.00	1.99	1.97	2.00
61.00	2.00	2.00	2.00	2.00	2.00	1.99	1.93	1.99
62.00	2.00	1.99	2.00	2.00	2.00	1.98	1.99	1.99
63.00	2.00	2.00	2.00	1.99	1.99	2.00	1.95	2.00
64.00	2.00	2.00	2.00	2.00	2.00	2.00	1.95	2.00
65.00	1.98	1.97	1.99	1.99	2.00	1.99	1.94	2.00
66.00	2.00	2.00	2.00	2.00	2.00	2.00	1.93	1.99
67.00	1.99	2.00	2.00	2.00	2.00	1.98	1.94	2.00
68.00	1.99	1.99	2.00	2.00	2.00	2.00	1.99	1.99
69.00	2.00	2.00	2.00	2.00	1.99	1.99	1.98	2.00
70.00	2.00	1.99	2.00	2.00	2.00	1.98	1.95	2.00
71.00	1.99	1.99	2.00	1.97	2.00	2.00	1.98	1.99
72.00	2.00	1.99	1.99	2.00	2.00	1.99	1.94	1.99
73.00	1.99	2.00	2.00	2.00	2.00	2.01	1.98	1.99
74.00	1.99	2.00	2.00	1.99	2.00	1.99	1.95	2.00
75.00	2.00	2.00	2.00	1.99	1.99	1.99	1.99	2.00
76.00	1.99	2.00	2.00	2.00	2.00	2.00	1.97	2.00
77.00	2.00	2.00	2.00	2.00	2.00	2.00	1.95	1.99
78.00	1.99	1.99	1.99	1.99	2.00	1.99	1.97	2.00
79.00	2.00	2.00	2.00	2.00	2.00	1.99	1.93	1.99
80.00	1.99	1.99	1.99	2.00	2.00	1.98	1.94	1.98
81.00	2.00	2.00	2.00	1.99	1.99	2.00	1.98	2.00
82.00	1.99	2.00	2.00	1.99	2.00	2.00	1.97	2.00
83.00	1.97	2.00	2.00	1.99	2.00	1.98	1.94	2.00
84.00	2.00	1.99	2.00	2.00	2.00	1.99	1.95	2.00
85.00	2.00	2.00	1.99	1.99	2.00	2.00	1.95	1.99
86.00	2.00	2.00	2.00	1.99	2.00	1.99	1.95	1.99
87.00	2.00	2.00	2.00	1.99	1.99	2.00	1.95	2.00
88.00	2.00	1.99	2.00	2.01	2.00	2.00	1.97	1.99
89.00	1.98	2.00	2.00	1.99	2.00	2.00	1.94	1.99
90.00	1.99	1.99	2.00	2.00	2.00	1.99	1.93	1.99
91.00	2.00	2.00	1.99	2.00	2.00	1.98	1.97	2.00
92.00	1.98	2.00	2.00	2.00	2.00	1.98	1.95	2.00
93.00	1.99	2.00	2.00	2.00	1.99	2.00	2.00	2.00
94.00	2.00	2.00	2.00	2.00	2.00	1.98	1.98	2.00
95.00	1.93	1.99	2.00	1.99	2.00	2.00	1.98	2.00
96.00	2.00	1.99	1.99	2.00	2.00	1.99	1.92	1.99
97.00	2.00	2.00	2.00	2.00	2.00	1.99	1.95	1.99
98.00	1.98	1.99	2.00	2.00	2.00	1.98	1.98	2.00
99.00	2.00	2.00	2.00	2.00	2.00	1.99	1.92	1.99
100.00	2.00	2.00	2.00	2.00	1.99	1.98	1.95	2.00
101.00	1.98	1.98	2.00	1.99	2.00	2.00	1.94	2.00
102.00	1.98	2.00	2.00	2.00	2.00	2.00	1.99	2.00
103.00	1.99	1.99	1.99	2.00	2.00	2.00	1.98	1.99
104.00	1.99	1.99	1.99	2.00	2.00	1.98	1.94	2.00
105.00	2.00	2.00	2.00	2.00	2.00	1.99	1.94	2.00
106.00	2.00	2.00	2.00	1.99	1.99	2.00	1.95	2.00
107.00	1.98	1.98	2.00	2.00	2.00	2.00	1.97	2.00
108.00	1.99	1.99	1.99	2.00	2.00	1.99	1.97	2.00
109.00	2.00	2.00	2.00	2.00	2.00	2.00	1.97	1.99
110.00	1.97	2.00	2.00	2.00	2.00	1.97	1.98	2.00
111.00	1.99	2.00	2.00	2.00	2.00	1.98	1.97	2.00
112.00	2.00	2.00	2.00	1.99	1.99	1.99	1.94	2.00
113.00	2.00	1.99	2.00	1.98	2.00	2.00	1.93	2.00
114.00	2.00	2.00	2.00	2.00	2.00	1.97	1.98	1.99
115.00	2.00	1.99	2.00	2.00	2.00	2.01	1.98	2.00
116.00	1.99	1.99	1.99	1.99	2.00	2.00	1.94	2.00
117.00	2.00	2.00	2.00	1.99	2.00	2.00	2.00	2.00
118.00	1.99	2.00	2.00	2.01	1.99	1.99	1.93	2.00
119.00	1.97	2.00	2.00	1.99	2.00	2.00	1.95	2.00
120.00	1.99	1.99	1.99	2.00	2.00	2.00	1.99	2.00
121.00	1.99	2.00	2.00	2.00	2.00	1.99	1.94	2.00
122.00	1.98	1.99	1.99	1.99	2.00	1.99	1.94	1.99
123.00	2.00	2.00	2.00	2.00	2.00	2.00	1.95	2.00
124.00	2.00	2.00	2.00	1.98	1.99	1.98	1.94	1.99
125.00	1.97	2.00	2.00	2.00	2.00	1.99	1.98	1.99
126.00	2.00	2.00	2.00	2.00	2.00	2.00	1.94	2.00
127.00	1.99	1.99	1.99	2.00	2.00	1.99	1.98	2.00
128.00	1.99	1.95	2.00	1.99	2.00	2.00	1.98	1.99
129.00	2.00	2.00	2.00	2.00	2.00	1.99	1.95	2.00
130.00	2.00	2.00	2.00	2.00	1.99	2.00	1.95	2.00
131.00	1.99	2.00	2.00	1.98	2.00	2.00	1.97	2.00
132.00	2.00	2.00	2.00	1.99	2.00	1.99	1.94	1.99
133.00	1.99	1.99	2.00	2.00	2.00	2.00	1.95	1.98
134.00	2.00	2.00	1.99	1.99	2.00	2.00	1.95	1.98
135.00	2.00	2.00	2.00	1.99	2.00	1.98	1.99	2.00
136.00	2.00	2.00	2.00	2.01	1.99	1.99	1.95	2.00
137.00	1.98	2.00	2.00	2.00	2.00	2.00	1.97	1.99
138.00	2.00	2.00	2.00	1.99	2.00	2.00	1.95	2.00
139.00	1.99	1.99	1.99	2.00	2.00	1.98	1.94	2.00
140.00	1.98	1.99	2.00	1.99	2.00	1.99	1.94	1.99
141.00	2.00	2.00	2.00	1.99	2.00	1.99	1.98	2.00
142.00	2.00	2.00	2.00	2.00	2.00	2.00	1.93	2.00
143.00	1.99	1.98	2.00	1.99	1.99	2.00	1.95	2.00
144.00	1.99	1.99	1.99	2.00	2.00	2.00	1.95	2.00
145.00	2.00	2.00	2.00	2.00	2.00	2.00	1.98	1.99
146.00	1.99	2.00	2.00	2.00	2.00	2.00	1.98	2.00
147.00	1.99	2.00	2.00	2.00	2.00	1.98	1.93	2.00
148.00	2.00	2.00	2.00	2.00	2.00	1.99	1.97	2.00
149.00	1.95	1.99	1.99	1.99	1.99	1.99	1.97	1.99
150.00	1.99	1.99	2.00	2.00	2.00	2.00	1.95	2.00
151.00	2.00	2.00	2.00	2.00	2.00	1.99	1.95	2.00
152.00	2.00	1.99	1.98	2.00	2.00	2.00	1.95	1.98
153.00	1.88	1.88	1.90	1.94	2.00	2.00	1.98	2.00
154.00	2.00	2.00	2.00	2.00	2.00	1.99	1.95	2.00
155.00	1.99	2.00	2.00	2.00	1.99	2.00	1.98	2.00
156.00	2.00	2.00	2.00	1.99	2.00	2.00	1.98	2.00
157.00	1.99	2.00	2.00	2.00	2.00	1.98	1.94	2.00
158.00	1.98	1.99	1.99	2.00	2.00	1.99	1.94	1.99
159.00	2.00	2.00	2.00	1.99	2.00	2.00	1.95	2.00
160.00	1.99	2.00	2.00	2.00	2.00	1.99	1.98	2.00
161.00	2.00	2.00	2.00	2.00	1.99	1.99	1.93	2.00
162.00	1.97	1.99	1.99	1.99	2.00	2.00	1.98	1.99
163.00	2.00	2.00	2.00	2.00	2.00	2.00	1.97	2.00
164.00	1.99	2.00	2.00	1.99	2.00	1.99	1.94	2.00
165.00	1.99	2.00	2.00	2.00	2.00	1.99	1.90	1.99
166.00	2.00	2.00	2.00	2.00	2.00	1.99	1.98	2.00
167.00	1.99	2.00	2.00	1.98	1.99	2.00	1.97	1.99
168.00	2.00	2.00	2.00	2.00	2.00	2.00	1.99	2.00
169.00	2.00	2.00	2.00	2.00	2.00	2.00	1.99	2.00
170.00	1.98	1.99	2.00	1.99	2.00	2.00	1.94	1.99
171.00	2.00	2.00	1.99	2.00	2.00	1.97	1.93	1.99
172.00	1.99	2.00	2.00	2.00	2.00	1.99	1.97	2.00
173.00	1.99	2.00	2.00	2.00	1.99	1.99	1.99	1.99
174.00	2.00	2.00	2.00	1.99	2.00	2.00	1.95	2.00
175.00	2.00	1.99	2.00	2.00	2.00	2.00	1.94	2.00
176.00	1.99	1.99	1.99	1.99	2.00	1.98	1.95	1.97
177.00	1.99	2.00	2.01	2.00	2.00	1.99	1.97	1.99
178.00	2.00	1.99	1.99	2.00	2.00	1.99	1.97	1.99
179.00	1.99	2.00	2.00	2.00	1.99	1.99	1.95	1.98
10.1.1.1	1.87	5814.12
10.1.1.2	1.86	6665.97
10.1.1.3	1.97	12345.49
10.1.1.4	1.84	8351.62
10.2.1.2	2.04	7.79
10.1.1.6	2.03	1903.46
10.1.1.7	1.98	5405.49
10.1.1.8	2.00	7537.74
