Waf: Entering directory `/home/synrg-sc1/Desktop/Jiaming/ns-3.29-mesh/build'
Waf: Leaving directory `/home/synrg-sc1/Desktop/Jiaming/ns-3.29-mesh/build'
Build commands will be stored in build/compile_commands.json
'build' finished successfully (5.206s)
CreateVariables () DONE !!!
Creating 16 APs 50.00 m apart.
CreateApNodes () DONE !!!
Creating 0 CLs 20.00 m away from each AP.
CreateClNodes () DONE !!!
CreateNodes () DONE !!!
CreateMeshDevices () DONE !!!
CreateWifiDevices () DONE !!!
CreateCsmaDevices () DONE !!!
CreateDevices () DONE !!!
InstallInternetStack () DONE !!!
Gateway is connect to AP 0
InstallApplications () DONE !!!
Starting simulation for 120.00 s ...
-------------------------------------------------
Time[s]	ap-0	ap-1	ap-2	ap-3	ap-4	ap-5	ap-6	ap-7	ap-8	ap-9	ap-10	ap-11	ap-12	ap-13	ap-14	ap-15
2.00	8.94	7.45	7.47	0.34	0.00	0.00	0.35	0.00	0.02	0.00	0.28	0.00	0.31	0.00	0.41	0.00
3.00	9.00	7.50	7.50	1.65	0.71	0.00	0.00	2.59	0.75	0.00	0.00	0.00	0.00	0.00	0.73	0.00
4.00	9.00	7.50	7.50	1.13	0.86	0.00	0.68	0.00	1.31	0.02	0.00	0.00	0.00	0.00	0.38	0.00
5.00	9.01	7.50	7.50	1.53	0.54	0.00	0.00	0.00	0.94	2.57	0.51	0.00	0.00	0.00	2.58	0.27
6.00	9.00	7.50	7.50	0.94	0.38	0.00	0.00	0.02	2.67	0.00	0.00	0.00	0.00	0.00	0.00	0.49
7.00	9.00	7.50	7.50	1.74	0.52	0.00	0.08	0.01	3.34	0.34	1.20	0.00	1.31	0.00	0.84	0.47
8.00	9.00	7.50	7.50	0.85	0.55	0.00	0.00	1.37	0.00	3.80	2.14	0.00	0.09	0.02	0.99	0.00
9.00	9.01	7.50	7.50	1.27	0.65	0.00	0.00	0.49	0.00	0.00	0.00	1.41	0.49	0.00	1.83	0.21
10.00	9.00	7.49	7.49	1.40	0.60	0.00	0.21	1.48	1.48	1.31	0.39	3.29	1.99	0.11	1.68	0.57
11.00	9.00	7.50	7.50	1.58	0.40	0.00	0.51	0.00	0.05	0.00	1.25	0.07	1.38	0.00	4.68	0.45
12.00	9.00	7.50	7.50	1.72	0.88	0.12	0.18	0.01	0.00	0.00	0.42	0.00	0.45	0.07	1.97	0.32
13.00	9.01	7.50	7.50	0.00	0.68	0.38	0.75	0.15	1.97	0.00	0.00	0.00	0.00	0.00	0.21	0.26
14.00	9.00	7.50	7.50	1.40	1.13	0.00	0.00	1.30	0.00	1.33	0.00	0.48	0.00	0.00	0.02	0.33
15.00	9.00	7.50	7.50	0.49	0.81	0.00	1.48	0.75	0.02	0.00	0.00	0.00	0.07	0.00	0.00	0.73
16.00	9.00	7.50	7.50	2.33	1.65	0.00	0.92	0.00	0.00	2.71	2.04	0.64	0.62	0.00	2.84	0.53
17.00	9.01	7.50	7.50	1.26	1.48	0.04	0.00	0.00	1.26	0.00	1.28	0.00	0.77	0.00	1.59	0.27
18.00	9.00	7.50	7.50	1.79	0.87	0.24	0.00	0.00	1.61	0.09	0.49	0.00	2.34	0.00	0.00	0.62
19.00	9.00	7.49	7.49	0.49	0.99	0.53	1.79	1.17	0.77	1.48	1.88	0.00	0.00	0.00	1.48	1.25
20.00	9.01	7.50	7.50	2.74	1.92	0.73	1.70	0.39	2.36	0.99	4.38	3.04	0.31	0.00	2.11	0.95
21.00	9.00	7.50	7.50	1.32	2.38	0.08	0.00	0.00	0.47	1.06	0.24	1.26	0.16	0.00	1.19	0.91
22.00	9.00	7.50	7.50	1.97	1.65	0.18	0.59	0.11	0.00	1.11	2.16	0.00	0.00	0.00	0.02	0.42
23.00	9.00	7.50	7.50	2.05	2.13	0.16	0.49	0.00	1.64	1.48	1.98	0.12	0.02	0.00	1.71	0.47
24.00	9.01	7.50	7.50	1.74	1.28	0.07	0.44	0.00	0.02	0.41	0.80	0.00	0.42	0.46	0.49	0.05
25.00	9.00	7.50	7.50	1.13	4.97	0.74	1.46	0.34	1.20	2.07	2.93	0.05	1.19	1.65	2.23	0.46
26.00	9.00	7.50	7.50	1.42	0.99	0.27	0.00	0.08	1.32	1.22	1.13	3.05	1.48	0.00	0.34	0.25
27.00	9.00	7.50	7.50	2.30	2.11	0.35	0.12	0.81	2.30	1.45	1.60	0.00	0.19	0.19	3.67	0.49
28.00	9.01	7.49	7.49	2.40	1.38	0.21	0.99	0.12	0.35	2.18	2.05	0.00	0.22	0.00	1.37	0.00
29.00	9.00	7.50	7.50	0.16	0.49	0.18	0.16	0.04	0.26	1.27	0.75	0.49	0.49	0.00	1.40	0.39
30.00	9.00	7.50	7.50	1.87	0.01	0.45	0.00	1.10	3.90	4.12	1.63	1.51	2.97	0.92	3.38	0.80
31.00	9.00	7.50	7.50	0.46	3.03	0.00	0.05	0.00	0.73	0.00	0.24	3.47	1.50	0.00	0.45	0.00
32.00	9.01	7.50	7.50	0.73	1.40	0.00	1.67	0.49	2.70	2.36	0.71	0.00	0.00	0.00	0.38	0.00
33.00	9.00	7.50	7.50	1.18	1.78	0.59	0.57	0.00	0.04	3.78	0.00	0.77	1.25	0.00	3.58	0.06
34.00	9.00	7.50	7.50	0.00	0.49	0.25	0.00	2.19	0.64	0.79	1.13	0.49	1.25	0.00	1.30	0.51
35.00	9.01	7.50	7.50	1.98	2.76	0.27	1.66	0.00	2.53	0.00	2.59	0.00	0.00	0.06	0.00	0.35
36.00	9.00	7.50	7.50	0.07	0.12	0.35	0.88	0.77	0.09	1.19	0.00	0.65	0.07	0.00	0.67	0.12
37.00	9.00	7.49	7.49	0.00	2.17	0.61	0.00	0.75	1.80	2.01	2.70	0.53	0.92	0.00	0.75	0.14
38.00	9.00	7.50	7.50	2.96	1.55	0.02	0.00	0.00	0.00	0.00	0.00	1.66	0.49	0.00	0.00	0.75
39.00	9.01	7.50	7.50	1.51	0.00	0.00	1.46	0.51	0.27	0.99	0.00	1.11	0.00	0.00	2.01	0.54
40.00	9.00	7.50	7.50	1.30	0.58	0.46	0.00	0.00	2.44	0.00	0.00	0.07	0.00	0.00	0.00	0.00
41.00	9.00	7.50	7.50	0.00	0.31	0.19	0.00	1.22	2.18	1.34	2.27	0.49	0.00	0.00	0.55	0.40
42.00	9.00	7.50	7.50	0.68	1.80	0.72	0.00	0.00	0.35	0.69	1.44	0.00	0.01	0.00	1.64	0.62
43.00	9.01	7.50	7.50	0.92	3.09	0.21	0.00	1.13	5.10	3.34	2.30	0.12	0.09	0.00	1.63	0.55
44.00	9.00	7.50	7.50	1.10	1.51	0.00	2.10	0.09	0.19	0.53	1.48	0.29	0.16	0.00	0.00	0.44
45.00	9.00	7.50	7.50	0.52	2.05	0.11	0.91	0.00	4.06	0.00	1.31	0.00	0.01	0.00	0.00	0.49
46.00	9.00	7.49	7.49	0.91	3.18	0.34	0.81	0.00	0.00	0.99	1.48	1.05	0.00	0.00	0.66	0.98
47.00	9.01	7.50	7.50	0.53	1.71	0.28	0.14	0.34	2.24	2.92	1.06	1.32	0.49	0.00	2.07	0.92
48.00	9.00	7.50	7.50	0.11	2.01	0.18	0.57	1.45	0.66	3.58	0.06	0.38	1.59	0.00	1.51	0.91
49.00	9.00	7.50	7.50	6.16	1.67	2.57	0.49	1.46	2.07	1.27	3.94	1.25	0.97	0.00	0.49	0.34
50.00	9.01	7.50	7.50	1.51	0.00	1.12	0.49	1.64	0.28	2.24	2.34	0.94	0.07	0.00	0.00	0.00
51.00	9.00	7.50	7.50	0.11	4.05	0.12	0.00	1.81	0.93	2.80	0.97	1.20	0.34	0.02	1.58	0.98
52.00	9.00	7.50	7.50	1.78	3.60	0.74	1.30	3.32	1.50	3.24	3.26	1.12	0.45	0.00	1.10	0.72
53.00	9.00	7.50	7.50	0.00	4.04	0.38	0.09	0.99	0.38	1.46	0.99	0.15	0.79	0.00	0.49	0.00
54.00	9.01	7.50	7.50	1.81	2.03	0.94	0.00	0.05	0.84	0.22	0.00	0.00	0.05	0.00	2.36	1.38
55.00	9.00	7.49	7.49	1.00	0.00	0.27	0.00	0.49	0.05	0.24	0.00	0.00	0.00	0.00	1.51	0.91
56.00	9.00	7.50	7.50	0.88	0.00	0.64	0.05	0.00	0.00	0.99	2.99	0.73	0.00	0.00	1.66	0.81
57.00	9.00	7.50	7.50	0.80	0.09	0.07	0.00	0.00	0.02	0.02	1.90	0.61	0.00	0.00	1.86	0.00
58.00	9.01	7.50	7.50	2.66	0.00	0.00	0.00	1.18	2.01	1.97	0.00	2.18	0.45	0.00	3.70	0.15
59.00	9.00	7.50	7.50	1.34	0.00	0.06	0.00	0.00	0.52	0.52	1.77	1.13	1.39	0.00	0.07	0.93
60.00	9.00	7.50	7.50	0.54	0.07	0.54	0.00	0.00	0.53	0.02	0.00	0.00	0.45	0.00	1.97	0.68
61.00	9.00	7.50	7.50	1.74	1.59	1.15	2.36	0.00	0.34	0.54	0.00	0.01	1.30	0.00	0.49	0.26
62.00	9.01	7.50	7.50	0.78	0.99	0.98	0.00	1.88	0.77	1.67	1.91	0.12	1.66	0.67	0.71	1.17
63.00	9.00	7.50	7.50	2.12	0.00	0.33	2.72	1.15	2.32	0.00	0.00	0.28	0.77	0.00	0.00	1.07
64.00	9.00	7.49	7.49	0.77	1.98	0.66	2.11	0.99	1.64	1.42	1.28	0.27	1.60	0.47	1.30	0.89
65.00	9.01	7.50	7.50	0.65	2.13	1.20	1.74	0.00	1.22	0.00	1.15	0.00	1.32	0.06	1.04	0.81
66.00	9.00	7.50	7.50	0.27	3.53	0.45	3.93	0.00	1.04	2.20	0.00	1.39	0.89	0.00	0.00	0.89
67.00	9.00	7.50	7.50	3.43	1.61	0.00	0.00	0.00	0.62	1.33	0.00	2.41	0.47	0.00	0.00	0.05
68.00	9.00	7.50	7.50	2.13	2.65	0.00	0.00	0.49	0.34	2.32	2.98	1.08	2.27	0.00	0.49	0.00
69.00	9.01	7.50	7.50	2.66	1.13	0.00	0.27	0.00	0.37	0.18	0.25	1.07	1.79	0.00	0.00	1.19
70.00	9.00	7.50	7.50	0.02	1.39	0.00	3.87	1.48	0.47	1.78	1.64	0.28	0.74	0.00	1.45	0.88
71.00	9.00	7.50	7.50	1.88	2.77	0.25	2.66	0.68	0.61	0.62	1.48	0.49	0.00	0.00	1.75	0.71
72.00	9.00	7.50	7.50	2.92	1.65	0.35	0.00	1.06	0.27	0.53	0.00	0.09	0.57	0.00	1.31	0.49
73.00	9.01	7.49	7.49	0.52	1.93	0.89	3.16	1.95	2.13	1.84	0.49	2.23	0.09	0.00	0.00	0.00
74.00	9.00	7.50	7.50	0.67	2.23	0.61	1.12	0.99	2.07	1.08	0.00	1.78	0.89	0.00	0.00	0.00
75.00	9.00	7.50	7.50	0.53	0.00	0.91	0.00	0.00	1.40	0.13	0.00	2.13	0.99	0.00	0.00	0.58
76.00	9.00	7.50	7.50	2.34	3.24	0.21	0.99	0.00	5.71	0.42	0.99	0.12	0.00	0.00	4.15	0.71
77.00	9.01	7.50	7.50	1.25	2.39	0.00	0.00	1.48	0.62	1.79	1.27	1.45	1.88	0.22	0.00	0.06
78.00	9.00	7.50	7.50	0.00	0.99	0.00	0.00	2.14	0.00	1.34	0.00	1.45	0.28	0.00	0.49	0.57
79.00	9.00	7.50	7.50	0.84	1.41	0.00	0.00	0.99	2.03	3.43	1.21	1.91	0.13	0.00	2.90	0.00
80.00	9.01	7.50	7.50	2.32	1.73	0.11	1.99	0.99	1.05	1.48	2.52	0.19	0.07	1.31	1.86	1.59
81.00	9.00	7.50	7.50	1.52	5.03	1.04	0.49	2.11	0.57	0.82	1.31	0.74	1.48	0.00	1.05	0.54
82.00	9.00	7.49	7.49	6.49	0.89	0.59	0.00	0.00	1.30	0.49	1.37	0.02	1.31	0.00	2.61	0.00
83.00	9.00	7.50	7.50	0.46	3.62	0.00	0.00	0.00	1.98	1.38	1.35	1.10	0.57	0.00	0.00	1.13
84.00	9.01	7.50	7.50	1.15	0.99	0.00	0.00	0.34	1.86	1.12	0.49	0.52	1.08	0.00	0.00	0.00
85.00	9.00	7.50	7.50	1.91	0.99	0.00	0.00	0.49	0.46	1.18	0.00	0.24	0.00	0.00	0.00	0.09
86.00	9.00	7.50	7.50	2.01	0.49	0.00	0.00	0.00	0.99	1.19	0.00	0.92	0.31	0.00	0.00	0.92
87.00	9.00	7.50	7.50	0.00	0.99	0.00	0.07	0.00	0.00	1.60	0.78	0.42	1.18	0.00	0.09	0.24
88.00	9.01	7.50	7.50	6.26	5.86	0.00	1.21	0.00	4.58	5.04	0.00	5.05	4.36	0.00	4.03	0.00
89.00	9.00	7.50	7.50	7.21	6.90	0.00	0.00	0.00	5.69	5.41	6.02	5.10	4.80	0.00	0.01	0.00
90.00	9.00	7.50	7.50	7.20	6.90	0.00	3.21	0.00	5.71	5.39	5.10	5.10	4.79	0.00	0.00	0.00
91.00	9.00	7.49	7.49	7.16	6.75	0.06	5.99	0.13	5.57	5.37	4.70	5.06	4.80	0.00	0.00	0.00
92.00	9.01	7.50	7.50	0.44	0.00	0.87	0.07	1.18	0.85	0.16	0.00	1.87	0.99	0.00	0.57	0.00
93.00	9.00	7.50	7.50	0.00	0.99	0.69	1.51	3.46	1.06	1.38	0.00	0.98	0.94	0.00	1.28	0.00
94.00	9.00	7.50	7.50	1.59	3.07	0.64	0.00	1.00	3.92	4.53	2.36	0.92	4.24	0.00	0.99	0.00
95.00	9.01	7.50	7.50	4.79	5.44	0.00	0.00	1.21	1.31	1.37	3.14	0.71	1.48	0.12	1.90	2.56
96.00	9.00	7.50	7.50	2.76	3.19	0.14	0.00	2.87	1.05	1.33	2.21	0.00	0.00	0.06	1.80	0.34
97.00	9.00	7.50	7.50	2.44	3.00	1.25	1.50	1.37	1.28	1.37	4.43	0.00	0.57	2.65	0.99	0.84
98.00	9.00	7.50	7.50	3.12	6.25	0.00	0.00	0.99	0.00	4.76	2.07	0.60	2.24	0.26	4.15	0.91
99.00	9.01	7.50	7.50	2.68	1.86	0.00	1.74	0.00	1.54	2.98	1.48	1.72	0.19	0.00	3.70	0.89
100.00	9.00	7.49	7.49	4.49	2.87	0.31	2.40	0.49	1.59	0.49	0.00	0.24	0.87	0.00	0.99	0.75
101.00	9.00	7.50	7.50	1.84	0.99	0.79	0.00	0.00	0.15	1.67	0.49	1.39	0.86	0.00	0.00	0.28
102.00	9.00	7.50	7.50	1.14	0.99	0.09	0.00	0.00	2.71	0.41	4.60	2.50	1.38	0.00	0.00	0.00
103.00	9.01	7.50	7.50	4.35	3.56	0.00	0.00	0.99	1.99	0.59	0.00	0.15	0.68	0.00	0.49	1.68
104.00	9.00	7.50	7.50	2.20	2.53	0.12	0.00	0.08	0.86	0.46	1.97	2.79	0.06	0.00	1.61	0.89
105.00	9.00	7.50	7.50	3.73	1.50	0.08	0.11	0.00	1.51	1.45	2.50	0.77	0.95	0.35	0.00	0.85
106.00	9.00	7.50	7.50	1.95	2.06	1.38	0.99	0.84	1.10	1.54	0.00	0.00	1.93	0.00	1.92	0.61
107.00	9.01	7.50	7.50	3.12	3.78	2.40	0.00	0.00	5.75	1.38	0.37	0.58	1.35	0.13	0.00	0.88
108.00	9.00	7.50	7.50	0.00	1.46	0.46	0.00	0.00	1.05	1.50	1.78	0.00	3.42	0.58	0.00	0.84
109.00	9.00	7.49	7.49	0.92	0.00	0.00	0.00	0.00	0.06	0.15	1.86	0.00	1.40	0.00	0.00	0.82
110.00	9.01	7.50	7.50	1.53	0.01	0.00	0.00	0.00	0.00	3.25	2.51	1.54	0.00	0.00	0.00	0.88
111.00	9.00	7.50	7.50	1.08	1.25	0.00	0.00	0.00	2.23	0.38	0.12	0.00	2.70	0.00	0.00	0.13
112.00	9.00	7.50	7.50	1.30	0.68	0.00	0.00	0.08	0.61	2.56	2.36	0.00	0.00	0.00	1.81	1.63
113.00	9.00	7.50	7.50	0.05	1.75	0.24	0.49	1.24	2.32	1.57	2.28	0.00	0.28	0.00	1.68	0.39
114.00	9.01	7.50	7.50	0.26	0.49	1.01	0.00	0.00	1.68	2.48	2.07	0.49	0.14	0.00	0.06	0.99
115.00	9.00	7.50	7.50	0.11	0.00	0.15	0.00	0.00	0.59	1.41	1.21	0.09	0.87	0.00	0.00	0.00
116.00	9.00	7.50	7.50	0.00	2.05	0.91	0.49	2.77	0.97	2.73	0.82	0.79	0.49	1.08	0.00	0.88
117.00	9.00	7.50	7.50	3.31	3.24	0.49	1.88	0.49	2.17	1.57	1.58	1.61	0.47	0.00	0.99	0.15
118.00	9.01	7.49	7.49	0.37	0.51	0.07	4.13	0.49	3.69	1.22	0.00	1.04	1.35	0.00	0.49	0.66
119.00	9.00	7.50	7.50	0.98	2.24	0.00	0.00	0.00	1.99	2.21	0.49	3.21	1.14	0.00	0.00	1.20
10.2.1.2	9.17	8.17
10.2.1.3	7.64	9.03
10.2.1.4	7.64	21.73
10.1.1.4	1.69	192699.09
10.1.1.5	1.82	297065.13
10.1.1.6	0.37	686006.87
10.1.1.7	0.69	359780.27
10.1.1.8	0.63	489853.64
10.1.1.9	1.42	189517.18
10.1.1.10	1.52	230702.27
10.1.1.11	1.29	360077.28
10.1.1.12	0.95	193840.36
10.1.1.13	0.88	231035.98
10.1.1.14	0.11	556029.38
10.1.1.15	1.10	362548.02
10.1.1.16	0.55	306058.22
