Waf: Entering directory `/home/synrg-sc1/Desktop/Jiaming/ns-3.29-mesh/build'
Waf: Leaving directory `/home/synrg-sc1/Desktop/Jiaming/ns-3.29-mesh/build'
Build commands will be stored in build/compile_commands.json
'build' finished successfully (5.054s)
CreateVariables () DONE !!!
Creating 11 APs 50.00 m apart.
CreateApNodes () DONE !!!
Creating 0 CLs 20.00 m away from each AP.
CreateClNodes () DONE !!!
CreateNodes () DONE !!!
CreateMeshDevices () DONE !!!
CreateWifiDevices () DONE !!!
CreateCsmaDevices () DONE !!!
CreateDevices () DONE !!!
InstallInternetStack () DONE !!!
Gateway is connect to AP 0
InstallApplications () DONE !!!
Starting simulation for 120.00 s ...
-------------------------------------------------
Time[s]	ap-0	ap-1	ap-2	ap-3	ap-4	ap-5	ap-6	ap-7	ap-8	ap-9	ap-10
2.00	7.47	6.28	0.26	0.00	0.49	0.21	0.00	0.00	0.49	0.62	0.00
3.00	7.50	6.30	1.45	0.00	0.42	0.07	0.00	0.13	0.54	0.28	0.67
4.00	7.50	6.30	0.26	0.38	0.05	0.00	0.28	0.55	0.37	0.08	0.66
5.00	7.50	6.30	0.97	0.19	0.47	0.00	0.00	0.00	0.89	0.54	1.41
6.00	7.50	6.30	1.04	0.00	0.32	0.00	0.00	0.00	1.86	0.52	0.73
7.00	7.50	6.30	0.75	0.00	0.41	0.00	0.06	0.11	1.86	0.09	0.28
8.00	7.50	6.30	0.00	0.00	0.68	0.00	0.78	0.00	0.00	0.53	0.49
9.00	7.50	6.30	0.13	0.18	0.27	0.00	0.09	0.00	0.26	0.61	0.22
10.00	7.49	6.30	0.00	0.21	0.00	0.00	0.33	0.00	2.27	0.59	0.07
11.00	7.50	6.30	0.49	0.01	0.12	0.00	0.38	0.00	1.20	0.73	0.12
12.00	7.50	6.30	0.13	0.12	0.07	0.00	0.24	1.22	0.19	0.33	1.30
13.00	7.50	6.30	1.22	0.38	0.66	0.21	0.02	0.00	1.94	0.20	0.31
14.00	7.50	6.30	0.00	0.26	1.04	0.00	0.20	0.40	0.24	0.07	0.00
15.00	7.50	6.30	2.32	0.00	1.48	0.02	0.02	0.92	1.91	0.07	2.12
16.00	7.50	6.30	0.27	0.40	0.15	0.00	0.00	0.00	0.49	2.68	1.30
17.00	7.50	6.30	4.37	0.19	0.59	0.07	0.62	0.00	0.00	0.00	0.28
18.00	7.50	6.30	1.57	0.59	0.49	0.32	0.29	0.00	0.24	0.00	1.33
19.00	7.49	6.30	0.59	0.49	2.85	0.00	0.45	0.58	0.25	0.73	0.80
20.00	7.50	6.30	0.98	0.00	0.37	1.13	0.87	0.00	2.79	0.00	2.81
21.00	7.50	6.30	0.00	0.00	4.27	3.47	0.16	0.00	3.79	0.00	0.00
22.00	7.50	6.30	0.40	0.00	0.00	0.00	0.22	0.00	2.36	0.00	0.40
23.00	7.50	6.30	0.28	0.34	1.10	0.00	0.00	0.00	0.81	0.61	1.45
24.00	7.50	6.30	0.60	0.09	0.15	1.92	0.22	0.00	0.68	0.00	1.01
25.00	7.50	6.30	0.04	0.47	0.00	0.39	0.51	0.18	1.18	0.00	3.03
26.00	7.50	6.30	0.69	0.19	2.36	1.71	0.00	0.00	1.35	0.45	1.97
27.00	7.50	6.30	2.18	0.00	0.77	0.00	0.44	0.35	0.75	0.19	0.58
28.00	7.49	6.30	0.71	0.55	0.37	0.00	0.01	0.02	0.46	0.00	0.67
29.00	7.50	6.30	0.07	0.68	2.00	1.31	0.27	0.00	0.49	0.00	0.01
30.00	7.50	6.30	1.54	0.20	1.75	0.19	0.07	0.00	1.30	0.00	0.58
31.00	7.50	6.30	2.56	0.00	0.64	0.99	1.13	0.00	0.00	0.00	0.49
32.00	7.50	6.30	3.69	0.38	0.00	0.00	0.57	0.00	0.00	0.00	0.21
33.00	7.50	6.30	0.45	0.21	1.38	0.00	0.02	0.75	1.84	0.00	0.86
34.00	7.50	6.30	1.65	0.00	0.98	1.37	0.04	0.00	0.08	0.00	1.47
35.00	7.50	6.30	0.89	0.60	1.42	0.00	0.54	0.42	0.00	0.65	0.99
36.00	7.50	6.30	0.00	0.19	2.67	0.00	0.00	1.38	1.79	0.49	0.49
37.00	7.49	6.30	2.06	1.21	2.41	1.52	0.33	0.00	0.53	0.00	0.00
38.00	7.50	6.30	0.66	0.31	1.68	0.00	0.22	0.00	0.00	0.00	0.08
39.00	7.50	6.30	0.37	0.32	0.14	0.00	0.00	0.53	1.66	1.05	0.05
40.00	7.50	6.30	1.21	0.00	0.00	0.00	0.41	0.00	0.94	0.00	0.99
41.00	7.50	6.30	0.00	0.00	0.00	0.00	0.00	1.24	0.78	0.08	0.00
42.00	7.50	6.30	1.35	0.00	1.51	0.00	0.00	0.00	1.68	0.00	0.00
43.00	7.50	6.30	0.57	0.21	0.75	0.00	0.00	0.00	1.00	0.00	0.00
44.00	7.50	6.30	0.49	0.24	2.01	0.00	1.70	0.00	0.62	1.86	0.54
45.00	7.50	6.30	0.06	0.47	0.08	0.00	0.00	0.00	2.37	1.25	1.46
46.00	7.49	6.30	1.33	0.82	2.20	0.00	0.00	1.24	3.39	0.00	0.24
47.00	7.50	6.30	0.00	0.16	0.00	0.00	1.15	2.27	2.17	0.46	3.39
48.00	7.50	6.30	0.00	0.00	0.00	0.00	0.00	0.00	4.80	0.00	3.00
49.00	7.50	6.30	0.00	0.00	0.00	0.00	0.00	0.00	4.80	0.00	3.00
50.00	7.50	6.30	0.00	0.00	0.00	0.00	6.08	0.00	4.79	0.00	2.99
51.00	7.50	6.30	0.00	0.00	0.00	0.00	5.10	0.00	4.80	0.00	3.00
52.00	7.50	6.30	0.00	0.00	0.00	0.00	5.10	0.00	4.80	0.00	3.00
53.00	7.50	6.30	0.00	0.00	0.00	0.00	5.10	0.00	4.79	0.00	3.00
54.00	7.50	6.30	0.00	0.00	0.00	0.00	5.10	0.00	4.80	0.00	3.00
55.00	7.49	6.30	0.00	0.00	0.00	0.00	5.10	0.00	4.79	0.00	2.99
56.00	7.50	6.30	0.00	0.00	0.00	0.00	5.10	0.00	4.80	0.00	3.00
57.00	7.50	6.30	0.00	0.00	0.00	0.00	5.10	0.00	4.80	0.00	3.00
58.00	7.50	6.30	0.00	0.00	0.00	0.00	5.10	0.00	4.79	0.00	3.00
59.00	7.50	6.30	0.00	0.00	0.00	0.00	5.10	0.00	4.80	0.00	2.99
60.00	7.50	6.30	0.00	0.00	0.00	0.00	5.10	0.00	4.79	0.00	3.00
61.00	7.50	6.30	0.00	0.00	0.00	0.00	5.10	0.00	4.80	0.00	3.00
62.00	7.50	6.30	0.00	0.00	0.00	0.00	5.11	0.00	4.79	0.00	2.99
63.00	7.50	6.30	0.00	0.00	0.00	0.00	5.10	0.00	4.80	0.00	3.00
64.00	7.49	6.30	0.00	0.00	0.00	0.00	5.10	0.00	4.80	0.00	3.00
65.00	7.50	6.30	0.00	0.00	0.00	0.00	5.10	0.00	4.79	0.00	3.00
66.00	7.50	6.30	0.00	0.00	0.00	0.00	5.10	0.00	4.80	0.00	3.00
67.00	7.50	6.30	0.00	0.00	0.00	0.00	5.10	0.00	4.80	0.00	2.99
68.00	7.50	6.30	0.00	0.00	0.00	0.00	5.10	0.00	4.79	0.00	3.00
69.00	7.50	6.30	0.00	0.00	0.00	0.00	5.10	0.00	4.80	0.00	3.00
70.00	7.50	6.30	0.00	0.00	0.00	0.00	5.10	0.00	4.79	0.00	3.00
71.00	7.50	6.30	0.00	0.00	0.00	0.00	5.10	0.00	4.80	0.00	2.99
72.00	7.50	6.30	0.00	0.00	0.00	0.00	5.10	0.00	4.80	0.00	3.00
73.00	7.49	6.30	0.00	0.00	0.00	0.00	5.11	0.00	4.79	0.00	3.00
74.00	7.50	6.30	0.00	0.00	0.00	0.00	5.10	0.00	4.80	0.00	3.00
75.00	7.50	6.29	0.00	0.00	0.00	0.00	5.10	0.00	4.80	0.00	2.99
76.00	7.50	6.30	0.00	0.00	0.00	0.00	5.10	0.00	4.79	0.00	3.00
77.00	7.50	6.30	0.00	0.00	0.00	0.00	5.10	0.00	4.80	0.00	3.00
78.00	7.50	6.30	0.00	0.00	0.00	0.00	5.10	0.00	4.79	0.00	3.00
79.00	7.50	6.30	0.00	0.00	0.00	0.00	5.10	0.00	4.80	0.00	2.99
80.00	7.50	6.30	0.00	0.00	0.00	0.00	5.10	0.00	4.80	0.00	3.00
81.00	7.50	6.30	0.00	0.00	0.00	0.00	5.10	0.00	4.79	0.00	3.00
82.00	7.49	6.30	0.00	0.00	0.00	0.00	5.10	0.00	4.80	0.00	3.00
83.00	7.50	6.30	0.00	0.00	0.00	0.00	5.10	0.00	4.79	0.00	2.99
84.00	7.50	6.30	0.00	0.00	0.00	0.00	5.10	0.00	4.80	0.00	3.00
85.00	7.50	6.30	0.00	0.00	0.00	0.00	5.10	0.00	4.80	0.00	3.00
86.00	7.50	6.30	0.00	0.00	0.00	0.00	5.11	0.00	4.79	0.00	3.00
87.00	7.50	6.30	0.00	0.00	0.00	0.00	5.10	0.00	4.80	0.00	2.99
88.00	7.50	6.30	0.00	0.00	0.00	0.00	5.10	0.00	4.79	0.00	3.00
89.00	7.50	6.30	0.00	0.00	0.00	0.00	5.10	0.00	4.80	0.00	3.00
90.00	7.50	6.30	0.00	0.00	0.00	0.00	5.10	0.00	4.80	0.00	3.00
91.00	7.49	6.30	0.00	0.00	0.00	0.00	5.10	0.00	4.79	0.00	2.99
92.00	7.50	6.30	0.00	0.00	0.00	0.00	5.10	0.00	4.80	0.00	3.00
93.00	7.50	6.30	0.00	0.00	0.00	0.00	5.10	0.00	4.79	0.00	3.00
94.00	7.50	6.30	0.00	0.00	0.00	0.00	5.10	0.00	4.80	0.00	3.00
95.00	7.50	6.30	0.00	0.00	0.00	0.00	5.10	0.00	4.80	0.00	2.99
96.00	7.50	6.30	0.00	0.00	0.00	0.00	5.10	0.00	4.79	0.00	3.00
97.00	7.50	6.30	0.00	0.00	0.00	0.00	5.11	0.00	4.80	0.00	3.00
98.00	7.50	6.30	0.00	0.00	0.00	0.00	5.10	0.00	4.80	0.00	3.00
99.00	7.50	6.30	0.00	0.00	0.00	0.00	5.10	0.00	4.79	0.00	2.99
100.00	7.49	6.30	0.00	0.00	0.00	0.00	5.10	0.00	4.80	0.00	3.00
101.00	7.50	6.30	0.00	0.00	0.00	0.00	5.10	0.00	4.79	0.00	3.00
102.00	7.50	6.30	0.00	0.00	0.00	0.00	5.10	0.00	4.80	0.00	3.00
103.00	7.50	6.30	0.00	0.00	0.00	0.00	5.10	0.00	4.80	0.00	2.99
104.00	7.50	6.30	0.00	0.00	0.00	0.00	5.10	0.00	4.79	0.00	3.00
105.00	7.50	6.30	0.00	0.00	0.00	0.00	5.10	0.00	4.80	0.00	3.00
106.00	7.50	6.30	0.00	0.00	0.00	0.00	5.10	0.00	4.79	0.00	3.00
107.00	7.50	6.30	0.00	0.00	0.00	0.00	5.10	0.00	4.80	0.00	3.00
108.00	7.50	6.30	0.00	0.00	0.00	0.00	5.10	0.00	4.80	0.00	2.99
109.00	7.49	6.30	0.00	0.00	0.00	0.00	5.11	0.00	4.79	0.00	3.00
110.00	7.50	6.30	0.00	0.00	0.00	0.00	5.10	0.00	4.80	0.00	3.00
111.00	7.50	6.30	0.00	0.00	0.00	0.00	5.10	0.00	4.79	0.00	3.00
112.00	7.50	6.30	0.00	0.00	0.00	0.00	5.10	0.00	4.80	0.00	2.99
113.00	7.50	6.30	0.00	0.00	0.00	0.00	5.10	0.00	4.80	0.00	3.00
114.00	7.50	6.30	0.00	0.00	0.00	0.00	5.10	0.00	4.79	0.00	3.00
115.00	7.50	6.30	0.00	0.00	0.00	0.00	5.10	0.00	4.80	0.00	3.00
116.00	7.50	6.30	0.00	0.00	0.00	0.00	5.10	0.00	4.79	0.00	2.99
117.00	7.50	6.30	0.00	0.00	0.00	0.00	5.10	0.00	4.80	0.00	3.00
118.00	7.49	6.30	0.00	0.00	0.00	0.00	5.10	0.00	4.80	0.00	3.00
119.00	7.50	6.30	0.00	0.00	0.00	0.00	5.10	0.00	4.79	0.00	3.00
10.2.1.2	7.64	8.49
10.2.1.3	6.42	8.01
10.1.1.3	0.94	301594.98
10.1.1.4	0.26	432491.49
10.1.1.5	0.95	158895.85
10.1.1.6	0.43	272460.30
10.1.1.7	3.28	24761.24
10.1.1.8	0.29	176734.15
10.1.1.9	3.43	36240.17
10.1.1.10	0.35	606546.70
10.1.1.11	2.21	34042.46
