Waf: Entering directory `/home/synrg-sc1/Desktop/Jiaming/ns-3.29-mesh/build'
Waf: Leaving directory `/home/synrg-sc1/Desktop/Jiaming/ns-3.29-mesh/build'
Build commands will be stored in build/compile_commands.json
'build' finished successfully (5.066s)
CreateVariables () DONE !!!
Creating 18 APs 50.00 m apart.
CreateApNodes () DONE !!!
Creating 0 CLs 20.00 m away from each AP.
CreateClNodes () DONE !!!
CreateNodes () DONE !!!
CreateMeshDevices () DONE !!!
CreateWifiDevices () DONE !!!
CreateCsmaDevices () DONE !!!
CreateDevices () DONE !!!
InstallInternetStack () DONE !!!
Gateway is connect to AP 0
InstallApplications () DONE !!!
Starting simulation for 120.00 s ...
-------------------------------------------------
Time[s]	ap-0	ap-1	ap-2	ap-3	ap-4	ap-5	ap-6	ap-7	ap-8	ap-9	ap-10	ap-11	ap-12	ap-13	ap-14	ap-15	ap-16	ap-17
2.00	6.88	6.26	0.00	2.41	1.61	0.00	0.00	0.00	0.00	0.00	0.00	0.00	0.15	0.00	0.00	0.00	0.00	0.00
3.00	6.90	6.30	0.16	0.84	0.35	0.38	0.00	0.00	0.00	0.00	0.00	0.00	0.99	0.00	0.02	0.01	0.74	0.38
4.00	6.90	6.30	0.00	0.00	0.00	0.26	0.00	0.00	0.00	0.00	0.00	0.00	1.20	0.68	0.00	0.00	0.89	0.38
5.00	6.90	6.30	0.41	0.49	0.00	0.00	0.00	0.15	0.00	0.00	0.14	0.99	1.48	1.07	0.00	0.00	0.34	0.09
6.00	6.90	6.30	1.42	0.19	0.00	0.00	0.00	0.00	0.00	0.00	0.00	0.00	0.00	1.52	0.00	0.00	0.87	0.53
7.00	6.90	6.30	0.00	1.20	0.00	0.00	0.00	0.00	0.00	0.00	0.99	0.00	0.99	0.94	0.00	0.00	0.89	0.67
8.00	6.90	6.30	0.00	0.00	0.52	0.00	0.00	0.00	0.00	0.00	0.42	0.32	0.00	1.30	0.00	0.00	0.89	0.59
9.00	6.90	6.30	0.00	0.00	0.00	0.00	0.00	0.00	0.00	0.00	0.00	0.99	0.49	0.68	0.00	0.00	0.33	0.61
10.00	6.90	6.30	0.00	0.29	3.14	0.16	0.00	0.00	0.00	0.00	0.00	0.93	0.00	1.32	0.24	0.00	0.99	0.60
11.00	6.90	6.30	0.00	1.22	0.44	0.45	0.00	2.25	0.00	0.00	0.02	0.00	1.68	1.67	0.07	0.00	0.92	0.08
12.00	6.90	6.30	1.51	0.00	1.83	0.00	0.00	0.37	0.00	0.00	0.00	0.00	0.00	2.06	0.05	0.00	0.89	0.49
13.00	6.90	6.30	1.99	0.08	1.38	0.00	0.00	1.40	0.00	0.00	1.24	0.00	0.00	1.48	0.12	0.00	0.89	0.92
14.00	6.90	6.30	0.00	0.14	0.00	0.13	0.00	2.48	0.00	0.00	0.49	0.00	0.00	3.91	0.00	0.00	0.82	0.61
15.00	6.90	6.30	0.00	0.00	2.07	1.26	0.00	1.42	0.00	0.00	0.16	0.00	0.00	3.37	0.31	0.00	0.89	0.59
16.00	6.90	6.30	0.00	0.00	1.41	0.86	0.00	1.42	0.00	0.00	0.00	0.31	0.00	0.58	0.05	0.00	0.66	0.13
17.00	6.89	6.30	1.35	0.00	0.99	0.35	0.00	1.24	0.00	0.00	0.14	0.00	0.00	0.00	0.00	0.00	0.00	0.49
18.00	6.90	6.30	1.01	0.87	0.99	0.02	0.00	2.51	0.00	0.00	0.00	0.00	0.00	0.00	0.00	0.13	0.74	0.57
19.00	6.90	6.30	0.49	0.00	0.00	0.00	0.00	1.74	0.00	0.00	0.67	0.00	0.00	0.34	0.00	0.00	0.14	0.62
20.00	6.90	6.30	0.00	1.54	1.17	0.00	0.00	0.49	0.00	0.00	0.57	0.00	0.24	0.00	0.00	0.00	0.81	0.40
21.00	6.90	6.30	0.00	1.64	0.65	0.02	0.00	0.49	0.00	0.00	0.15	0.00	0.49	1.64	0.00	0.00	0.51	0.00
22.00	6.90	6.30	0.00	0.00	0.00	0.00	0.00	0.00	0.00	0.00	0.00	0.49	0.91	0.19	0.00	0.00	0.11	0.00
23.00	6.90	6.30	0.00	0.02	0.82	0.07	0.00	0.52	0.00	0.00	0.00	0.00	0.12	0.05	0.35	0.00	0.95	0.00
24.00	6.90	6.30	0.22	0.00	1.41	0.00	0.00	1.94	0.19	0.00	0.00	0.55	0.00	1.94	0.07	0.00	0.89	0.69
25.00	6.90	6.30	0.49	2.72	2.27	0.00	0.00	2.87	0.00	0.00	3.14	0.00	0.00	0.05	0.24	0.00	0.89	0.59
26.00	6.90	6.30	0.00	0.00	1.50	0.00	0.00	0.79	0.00	0.00	1.98	0.00	0.00	2.94	0.21	0.00	0.42	0.41
27.00	6.90	6.30	1.70	0.00	0.49	0.98	0.00	1.20	0.04	0.00	0.77	0.00	0.00	1.95	0.00	0.00	0.78	0.46
28.00	6.90	6.30	0.00	0.00	2.84	0.24	0.00	1.91	0.00	0.00	0.00	0.00	0.67	2.34	0.19	0.00	0.94	0.39
29.00	6.90	6.30	0.02	0.49	0.00	0.00	0.00	0.38	0.00	0.00	0.00	0.00	0.08	1.25	0.00	0.00	0.38	0.16
30.00	6.90	6.30	0.00	0.06	0.00	0.22	0.00	1.04	0.00	0.00	0.27	0.00	0.00	1.75	0.00	0.00	0.00	0.94
31.00	6.90	6.30	0.00	0.19	0.13	0.34	0.00	0.78	0.00	0.00	1.71	0.04	1.01	1.51	0.00	0.00	0.54	0.06
32.00	6.90	6.30	1.84	0.32	1.58	0.33	0.00	0.00	0.01	0.00	1.22	0.99	2.25	0.89	0.00	0.00	1.07	1.07
33.00	6.90	6.30	0.00	0.57	0.04	0.53	0.00	2.20	0.00	0.00	0.00	0.88	0.00	2.97	0.00	0.00	0.79	0.60
34.00	6.89	6.30	0.99	0.24	0.66	0.06	0.00	0.00	0.00	0.00	1.26	0.00	0.89	0.00	0.09	0.00	0.89	0.53
35.00	6.90	6.30	0.00	0.38	1.87	0.62	0.00	2.30	0.00	0.00	3.31	0.00	0.31	1.97	0.14	0.00	0.84	0.60
36.00	6.90	6.30	0.00	0.06	0.53	0.06	0.00	0.00	0.00	0.00	0.00	0.02	0.00	0.78	0.00	0.00	0.80	0.59
37.00	6.90	6.30	0.00	0.12	0.00	1.07	0.00	0.25	0.00	0.00	0.00	0.00	0.00	1.88	0.00	0.00	0.00	0.00
38.00	6.90	6.30	0.00	0.00	0.99	0.00	0.00	0.00	0.00	0.00	0.00	1.84	0.00	1.30	0.00	0.00	1.00	0.00
39.00	6.90	6.30	0.00	2.14	0.00	2.23	0.00	1.46	0.00	0.00	0.00	2.27	0.00	0.00	0.00	0.00	0.94	0.00
40.00	6.90	6.30	0.00	0.72	1.38	0.20	0.00	0.00	0.00	0.00	0.00	0.24	0.00	0.00	0.05	0.00	0.00	0.49
41.00	6.90	6.30	0.00	0.00	0.88	0.00	0.00	2.12	0.00	0.00	0.00	0.00	0.00	1.57	0.11	0.00	0.00	0.00
42.00	6.90	6.30	2.86	0.00	0.00	0.00	0.00	0.00	0.00	0.00	0.00	0.72	0.00	0.00	0.00	0.00	0.67	0.42
43.00	6.90	6.30	0.00	0.49	0.00	0.00	0.00	1.81	0.00	0.00	0.00	0.00	0.00	0.00	0.00	0.00	0.00	0.68
44.00	6.90	6.30	0.00	1.54	1.13	0.00	0.00	2.74	0.00	0.00	1.77	0.00	0.00	2.89	0.11	0.00	0.67	0.60
45.00	6.90	6.30	0.05	2.32	0.69	0.57	0.00	1.70	0.00	0.00	0.00	0.49	0.00	0.00	0.00	0.00	0.40	0.48
46.00	6.90	6.30	0.00	1.99	0.00	0.15	0.00	0.00	0.00	0.00	0.49	0.78	1.95	1.79	0.00	0.00	0.68	0.38
47.00	6.90	6.30	0.00	2.96	2.48	1.18	0.00	0.07	0.00	0.00	0.00	0.42	2.59	0.00	0.19	0.00	0.89	0.60
48.00	6.90	6.30	0.00	0.00	2.84	0.00	0.00	0.00	0.00	0.00	0.49	1.19	1.44	0.00	0.41	0.00	0.91	0.60
49.00	6.90	6.30	0.99	1.51	0.40	0.00	0.00	0.00	0.00	0.00	1.48	1.25	0.00	1.63	0.09	0.00	0.89	0.60
50.00	6.89	6.30	0.00	0.52	0.27	0.00	0.00	0.00	0.00	0.00	0.00	0.00	0.00	2.30	0.00	0.00	0.35	0.47
51.00	6.90	6.30	0.00	0.12	0.71	0.00	0.00	0.09	0.00	0.00	0.00	0.00	2.91	0.00	0.00	0.00	0.28	0.13
52.00	6.90	6.30	0.00	0.61	1.20	0.59	0.00	2.27	0.00	0.00	0.00	1.31	0.00	0.00	0.02	0.00	0.75	0.72
53.00	6.90	6.30	0.00	0.26	0.00	0.05	0.00	0.49	0.00	0.00	0.00	1.34	0.00	1.77	0.00	0.00	0.82	0.18
54.00	6.90	6.30	0.99	0.99	0.02	4.96	0.00	0.00	0.00	0.00	1.25	0.00	0.00	1.28	0.00	0.00	0.89	0.60
55.00	6.90	6.30	0.00	0.35	1.55	0.00	0.00	2.59	0.00	0.00	2.48	1.10	0.00	0.00	0.22	0.00	0.84	0.49
56.00	6.90	6.30	0.38	1.33	0.00	0.00	0.00	0.61	0.00	0.00	0.00	0.78	0.00	1.46	0.00	0.00	0.91	0.46
57.00	6.90	6.30	0.54	0.00	0.87	0.00	0.00	0.69	0.00	0.00	0.00	0.00	0.39	0.00	0.31	0.00	0.57	0.55
58.00	6.90	6.30	0.26	0.00	0.00	0.00	0.00	1.25	0.00	0.00	0.00	0.00	1.47	0.00	0.00	0.00	0.89	0.53
59.00	6.90	6.30	0.35	0.02	0.00	0.00	0.00	1.26	0.00	0.00	0.00	0.00	1.32	1.87	0.00	0.00	0.35	0.00
60.00	6.90	6.30	0.00	0.29	0.00	0.22	0.00	0.57	0.00	0.00	0.00	0.00	0.73	0.32	0.00	0.00	0.00	0.00
61.00	6.90	6.30	0.00	0.00	0.45	0.00	0.00	0.00	0.00	0.00	0.00	0.00	0.00	2.38	0.00	0.00	0.00	0.09
62.00	6.90	6.30	0.00	0.00	0.01	0.00	0.00	0.00	0.00	0.00	0.00	0.49	0.00	0.59	0.00	0.00	0.00	0.01
63.00	6.90	6.30	0.00	1.02	1.26	0.00	0.00	0.25	0.00	0.00	0.49	0.00	0.00	0.00	0.22	0.00	0.00	0.02
64.00	6.90	6.30	0.00	0.93	0.99	0.04	0.00	1.26	0.00	0.00	0.99	0.61	1.67	0.00	0.00	0.00	0.13	0.00
65.00	6.90	6.30	0.92	0.00	0.00	0.00	0.00	1.58	0.00	0.00	0.57	0.84	2.04	1.48	0.00	0.00	0.24	0.00
66.00	6.89	6.30	0.78	1.02	0.00	0.00	0.00	0.97	0.49	0.00	1.93	0.00	0.00	0.00	0.00	0.00	0.74	0.29
67.00	6.90	6.30	0.00	0.07	0.49	0.00	0.00	0.25	0.00	0.00	0.33	0.15	0.00	1.33	0.00	0.00	1.18	0.00
68.00	6.90	6.30	1.25	1.22	0.00	0.12	0.00	0.75	0.00	0.00	1.39	0.00	0.00	2.50	0.00	0.00	0.89	1.24
69.00	6.90	6.30	0.49	2.59	2.72	2.40	0.00	0.00	0.00	0.00	2.23	2.38	3.01	0.99	0.07	0.00	0.91	0.60
70.00	6.90	6.30	0.13	0.33	0.00	0.02	0.00	2.65	0.00	0.00	3.31	2.08	1.22	3.34	0.00	0.00	0.89	0.60
71.00	6.90	6.30	0.00	0.00	1.41	1.24	0.00	0.16	0.00	0.00	0.00	0.00	0.00	0.99	0.24	0.00	0.86	0.59
72.00	6.90	6.30	0.00	0.00	0.00	1.01	0.00	0.26	0.00	0.00	2.13	0.35	0.00	0.00	0.00	0.00	0.57	0.39
73.00	6.90	6.30	0.00	0.89	0.00	0.09	0.00	1.17	0.00	0.00	0.99	0.41	1.25	0.49	0.00	0.00	0.12	0.45
74.00	6.90	6.30	0.00	0.00	0.47	1.90	0.00	2.45	0.00	0.00	0.00	0.26	0.00	0.00	0.00	0.00	0.92	0.00
75.00	6.90	6.29	0.00	0.00	0.92	0.05	0.00	1.87	0.00	0.00	0.00	0.00	0.00	0.49	0.00	0.00	0.87	0.02
76.00	6.90	6.30	0.00	0.01	0.24	0.08	0.00	2.79	0.00	0.00	0.00	0.84	1.50	3.06	0.00	0.00	0.11	0.57
77.00	6.90	6.30	0.38	2.04	0.31	0.00	0.00	0.89	0.00	0.00	0.00	0.99	1.25	0.00	0.00	0.00	0.35	0.39
78.00	6.90	6.30	0.99	0.15	0.41	0.19	0.00	1.57	0.00	0.00	0.49	0.00	0.00	1.19	0.15	0.00	0.48	0.14
79.00	6.90	6.30	0.00	0.14	0.00	1.68	0.00	1.41	0.00	0.00	2.57	0.99	0.00	0.00	0.00	0.00	0.52	0.61
80.00	6.90	6.30	0.49	0.53	0.75	0.61	0.00	1.35	0.00	0.00	0.99	0.66	0.00	3.73	0.19	0.00	0.89	0.60
81.00	6.90	6.30	0.00	3.03	0.49	0.00	0.00	1.66	0.00	0.00	0.49	0.16	0.00	1.59	0.00	0.00	0.49	0.47
82.00	6.89	6.30	1.18	1.78	0.00	0.09	0.00	0.19	0.00	0.00	0.00	0.00	0.49	1.86	0.00	0.00	0.53	0.48
83.00	6.90	6.30	2.80	1.67	0.00	0.00	0.00	2.19	0.00	0.00	0.49	0.34	2.06	0.75	0.00	0.00	0.58	0.16
84.00	6.90	6.30	0.00	0.00	0.89	0.16	0.00	2.89	0.00	0.00	2.72	2.39	2.56	3.63	0.07	0.00	0.52	0.54
85.00	6.90	6.30	0.07	0.00	0.61	0.24	0.00	0.00	0.00	0.00	1.57	0.01	2.21	2.97	0.38	0.00	0.08	0.02
86.00	6.90	6.30	1.33	0.99	0.00	0.46	0.00	1.42	0.00	0.00	0.00	0.49	0.08	3.06	0.00	0.00	0.02	1.12
87.00	6.90	6.30	0.00	0.60	0.00	0.16	0.00	1.20	0.00	0.00	0.00	0.00	0.00	2.27	0.00	0.00	0.85	0.45
88.00	6.90	6.30	0.00	0.62	0.00	0.00	0.00	1.34	0.00	0.00	0.00	0.00	0.00	1.94	0.00	0.00	0.66	0.40
89.00	6.90	6.30	0.00	1.27	0.46	0.12	0.00	0.49	0.00	0.00	1.34	1.01	0.99	0.02	0.00	0.00	0.53	0.60
90.00	6.90	6.30	2.52	0.45	0.00	0.28	0.00	1.26	0.00	0.00	0.00	0.00	2.37	0.88	0.00	0.00	1.00	0.11
91.00	6.90	6.30	0.00	0.00	0.00	0.00	0.00	0.79	0.00	0.00	0.00	0.99	0.00	1.22	0.00	0.00	0.82	0.14
92.00	6.90	6.30	0.49	0.49	0.99	0.00	0.00	1.48	0.00	0.00	1.98	0.00	0.00	0.99	0.00	0.00	0.11	0.15
93.00	6.90	6.30	0.00	0.05	0.00	0.31	0.00	0.00	0.00	0.00	1.22	0.00	2.00	0.00	0.00	0.00	0.37	0.14
94.00	6.90	6.30	0.00	0.05	0.47	0.00	0.00	0.00	0.00	0.00	0.49	0.00	0.00	1.55	0.09	0.00	0.33	0.60
95.00	6.90	6.30	0.00	0.00	0.99	0.00	0.00	0.00	0.00	0.00	0.00	0.39	0.00	2.19	0.19	0.00	0.61	0.27
96.00	6.90	6.30	0.00	2.03	0.00	0.49	0.00	0.00	0.00	0.00	0.00	1.35	0.49	2.38	0.00	0.00	0.73	0.00
97.00	6.90	6.30	0.00	0.49	0.99	0.06	0.00	0.00	0.00	0.00	0.00	0.49	0.00	0.00	0.09	0.00	0.01	0.00
98.00	6.89	6.30	0.00	0.00	0.22	0.00	0.00	1.34	0.00	0.00	1.35	1.17	1.94	1.52	0.00	0.00	0.02	0.00
99.00	6.90	6.30	0.00	0.00	1.73	0.99	0.00	0.19	0.00	0.00	0.00	1.39	2.46	2.23	0.08	0.00	0.58	0.19
100.00	6.90	6.30	0.00	0.00	0.00	0.26	0.00	0.60	0.00	0.00	0.99	0.84	1.57	2.16	0.00	0.00	0.00	0.35
101.00	6.90	6.30	0.00	0.00	0.00	0.64	0.00	0.60	0.00	0.00	0.00	0.00	0.00	0.65	0.00	0.00	1.22	0.72
102.00	6.90	6.30	0.00	2.25	0.25	0.49	0.00	0.07	0.00	0.00	0.99	0.01	1.98	0.00	0.00	0.00	0.18	0.14
103.00	6.90	6.30	0.00	1.48	0.78	1.75	0.00	0.81	0.00	0.00	0.95	0.35	0.00	1.24	0.00	0.00	0.07	0.14
104.00	6.90	6.30	0.00	0.07	0.49	1.27	0.00	0.75	0.00	0.00	0.00	0.00	0.00	0.49	0.00	0.00	0.71	1.02
105.00	6.90	6.30	0.00	1.31	0.00	0.00	0.00	1.19	0.00	0.00	0.00	1.67	0.00	1.34	0.00	0.00	0.54	0.07
106.00	6.90	6.30	0.00	0.26	0.00	0.09	0.00	1.85	0.00	0.00	0.00	0.00	0.07	0.00	0.00	0.00	0.00	0.19
107.00	6.90	6.30	0.22	0.94	0.00	1.95	0.00	0.49	0.00	0.00	0.00	1.26	1.01	0.00	0.00	0.00	0.97	0.33
108.00	6.90	6.30	0.00	0.38	0.93	0.69	0.00	1.74	0.00	0.00	3.58	2.56	2.31	3.06	0.00	0.00	0.91	0.60
109.00	6.90	6.30	0.06	2.05	1.95	1.77	0.00	3.18	0.00	0.00	1.72	1.65	0.11	2.36	0.00	0.00	0.88	0.58
110.00	6.90	6.30	1.37	0.00	2.89	0.29	0.00	2.86	0.54	0.00	0.00	0.00	1.37	0.53	0.00	0.00	0.91	0.54
111.00	6.90	6.30	0.07	0.81	0.49	1.40	0.00	0.55	0.00	0.00	0.99	0.12	2.38	1.65	0.00	0.00	0.91	0.31
112.00	6.90	6.30	0.16	0.00	0.00	0.67	0.00	2.31	0.00	0.00	0.00	0.49	0.84	0.34	0.00	0.00	0.89	0.39
113.00	6.90	6.30	0.00	0.09	0.19	0.49	0.00	0.49	0.00	0.00	1.30	1.48	0.00	0.99	0.00	0.00	0.55	0.60
114.00	6.89	6.30	0.00	0.00	0.00	0.00	0.00	1.74	0.00	0.00	0.00	1.53	0.00	0.00	0.00	0.00	0.77	0.33
115.00	6.90	6.30	0.99	0.01	1.04	0.99	0.00	1.68	0.00	0.00	2.23	0.00	1.11	4.56	0.05	0.00	0.51	0.25
116.00	6.90	6.30	0.00	0.99	0.00	0.12	0.00	0.49	0.00	0.00	0.00	0.00	0.00	0.95	0.00	0.00	0.61	0.32
117.00	6.90	6.30	0.00	0.00	0.00	0.00	0.00	1.80	0.00	0.00	0.00	1.42	0.00	1.75	0.00	0.00	0.91	0.66
118.00	6.90	6.30	1.45	0.34	1.25	0.15	0.00	2.60	0.00	0.00	0.00	0.00	0.00	1.22	0.19	0.00	0.89	0.61
119.00	6.90	6.30	1.74	0.19	1.06	0.00	0.00	1.01	0.00	0.00	0.49	0.59	0.00	0.00	0.05	0.00	0.32	0.21
10.2.1.2	7.03	8.10
10.2.1.3	6.42	8.24
10.1.1.3	0.35	503434.83
10.1.1.4	0.61	306025.53
10.1.1.5	0.66	344529.95
10.1.1.6	0.39	428009.35
10.1.1.7	0	0
10.1.1.8	1.04	293524.05
10.1.1.9	0.02	812934.70
10.1.1.10	0	0
10.1.1.11	0.62	718963.31
10.1.1.12	0.49	425820.17
10.1.1.13	0.62	533204.08
10.1.1.14	1.24	366746.83
10.1.1.15	0.05	872497.34
10.1.1.16	0.01	120310.17
10.1.1.17	0.61	134852.46
10.1.1.18	0.40	182444.48
