Waf: Entering directory `/home/synrg-sc1/Desktop/Jiaming/ns-3.29-mesh/build'
Waf: Leaving directory `/home/synrg-sc1/Desktop/Jiaming/ns-3.29-mesh/build'
Build commands will be stored in build/compile_commands.json
'build' finished successfully (5.080s)
CreateVariables () DONE !!!
Creating 18 APs 50.00 m apart.
CreateApNodes () DONE !!!
Creating 0 CLs 20.00 m away from each AP.
CreateClNodes () DONE !!!
CreateNodes () DONE !!!
CreateMeshDevices () DONE !!!
CreateWifiDevices () DONE !!!
CreateCsmaDevices () DONE !!!
CreateDevices () DONE !!!
InstallInternetStack () DONE !!!
Gateway is connect to AP 0
InstallApplications () DONE !!!
Starting simulation for 120.00 s ...
-------------------------------------------------
Time[s]	ap-0	ap-1	ap-2	ap-3	ap-4	ap-5	ap-6	ap-7	ap-8	ap-9	ap-10	ap-11	ap-12	ap-13	ap-14	ap-15	ap-16	ap-17
2.00	7.77	7.47	0.00	0.00	0.00	0.00	0.00	0.33	0.00	0.12	0.19	2.00	0.00	0.00	0.24	0.00	0.00	0.00
3.00	7.80	7.50	0.00	0.00	0.00	0.00	0.00	0.07	0.00	0.12	0.24	2.00	0.00	0.00	0.31	0.00	0.00	0.00
4.00	7.81	7.50	0.00	0.00	0.00	0.00	0.00	0.00	0.00	0.00	0.00	2.58	0.00	0.00	0.54	0.00	0.00	0.33
5.00	7.80	7.50	0.54	0.00	0.00	0.00	0.00	0.00	0.08	0.08	0.33	1.18	0.00	0.00	0.27	0.00	0.00	0.34
6.00	7.80	7.50	0.27	0.00	0.00	0.42	0.00	0.00	0.00	0.00	0.25	1.46	0.00	0.00	0.42	0.00	0.00	0.42
7.00	7.81	7.50	0.16	0.00	0.00	0.12	0.00	0.00	0.00	0.00	0.00	1.26	0.00	0.00	0.62	0.00	0.00	0.16
8.00	7.80	7.50	0.09	0.00	0.92	0.00	0.00	0.00	0.27	0.00	0.00	2.25	0.00	0.12	0.19	0.00	0.21	0.09
9.00	7.80	7.50	0.00	0.00	1.32	0.00	0.00	0.06	0.00	0.00	0.00	0.00	0.00	0.39	2.20	0.00	0.41	0.22
10.00	7.81	7.49	0.00	0.00	1.30	0.00	0.00	0.05	0.42	0.27	0.00	0.07	0.00	0.31	0.01	0.00	0.32	0.25
11.00	7.80	7.50	0.00	0.00	1.53	0.00	0.00	0.40	0.00	0.40	0.00	0.00	0.00	0.39	0.42	0.00	0.01	0.24
12.00	7.81	7.50	0.05	0.00	1.41	0.00	0.00	0.14	0.21	0.28	0.00	0.00	0.00	0.06	0.00	0.00	0.00	0.29
13.00	7.80	7.50	0.02	0.00	1.20	0.00	0.00	0.12	0.05	0.02	0.00	0.00	0.00	0.00	0.00	0.00	0.00	0.24
14.00	7.80	7.50	0.00	0.00	0.71	0.00	0.00	0.05	0.67	0.00	0.00	1.32	0.00	0.00	0.00	0.00	0.42	0.16
15.00	7.81	7.50	0.00	0.00	1.91	0.00	0.00	0.06	0.32	0.00	0.19	0.73	0.00	0.41	0.00	0.00	0.09	0.00
16.00	7.80	7.50	0.00	0.00	2.57	0.00	0.00	0.01	0.24	0.15	0.00	0.49	0.00	0.14	0.95	0.00	0.00	0.52
17.00	7.80	7.50	1.28	0.00	1.85	0.00	0.00	0.21	0.24	0.33	0.00	0.77	0.00	0.21	1.00	0.00	0.00	0.64
18.00	7.81	7.50	0.00	0.00	1.98	0.00	0.00	0.31	0.09	0.00	0.02	0.00	0.00	0.21	2.17	0.00	0.54	0.28
19.00	7.80	7.49	2.33	0.05	1.22	0.00	0.00	0.05	0.00	0.05	0.26	0.00	0.00	0.05	1.38	0.00	0.45	0.35
20.00	7.80	7.50	0.00	0.00	1.84	0.00	0.00	0.08	0.00	0.20	0.00	0.00	0.00	0.53	0.07	0.00	0.09	0.35
21.00	7.81	7.50	0.00	0.00	0.52	0.00	0.00	0.42	0.20	0.46	0.07	2.19	0.00	0.74	0.49	0.00	0.40	0.00
22.00	7.80	7.50	2.53	0.00	2.99	0.00	0.00	0.11	0.12	0.12	0.33	0.00	0.00	0.18	1.42	0.00	0.28	0.54
23.00	7.81	7.50	0.00	0.00	0.99	0.00	0.00	0.00	0.28	0.00	0.26	0.00	0.00	0.64	0.33	0.00	0.82	0.14
24.00	7.80	7.50	0.00	0.00	0.57	0.46	0.00	0.00	0.02	0.28	0.19	0.88	0.00	0.71	0.02	0.00	0.38	0.48
25.00	7.80	7.50	1.00	0.00	2.17	0.52	0.00	0.00	0.00	0.31	0.00	0.07	0.00	0.18	0.34	0.00	0.00	0.40
26.00	7.81	7.50	3.20	0.00	0.99	0.95	0.00	1.88	0.20	0.35	0.04	2.64	0.66	0.02	0.16	0.00	0.38	0.59
27.00	7.80	7.50	0.33	0.00	0.26	1.64	0.00	0.00	0.00	0.26	0.40	0.51	0.00	0.24	0.00	0.00	0.38	0.35
28.00	7.80	7.49	0.00	0.00	2.36	2.32	0.00	0.00	0.54	0.00	0.09	2.18	0.00	0.22	0.00	0.00	0.40	0.84
29.00	7.81	7.50	0.00	0.01	4.20	0.00	0.00	0.14	0.09	0.25	0.15	0.58	0.00	0.18	0.00	0.00	0.44	0.25
30.00	7.80	7.50	0.00	0.00	6.61	0.00	0.00	0.00	0.09	0.14	0.28	0.94	0.00	0.35	1.34	0.00	0.38	0.28
31.00	7.80	7.50	2.24	0.00	0.00	0.09	0.00	0.00	0.00	0.14	0.05	0.99	0.00	0.00	0.18	0.00	0.54	0.26
32.00	7.81	7.50	0.00	0.00	3.09	0.57	0.00	1.57	0.31	0.31	0.00	0.79	0.00	0.00	1.04	0.00	0.41	0.38
33.00	7.80	7.50	0.21	0.02	0.21	0.74	0.00	1.00	0.00	0.11	0.00	0.87	0.01	0.16	0.35	0.00	0.40	0.14
34.00	7.81	7.50	0.00	0.00	0.49	1.98	0.00	0.92	0.00	0.42	0.00	0.00	0.00	0.16	0.00	0.00	0.68	0.00
35.00	7.80	7.50	0.00	0.00	0.00	0.00	0.00	0.89	0.00	0.60	0.57	0.33	0.02	0.00	0.01	0.00	0.35	0.00
36.00	7.80	7.50	0.00	0.00	1.52	0.00	0.00	0.01	0.00	0.07	0.57	3.50	0.00	0.09	0.00	0.00	0.68	0.00
37.00	7.81	7.49	0.00	0.00	2.92	0.00	0.00	0.00	0.00	0.09	0.18	0.19	0.00	0.34	0.13	0.00	0.28	0.06
38.00	7.80	7.50	0.00	0.00	1.42	0.00	0.00	0.97	0.16	0.42	0.09	2.27	0.02	0.79	2.32	0.00	0.24	0.07
39.00	7.80	7.50	0.00	0.01	0.00	0.00	0.00	0.00	0.16	0.49	0.31	1.22	0.00	0.66	0.14	0.00	0.37	0.24
40.00	7.81	7.50	0.00	0.00	3.37	0.00	0.00	1.15	0.00	0.04	0.13	0.40	0.00	0.78	1.54	0.00	0.66	0.47
41.00	7.80	7.50	0.20	0.00	1.91	0.00	0.00	2.30	0.00	0.24	0.61	1.26	0.00	0.47	0.53	0.00	0.80	0.13
42.00	7.80	7.50	2.27	0.01	0.00	0.00	0.00	0.14	0.00	0.26	0.45	0.00	0.00	0.00	1.21	0.00	0.52	0.53
43.00	7.81	7.50	1.28	0.00	1.77	2.52	0.00	0.00	0.11	0.33	0.07	1.31	0.00	0.69	0.00	0.00	0.00	0.69
44.00	7.80	7.50	0.04	0.00	1.99	0.04	0.00	0.00	0.47	0.38	0.26	0.02	0.00	0.37	0.00	0.00	0.51	0.00
45.00	7.81	7.50	0.00	0.00	0.00	0.00	0.00	0.00	0.00	0.09	0.05	0.51	0.00	0.35	0.25	0.00	0.29	0.42
46.00	7.80	7.49	0.08	0.00	1.52	0.00	0.00	0.08	0.14	0.00	0.26	1.25	0.00	0.57	0.06	0.00	0.55	0.44
47.00	7.80	7.50	0.87	0.00	2.28	0.00	0.00	0.00	0.60	0.19	0.21	0.15	0.00	0.19	0.00	0.00	0.14	0.00
48.00	7.81	7.50	1.74	0.02	1.77	0.00	0.00	0.00	1.13	0.61	0.07	0.01	0.00	0.18	2.98	0.00	0.46	0.00
49.00	7.80	7.50	0.00	0.01	5.19	0.49	0.00	0.00	0.05	0.16	0.04	0.11	0.00	0.93	0.74	0.00	0.60	0.00
50.00	7.80	7.50	0.00	0.00	0.35	0.24	0.00	0.00	0.40	0.02	0.12	1.38	0.00	0.81	0.81	0.00	0.00	0.00
51.00	7.81	7.50	0.27	0.28	0.00	0.00	0.00	0.18	0.31	0.28	0.14	0.98	0.00	0.84	0.68	0.00	1.66	0.00
52.00	7.80	7.50	0.41	0.14	0.00	1.98	0.00	0.32	0.00	0.00	0.01	1.66	0.00	0.09	0.69	0.00	0.89	1.06
53.00	7.80	7.50	1.46	0.00	1.80	0.06	0.00	0.00	0.19	0.54	0.64	0.06	0.00	0.25	0.00	0.00	0.62	0.78
54.00	7.81	7.50	0.49	0.00	1.71	0.02	0.00	0.27	0.35	0.38	0.09	0.47	0.00	0.05	0.73	0.00	0.00	0.47
55.00	7.80	7.49	0.00	0.00	1.47	1.55	0.00	1.51	0.16	0.57	0.05	0.16	0.00	0.86	1.01	0.00	1.25	0.47
56.00	7.81	7.50	0.00	0.00	0.49	0.00	0.00	0.28	0.78	0.01	0.87	1.87	0.00	0.60	1.19	0.00	1.63	0.12
57.00	7.80	7.50	1.81	0.00	0.00	0.00	0.00	0.00	0.28	0.14	0.64	2.30	0.00	0.97	0.00	0.00	0.00	0.00
58.00	7.80	7.50	0.00	0.00	0.49	0.00	0.00	0.00	0.65	0.00	0.28	0.47	0.00	0.09	0.00	0.00	0.00	0.75
59.00	7.81	7.50	1.21	0.00	0.49	2.06	0.00	0.21	0.57	0.00	0.16	1.97	0.00	0.00	2.00	0.00	0.00	0.45
60.00	7.80	7.50	1.33	0.00	1.86	0.00	0.00	0.89	0.89	0.13	0.35	0.00	0.00	0.00	1.40	0.00	1.35	0.02
61.00	7.80	7.50	0.27	0.00	0.99	0.02	0.00	0.09	0.20	0.14	0.00	0.51	0.00	0.00	0.18	0.00	0.49	1.06
62.00	7.81	7.50	0.00	0.05	2.37	0.00	0.00	0.06	0.00	0.19	0.18	0.09	0.00	0.01	0.28	0.00	0.29	0.94
63.00	7.80	7.50	1.33	0.00	0.32	2.14	0.00	0.00	0.00	0.61	0.82	0.49	0.00	0.00	1.85	0.00	0.02	0.38
64.00	7.80	7.49	0.00	0.00	0.49	0.00	0.00	0.92	0.00	0.04	0.58	0.00	0.62	0.00	3.01	0.00	2.37	0.66
65.00	7.81	7.50	0.00	0.00	1.87	1.53	0.00	0.01	0.00	0.00	1.13	1.28	0.00	0.00	0.00	0.00	0.89	0.59
66.00	7.80	7.50	0.12	0.00	0.00	0.00	0.00	0.00	0.27	0.00	0.59	0.95	0.00	0.14	0.81	0.00	0.99	1.24
67.00	7.81	7.50	0.00	0.06	3.31	0.62	0.00	2.14	0.18	0.00	0.47	3.30	0.00	0.67	0.14	0.00	0.62	0.06
68.00	7.80	7.50	1.90	0.00	1.73	0.47	0.00	0.00	0.82	0.34	0.15	0.24	0.00	0.21	0.00	0.00	0.04	0.31
69.00	7.80	7.50	0.72	0.26	2.64	0.00	0.00	0.00	0.55	0.54	0.52	0.41	0.00	0.00	0.00	0.00	0.91	0.02
70.00	7.81	7.50	2.53	0.00	1.47	1.22	0.00	3.12	0.31	0.31	0.07	0.73	0.00	0.00	2.48	0.00	0.04	0.08
71.00	7.80	7.50	0.00	0.02	1.86	1.22	0.00	0.88	0.42	0.71	0.67	1.30	0.00	0.00	1.14	0.00	0.29	0.00
72.00	7.80	7.50	0.00	0.00	3.78	1.97	0.00	0.00	1.08	0.42	0.95	1.25	0.00	0.00	0.12	0.00	1.24	0.00
73.00	7.81	7.49	0.00	0.05	1.55	0.57	0.00	0.04	0.68	0.07	0.53	2.98	0.00	0.09	0.44	0.00	0.27	0.00
74.00	7.80	7.50	1.24	0.24	3.59	0.14	0.00	0.40	0.59	0.28	0.42	1.18	0.46	0.00	1.87	0.00	0.86	1.28
75.00	7.80	7.50	0.49	0.00	2.76	0.46	0.00	0.49	0.71	0.71	0.21	1.71	0.00	0.00	0.39	0.00	0.00	0.00
76.00	7.81	7.50	0.00	0.00	0.40	1.31	0.00	0.00	0.00	0.55	0.82	3.24	0.00	0.00	0.16	0.00	0.00	1.17
77.00	7.80	7.50	0.35	0.00	2.24	0.05	0.00	0.87	0.00	0.00	0.09	0.00	0.00	0.00	0.87	0.00	0.57	0.00
78.00	7.81	7.50	1.06	0.00	1.28	0.49	0.00	0.00	0.00	0.00	0.53	2.83	0.00	0.00	0.00	0.00	0.00	0.00
79.00	7.80	7.50	0.00	0.00	0.08	1.15	0.00	0.81	0.11	0.04	0.09	0.00	0.75	0.09	0.00	0.00	0.02	0.00
80.00	7.80	7.50	0.00	0.11	1.71	0.49	0.00	1.28	0.12	0.24	0.19	1.28	0.00	1.08	0.00	0.00	0.52	0.00
81.00	7.81	7.50	0.49	0.00	1.70	0.00	0.00	0.00	0.00	0.71	0.18	0.49	0.00	0.68	1.78	0.00	0.01	0.37
82.00	7.80	7.49	4.45	0.00	0.31	0.00	0.00	1.35	0.14	0.05	0.00	1.02	0.00	0.21	0.97	0.00	0.00	0.32
83.00	7.80	7.50	0.84	0.00	0.00	0.00	0.00	0.00	0.18	0.68	0.09	3.30	0.00	0.00	2.81	0.00	0.06	0.00
84.00	7.81	7.50	1.84	0.00	2.63	0.16	0.00	0.37	0.07	0.26	0.02	0.78	0.25	0.00	0.75	0.00	0.00	1.47
85.00	7.80	7.50	0.85	0.00	0.00	2.47	0.00	0.99	0.21	0.64	0.00	0.15	0.53	0.00	0.22	0.01	0.02	0.00
86.00	7.80	7.50	0.14	0.00	2.23	0.00	0.00	0.00	0.64	0.85	0.38	1.65	0.00	0.00	0.49	0.02	0.69	0.80
87.00	7.81	7.50	0.00	0.00	1.78	0.47	0.00	0.49	0.57	0.59	0.16	0.49	0.00	1.06	0.00	0.00	0.14	0.01
88.00	7.80	7.50	0.00	0.05	0.49	0.12	0.00	0.01	0.09	0.02	0.33	0.74	0.00	0.38	1.20	0.04	1.44	1.64
89.00	7.81	7.50	0.00	0.09	0.00	0.07	0.00	0.00	0.05	0.28	0.21	1.08	0.00	0.55	0.02	0.00	0.41	0.00
90.00	7.80	7.50	0.99	0.00	0.19	0.00	0.00	0.42	0.00	0.38	0.24	0.12	0.98	0.42	0.82	0.00	0.54	0.00
91.00	7.80	7.49	1.35	0.00	0.87	0.00	0.00	0.00	0.31	0.28	0.00	0.49	0.00	0.92	1.40	0.00	0.12	0.00
92.00	7.81	7.50	1.48	0.11	0.94	1.00	0.00	1.24	0.75	0.00	0.05	1.84	0.00	0.75	2.11	0.00	1.78	0.39
93.00	7.80	7.50	0.49	0.00	0.00	0.49	0.00	0.00	0.55	0.00	0.00	1.37	0.00	0.53	0.01	0.00	0.39	0.24
94.00	7.80	7.50	0.00	0.00	2.90	0.42	0.00	0.00	0.47	0.21	0.35	0.84	0.00	0.49	0.00	0.00	0.02	0.00
95.00	7.81	7.50	4.11	0.00	2.43	1.58	0.00	0.00	0.00	1.42	0.02	0.67	0.00	0.00	0.26	0.00	0.01	1.50
96.00	7.80	7.50	0.00	0.00	0.99	1.86	0.00	0.00	0.06	0.54	0.39	1.05	0.00	0.59	1.60	0.00	0.00	0.00
97.00	7.80	7.50	1.63	0.00	1.72	0.00	0.00	0.00	0.57	0.47	0.28	3.16	0.00	0.99	0.35	0.00	0.02	0.04
98.00	7.81	7.50	0.58	0.33	1.22	1.87	0.00	0.27	0.02	0.00	0.46	0.00	0.00	0.92	0.11	0.00	1.25	1.20
99.00	7.80	7.50	0.49	0.35	3.11	1.37	0.00	1.50	0.71	0.00	0.72	2.28	0.26	0.72	0.16	0.00	1.51	0.13
100.00	7.81	7.49	0.00	0.01	1.63	2.00	0.00	0.37	0.86	0.25	0.61	0.00	0.00	0.00	2.13	0.00	0.33	0.15
101.00	7.80	7.50	0.01	0.00	0.00	0.01	0.00	0.00	0.40	0.09	0.78	0.44	0.00	0.45	0.00	0.00	1.06	1.01
102.00	7.80	7.50	0.00	0.00	0.00	0.00	0.00	0.00	0.42	0.35	0.00	1.14	0.00	0.92	0.49	0.00	0.47	0.45
103.00	7.81	7.50	0.00	0.00	0.00	0.99	0.00	0.99	0.19	0.09	0.41	1.33	0.00	0.38	0.40	0.00	1.91	0.65
104.00	7.80	7.50	0.61	0.00	0.00	1.70	0.00	0.00	0.45	0.80	0.20	2.14	0.00	0.09	0.00	0.00	0.55	0.26
105.00	7.80	7.50	0.16	0.00	0.00	1.79	0.00	0.55	0.19	0.19	0.14	1.30	0.00	0.00	0.00	0.00	0.62	1.21
106.00	7.81	7.50	2.07	0.05	3.40	0.94	0.00	0.71	0.12	0.05	0.52	1.91	0.00	0.00	2.70	0.00	1.31	0.06
107.00	7.80	7.50	0.25	0.02	4.36	0.00	0.00	0.00	0.92	0.00	0.77	0.00	0.00	0.00	0.01	0.00	0.89	0.21
108.00	7.80	7.50	0.91	0.00	2.58	0.41	0.00	0.00	0.40	0.00	0.49	2.76	0.00	0.00	0.00	0.00	0.00	0.00
109.00	7.81	7.49	1.40	0.00	2.17	0.00	0.00	1.75	0.64	0.49	0.00	0.99	0.00	0.51	0.34	0.00	0.00	0.53
110.00	7.80	7.50	0.00	0.04	0.00	0.00	0.00	0.00	0.14	0.00	0.00	0.00	0.00	0.24	0.89	0.00	0.07	0.66
111.00	7.81	7.50	1.01	0.12	4.46	0.00	0.00	1.93	0.05	0.00	0.00	0.00	0.05	1.12	1.01	0.00	2.45	0.11
112.00	7.80	7.50	0.38	0.00	1.95	1.41	0.00	2.24	0.24	0.42	0.06	0.05	0.00	0.00	0.14	0.00	1.92	0.00
113.00	7.80	7.50	1.34	0.25	0.00	0.00	0.00	0.00	0.00	0.07	0.24	0.46	0.00	0.00	1.58	0.00	1.97	0.00
114.00	7.81	7.50	0.65	0.00	4.03	0.00	0.00	0.00	0.15	0.47	0.38	1.26	0.00	0.00	1.58	0.00	0.41	0.09
115.00	7.80	7.50	0.00	0.00	0.00	0.00	0.00	0.00	0.26	0.46	0.59	1.44	0.00	0.00	0.13	0.00	0.14	0.28
116.00	7.80	7.50	0.00	0.00	0.00	0.35	0.00	0.00	0.57	0.67	0.45	0.00	0.00	0.14	0.99	0.00	2.76	0.57
117.00	7.81	7.50	0.99	0.00	2.57	0.34	0.00	0.00	0.26	0.80	0.12	0.89	0.00	0.71	0.78	0.00	0.62	0.18
118.00	7.80	7.49	2.92	0.00	1.94	0.21	0.00	0.00	0.40	0.11	0.45	2.46	0.00	1.11	0.31	0.00	0.06	1.34
119.00	7.80	7.50	0.01	0.00	1.37	0.66	0.00	0.00	0.12	0.21	0.38	0.00	0.00	0.57	0.01	0.00	1.20	0.84
10.2.1.2	7.95	8.12
10.2.1.3	7.64	8.13
10.1.1.3	0.62	308800.24
10.1.1.4	0.03	1071128.43
10.1.1.5	1.53	452665.50
10.1.1.6	0.49	446316.75
10.1.1.7	0	0
10.1.1.8	0.39	502290.95
10.1.1.9	0.27	643597.34
10.1.1.10	0.25	764244.39
10.1.1.11	0.26	616718.08
10.1.1.12	1.02	273715.10
10.1.1.13	0.06	824638.15
10.1.1.14	0.32	797402.27
10.1.1.15	0.67	321081.26
10.1.1.16	0.02	505894.67
10.1.1.17	0.55	364014.29
10.1.1.18	0.36	441268.42
