Waf: Entering directory `/home/synrg/Desktop/Jiaming/sp2019-ns3-mesh/build'
Waf: Leaving directory `/home/synrg/Desktop/Jiaming/sp2019-ns3-mesh/build'
Build commands will be stored in build/compile_commands.json
'build' finished successfully (4.688s)
CreateVariables () DONE !!!
Creating 16 APs 50.00 m apart.
CreateApNodes () DONE !!!
Creating 0 CLs 20.00 m away from each AP.
CreateClNodes () DONE !!!
CreateNodes () DONE !!!
CreateMeshDevices () DONE !!!
CreateWifiDevices () DONE !!!
CreateCsmaDevices () DONE !!!
CreateDevices () DONE !!!
InstallMeshInternetStack () DONE !!!
InstallWifiInternetStack () DONE !!!
InstallCsmaInternetStack () DONE !!!
InstallInternetStack () DONE !!!
Gateway is connect to AP 0
InstallApplications () DONE !!!
Starting simulation for 40.00 s ...
-------------------------------------------------
Time[s]	ap-0	ap-1	ap-2	ap-3	ap-4	ap-5	ap-6	ap-7	ap-8	ap-9	ap-10	ap-11	ap-12	ap-13	ap-14	ap-15
2.00	40.05	0.00	0.00	0.01	0.00	3.84	0.00	0.01	0.00	0.00	0.01	0.00	0.00	0.00	0.00	0.00
3.00	40.06	0.00	1.26	0.45	0.02	3.48	0.00	0.15	0.00	0.00	0.54	0.00	0.00	0.00	0.00	0.00
4.00	40.05	0.00	3.10	0.00	0.00	6.96	0.00	0.00	0.05	0.00	0.00	0.00	0.00	0.00	0.00	0.00
5.00	40.06	0.00	3.24	0.00	0.00	3.91	3.59	0.00	0.00	0.00	0.00	0.00	0.00	0.00	0.00	0.00
6.00	40.05	0.00	2.83	0.00	0.00	5.19	3.40	0.00	0.00	0.00	0.00	0.00	0.00	0.00	0.00	0.00
7.00	40.06	0.00	2.77	0.00	0.00	4.65	5.39	0.00	0.00	0.00	0.00	0.00	0.00	0.00	0.00	0.00
8.00	40.06	0.00	3.61	0.00	0.00	3.24	2.06	0.00	0.00	0.00	0.00	0.00	0.00	0.00	0.00	0.00
9.00	40.05	0.00	4.18	0.00	0.01	5.48	3.91	0.00	0.00	0.00	0.00	0.00	0.00	0.00	0.00	0.00
10.00	40.06	0.00	4.46	0.00	0.00	5.27	4.18	0.00	0.00	0.00	0.00	0.00	0.00	0.00	0.00	0.00
11.00	40.05	0.00	4.32	0.00	0.00	5.08	4.14	0.00	0.00	0.00	0.00	0.00	0.00	0.00	0.00	0.00
12.00	40.06	0.00	4.51	0.00	0.00	5.13	4.33	0.00	0.00	0.00	0.00	0.00	0.00	0.00	0.00	0.00
13.00	40.06	0.00	5.55	0.00	0.00	3.68	4.22	0.00	0.00	0.00	0.00	0.00	0.00	0.00	0.00	0.00
14.00	40.05	0.00	5.43	0.00	0.00	3.37	5.16	0.00	0.00	0.00	0.00	0.00	0.00	0.00	0.00	0.00
15.00	40.06	0.00	5.49	0.00	0.00	3.79	5.18	0.00	0.00	0.00	0.00	0.00	0.00	0.00	0.00	0.00
16.00	40.05	0.00	5.43	0.00	0.00	3.91	5.18	0.00	0.00	0.00	0.00	0.00	0.00	0.00	0.00	0.00
17.00	40.06	0.00	5.29	0.00	0.00	4.12	5.15	0.00	0.00	0.00	0.00	0.00	0.00	0.00	0.00	0.00
18.00	40.05	0.00	2.15	0.00	0.00	1.17	2.11	0.00	0.00	0.00	0.00	0.00	0.00	0.00	0.00	0.00
19.00	40.06	0.00	0.00	0.00	0.00	0.00	0.05	0.00	0.00	0.00	0.00	0.00	0.00	0.00	0.00	0.00
20.00	40.06	0.00	0.00	0.00	0.00	10.27	0.00	0.00	0.00	0.00	0.00	0.00	0.00	0.00	0.00	0.00
21.00	40.05	0.00	1.05	0.00	0.00	12.08	0.00	0.00	0.00	0.00	0.00	0.00	0.00	0.00	0.00	0.00
22.00	40.06	0.00	6.71	0.00	0.00	7.02	0.00	0.00	0.00	0.00	0.00	0.00	0.00	0.00	0.00	0.00
23.00	40.05	0.00	1.69	0.00	0.00	2.95	0.00	0.00	0.00	0.00	0.00	0.00	0.00	0.00	0.00	0.00
24.00	40.06	0.00	0.00	0.00	0.00	11.80	0.00	0.00	0.00	0.00	0.00	0.00	0.00	0.00	0.00	0.00
25.00	40.06	0.00	0.00	0.00	0.00	12.46	0.00	0.00	0.00	0.00	0.00	0.00	0.00	0.00	0.00	0.00
26.00	40.05	0.00	0.00	0.00	0.00	11.41	0.00	0.00	0.00	0.00	0.00	0.00	0.00	0.00	0.00	0.00
27.00	40.06	0.00	0.00	0.00	0.00	12.87	0.00	0.00	0.00	0.00	0.00	0.00	0.00	0.00	0.00	0.00
28.00	40.05	0.00	0.00	0.00	0.00	9.94	0.00	0.00	0.00	0.00	0.00	0.00	0.00	0.00	0.00	0.00
29.00	40.06	0.00	0.00	0.00	0.00	0.00	0.00	0.00	0.00	0.00	0.00	0.00	0.00	0.00	0.00	0.00
30.00	40.05	0.00	0.00	0.00	0.00	0.00	0.00	0.00	0.00	0.00	0.00	0.00	0.00	0.00	0.00	0.00
31.00	40.05	0.00	0.00	0.00	0.00	0.00	0.00	0.00	0.00	0.00	0.00	0.00	0.00	0.00	0.00	0.00
32.00	40.06	0.00	0.00	0.00	0.00	0.00	0.00	0.00	0.00	0.00	0.00	0.00	0.00	0.00	0.00	0.00
33.00	40.05	0.00	0.00	0.00	0.00	0.00	0.00	0.00	0.00	0.00	0.00	0.00	0.00	0.00	0.00	0.00
34.00	40.06	0.00	0.00	0.00	0.00	0.00	0.00	0.00	0.00	0.00	0.00	0.00	0.00	0.00	0.00	0.00
35.00	40.05	0.00	0.00	0.00	0.00	0.00	0.00	0.00	0.00	0.00	0.00	0.00	0.00	0.00	0.00	0.00
36.00	40.06	0.00	0.00	0.00	0.00	0.00	0.00	0.00	0.00	0.00	0.00	0.00	0.00	0.00	0.00	0.00
37.00	40.06	0.00	0.00	0.00	0.00	0.00	0.00	0.00	0.00	0.00	0.00	0.00	0.00	0.00	0.00	0.00
38.00	40.05	0.00	0.99	0.00	0.00	8.21	0.00	0.00	0.00	0.00	0.00	0.00	0.00	0.00	0.00	0.00
39.00	40.06	0.00	6.39	0.00	0.00	7.02	0.00	0.00	0.00	0.00	0.00	0.00	0.00	0.00	0.00	0.00
