Waf: Entering directory `/home/synrg/Desktop/Jiaming/sp2019-ns3-mesh/build'
Waf: Leaving directory `/home/synrg/Desktop/Jiaming/sp2019-ns3-mesh/build'
Build commands will be stored in build/compile_commands.json
'build' finished successfully (4.672s)
CreateVariables () DONE !!!
Creating 22 APs 50.00 m apart.
CreateApNodes () DONE !!!
Creating 0 CLs 20.00 m away from each AP.
CreateClNodes () DONE !!!
CreateNodes () DONE !!!
CreateMeshDevices () DONE !!!
CreateWifiDevices () DONE !!!
CreateCsmaDevices () DONE !!!
CreateDevices () DONE !!!
InstallMeshInternetStack () DONE !!!
InstallWifiInternetStack () DONE !!!
InstallCsmaInternetStack () DONE !!!
InstallInternetStack () DONE !!!
Gateway is connect to AP 0
InstallApplications () DONE !!!
Starting simulation for 40.00 s ...
-------------------------------------------------
Time[s]	ap-0	ap-1	ap-2	ap-3	ap-4	ap-5	ap-6	ap-7	ap-8	ap-9	ap-10	ap-11	ap-12	ap-13	ap-14	ap-15	ap-16	ap-17	ap-18	ap-19	ap-20	ap-21
2.00	35.27	32.42	0.00	0.00	0.00	0.00	0.57	0.00	0.00	0.00	0.00	0.00	0.00	0.00	0.00	0.00	0.00	0.00	0.00	0.00	0.00	0.00
3.00	35.29	32.42	0.00	0.04	0.00	0.00	0.94	0.00	0.00	0.00	0.00	0.00	0.00	0.00	0.00	0.00	0.00	0.00	0.00	0.00	0.00	0.00
4.00	35.29	32.42	0.00	1.70	0.00	0.00	3.41	0.00	0.00	0.00	0.00	0.00	0.00	0.00	0.00	0.00	0.00	0.00	0.00	0.00	0.00	0.00
5.00	35.29	32.42	0.01	3.28	0.17	0.00	2.92	0.00	0.00	0.00	0.00	0.00	0.00	0.01	0.00	0.00	0.00	0.00	0.00	0.00	0.00	0.00
6.00	35.29	32.43	0.24	4.34	1.23	0.00	5.62	0.00	0.00	0.00	0.00	0.00	0.00	0.00	0.00	0.00	0.00	0.00	0.00	0.00	0.00	0.00
7.00	35.29	32.42	1.01	5.35	1.39	0.00	5.13	0.00	0.00	0.00	0.00	0.00	0.00	0.00	0.00	0.00	0.00	0.00	0.00	0.00	0.00	0.00
8.00	35.29	32.42	2.02	5.81	0.00	0.00	5.43	0.00	0.00	0.00	0.00	0.00	0.00	0.00	0.00	0.00	0.00	0.00	0.00	0.00	0.00	0.00
9.00	35.29	32.42	2.67	0.61	0.00	0.00	3.77	0.00	0.00	0.00	0.00	0.00	0.00	0.00	0.00	0.00	0.00	0.00	0.00	0.00	0.00	0.00
10.00	35.29	32.43	6.02	0.00	0.00	0.00	6.25	0.00	0.00	0.00	0.00	0.00	0.00	0.00	0.00	0.00	0.00	0.00	0.00	0.00	0.00	0.00
11.00	35.29	32.43	0.58	0.01	3.13	0.00	0.84	0.00	0.00	0.00	0.00	0.00	0.00	0.00	0.00	0.00	0.00	0.00	0.00	0.00	0.00	0.00
12.00	35.29	32.42	0.53	0.14	4.87	0.00	5.22	0.00	0.00	0.00	0.00	0.00	0.00	0.00	0.00	0.00	0.01	0.00	0.00	0.00	0.00	0.00
13.00	35.29	32.42	1.32	0.80	3.41	1.86	3.41	0.00	0.00	0.00	0.00	0.00	0.00	0.00	0.00	0.00	0.00	0.00	0.00	0.00	0.00	0.00
14.00	35.29	32.43	0.97	0.66	2.97	3.31	2.48	0.00	0.00	0.00	0.00	0.00	0.00	0.00	0.00	0.00	0.00	0.00	0.00	0.00	0.00	0.00
15.00	35.29	32.42	0.61	0.43	8.13	2.16	0.28	0.00	0.00	0.00	0.00	0.00	0.00	0.00	0.00	0.00	0.00	0.00	0.00	0.00	0.00	0.00
16.00	35.29	32.42	4.17	4.07	3.43	0.00	0.00	0.00	0.00	0.00	0.00	0.00	0.00	0.00	0.00	0.00	0.00	0.00	0.00	0.00	0.00	0.00
17.00	35.29	32.42	3.87	3.66	0.00	0.00	0.00	0.00	0.00	0.00	0.00	0.00	3.97	0.00	0.00	0.00	0.00	0.00	0.00	0.00	0.00	0.00
18.00	35.29	32.42	4.09	3.82	0.00	0.00	0.00	0.00	0.00	0.00	0.00	0.00	3.78	0.00	0.00	0.00	0.00	0.00	0.00	0.00	0.00	0.00
19.00	35.29	32.43	3.55	3.40	1.54	0.00	0.00	0.00	0.03	0.00	0.00	0.00	3.47	0.00	0.00	0.00	0.00	0.00	0.00	0.00	0.00	0.00
20.00	35.29	32.42	4.29	4.55	3.17	0.00	0.00	0.00	0.06	0.00	0.00	0.00	1.49	0.00	0.00	0.00	0.00	0.00	0.00	0.00	0.00	0.00
21.00	35.29	32.42	5.39	1.86	4.93	0.00	0.00	0.00	0.00	0.00	0.00	0.00	0.00	0.00	0.00	0.00	0.00	0.00	0.00	0.00	0.00	0.00
22.00	35.29	32.42	4.80	1.21	1.54	0.00	0.00	0.00	0.53	0.00	0.00	0.00	2.97	0.00	0.00	0.00	0.00	0.00	0.00	0.00	0.00	0.00
23.00	35.29	32.43	2.83	1.47	2.19	0.00	0.00	0.00	0.38	0.00	0.00	0.00	1.54	0.00	0.00	0.00	0.00	0.04	0.00	0.00	0.00	0.00
24.00	35.29	32.42	3.54	2.89	2.49	0.00	0.00	0.00	1.05	0.00	0.00	0.00	2.23	0.00	0.00	0.00	0.00	0.27	0.00	0.00	0.00	0.00
25.00	35.29	32.42	5.18	4.07	0.00	0.00	0.18	0.00	2.11	0.00	0.00	0.00	0.00	0.00	0.00	0.00	0.00	0.00	0.00	0.00	0.00	0.00
26.00	35.29	32.42	3.79	3.45	2.54	0.00	0.55	0.16	0.57	0.00	0.00	0.00	0.65	0.00	0.00	0.00	0.00	0.00	0.00	0.00	0.00	0.00
27.00	35.29	32.43	2.53	2.08	5.94	0.00	0.28	0.05	0.06	0.00	0.00	0.00	1.23	0.00	0.00	0.00	0.00	0.00	0.00	0.00	0.00	0.00
28.00	35.29	32.42	2.25	0.04	5.44	0.00	0.02	0.66	0.34	0.00	0.00	0.00	2.43	0.00	0.00	0.00	0.00	0.00	0.00	0.00	0.00	0.00
29.00	35.29	32.42	2.35	2.96	3.39	0.00	0.27	0.01	0.47	0.00	0.00	0.00	1.94	0.00	0.00	0.00	0.00	0.00	0.00	0.00	0.00	0.00
30.00	35.29	32.42	0.97	3.19	3.79	0.02	0.49	0.00	1.12	0.00	0.00	0.00	3.41	0.00	0.00	0.00	0.00	0.00	0.00	0.00	0.00	0.00
31.00	35.29	32.43	1.26	3.07	3.44	0.15	0.76	0.00	1.15	0.00	0.00	0.00	2.76	0.00	0.00	0.00	0.00	0.00	0.00	0.00	0.00	0.00
32.00	35.29	32.43	1.44	2.96	3.14	0.29	0.58	0.00	1.06	0.00	0.00	0.00	2.47	0.00	0.00	0.00	0.00	0.00	0.00	0.00	0.00	0.00
33.00	35.29	32.42	0.79	1.51	1.30	0.20	2.12	0.00	0.00	0.00	0.00	0.00	5.29	0.00	0.00	0.00	0.00	0.00	0.00	0.00	0.00	0.00
34.00	35.29	32.42	0.79	0.47	0.00	1.01	0.38	0.00	0.79	0.00	0.00	0.00	4.70	0.00	0.00	0.00	0.00	0.00	0.00	0.00	0.00	0.00
35.00	35.29	32.43	2.84	0.00	0.00	3.70	0.00	0.00	0.88	0.00	0.00	0.00	3.19	0.00	0.00	0.00	0.00	0.00	0.00	0.00	0.00	0.00
36.00	35.29	32.43	1.64	0.00	0.00	3.21	0.00	0.00	0.81	0.00	0.00	0.00	2.60	0.00	0.00	0.00	0.00	0.00	0.00	0.00	0.00	0.00
37.00	35.29	32.42	0.85	0.76	0.00	3.14	1.24	0.00	0.34	0.00	0.00	0.00	1.47	0.00	0.00	0.00	0.00	0.00	0.00	0.00	0.00	0.00
38.00	35.29	32.42	3.39	0.40	0.00	4.65	1.34	0.00	0.00	0.00	0.00	0.00	1.93	0.01	0.00	0.00	0.00	0.00	0.00	0.00	0.00	0.00
39.00	35.29	32.42	2.71	0.00	0.00	8.73	1.26	0.00	0.00	0.00	0.00	0.00	0.00	0.00	0.00	0.00	0.00	0.00	0.00	0.00	0.00	0.00
