Waf: Entering directory `/home/synrg/Desktop/Jiaming/sp2019-ns3-mesh/build'
Waf: Leaving directory `/home/synrg/Desktop/Jiaming/sp2019-ns3-mesh/build'
Build commands will be stored in build/compile_commands.json
'build' finished successfully (4.688s)
CreateVariables () DONE !!!
Creating 18 APs 50.00 m apart.
CreateApNodes () DONE !!!
Creating 0 CLs 20.00 m away from each AP.
CreateClNodes () DONE !!!
CreateNodes () DONE !!!
CreateMeshDevices () DONE !!!
CreateWifiDevices () DONE !!!
CreateCsmaDevices () DONE !!!
CreateDevices () DONE !!!
InstallMeshInternetStack () DONE !!!
InstallWifiInternetStack () DONE !!!
InstallCsmaInternetStack () DONE !!!
InstallInternetStack () DONE !!!
Gateway is connect to AP 0
InstallApplications () DONE !!!
Starting simulation for 40.00 s ...
-------------------------------------------------
Time[s]	ap-0	ap-1	ap-2	ap-3	ap-4	ap-5	ap-6	ap-7	ap-8	ap-9	ap-10	ap-11	ap-12	ap-13	ap-14	ap-15	ap-16	ap-17
2.00	39.09	0.00	34.32	0.00	0.00	0.00	0.00	0.00	0.00	0.00	0.00	0.00	0.00	0.00	0.00	0.00	0.00	0.00
3.00	39.10	36.22	34.34	0.00	0.00	0.00	0.00	0.00	5.10	0.00	0.00	0.00	0.00	0.00	0.00	0.00	0.00	0.00
4.00	39.09	36.24	34.33	0.00	0.00	0.00	0.00	0.00	7.49	0.00	0.00	0.00	0.00	0.00	0.00	0.00	0.00	0.00
5.00	39.10	36.24	34.33	2.40	2.67	2.00	0.00	0.00	1.94	0.97	0.00	0.00	0.00	0.00	0.00	0.00	0.00	0.00
6.00	39.10	36.24	34.33	2.68	2.58	2.76	0.00	0.00	1.37	1.89	0.00	0.00	0.00	0.00	0.00	0.00	0.00	0.00
7.00	39.10	36.24	34.33	3.43	3.32	3.82	0.00	0.00	1.03	0.95	0.00	0.00	0.00	0.00	0.00	0.00	0.00	0.00
8.00	39.10	36.24	34.33	3.53	4.37	3.13	0.00	0.00	1.51	0.84	0.00	0.00	0.00	0.00	0.00	0.00	0.00	0.00
9.00	39.11	36.24	34.33	2.32	3.24	3.40	0.00	0.00	2.08	1.56	0.00	0.00	0.00	0.00	0.00	0.00	0.00	0.00
10.00	39.09	36.24	34.33	2.89	3.83	3.45	0.00	0.00	2.04	1.51	0.00	0.00	0.00	0.00	0.00	0.00	0.00	0.00
11.00	39.10	36.24	34.33	3.80	5.30	1.12	0.00	0.00	0.59	0.18	0.00	0.00	0.00	0.00	0.00	0.00	0.00	0.00
12.00	39.10	36.23	34.33	3.28	3.60	3.21	0.00	0.00	2.08	0.06	0.00	0.00	0.00	0.00	0.00	0.00	0.00	0.00
13.00	39.09	36.24	34.33	3.91	3.60	2.36	0.00	0.00	1.63	0.36	0.00	0.00	0.00	0.00	0.00	0.00	0.00	0.00
14.00	39.10	36.24	34.33	7.22	0.43	2.79	0.00	0.00	0.04	0.00	0.00	0.00	0.00	0.00	0.00	0.00	0.00	0.00
15.00	39.10	36.24	34.33	6.08	0.00	7.02	0.00	0.00	0.00	0.00	0.00	0.00	0.00	0.00	0.00	0.00	0.00	0.00
16.00	39.09	36.24	34.33	6.98	0.00	6.49	0.00	0.00	0.00	0.11	0.00	0.00	0.00	0.00	0.00	0.00	0.00	0.00
17.00	39.10	36.24	34.34	8.72	0.00	2.70	0.00	0.00	0.00	0.01	0.00	0.00	0.00	0.00	0.00	0.00	0.00	0.00
18.00	39.10	36.24	34.33	6.43	0.00	6.53	0.00	0.00	0.00	0.45	0.00	0.00	0.00	0.00	0.00	0.00	0.00	0.00
19.00	39.09	36.24	34.34	6.06	0.00	6.60	0.00	0.00	0.00	0.60	0.00	0.00	0.00	0.00	0.00	0.00	0.00	0.00
20.00	39.10	36.24	34.33	4.64	0.00	6.30	0.00	0.00	0.00	1.47	0.00	0.00	0.00	0.00	0.00	0.00	0.00	0.00
21.00	39.10	36.24	34.33	1.44	0.32	6.99	0.00	0.00	0.00	2.25	0.00	0.00	0.00	0.00	0.00	0.00	0.00	0.00
22.00	39.10	36.23	34.33	0.00	2.29	3.17	0.00	0.00	0.00	3.20	0.00	0.00	0.00	0.00	0.00	0.00	0.00	0.00
23.00	39.10	36.24	34.33	0.00	1.32	4.29	0.00	0.00	0.00	0.15	0.00	0.00	0.00	0.00	0.00	0.06	0.00	0.00
24.00	39.10	36.24	34.33	0.52	3.82	5.97	0.00	0.00	0.00	0.00	0.00	0.00	0.00	0.00	0.00	0.00	0.00	0.00
25.00	39.07	36.24	34.33	2.46	3.08	5.44	0.00	0.00	0.00	0.00	0.00	0.00	0.00	0.00	0.00	0.00	0.00	0.00
26.00	39.13	36.24	34.33	1.53	3.56	5.57	0.00	0.00	0.00	0.00	0.00	0.00	0.00	0.00	0.00	0.00	0.00	0.00
27.00	39.10	36.24	34.33	0.00	4.63	6.35	0.00	0.00	0.00	0.00	0.00	0.00	0.00	0.00	0.00	0.00	0.00	0.00
28.00	39.09	36.24	34.33	0.00	4.02	6.51	0.00	0.00	0.00	0.00	0.00	0.00	0.00	0.00	0.00	0.00	0.00	0.00
29.00	39.10	36.24	34.33	5.74	0.54	6.82	0.00	0.00	0.00	0.00	0.00	0.00	0.00	0.00	0.00	0.00	0.00	0.00
30.00	39.10	36.24	34.33	6.40	0.61	6.21	0.00	0.00	0.00	0.00	0.00	0.00	0.00	0.00	0.00	0.00	0.00	0.00
31.00	39.09	36.24	34.33	7.03	0.02	6.74	0.00	0.00	0.00	0.00	0.00	0.00	0.00	0.00	0.00	0.00	0.00	0.00
32.00	39.10	36.24	34.33	6.05	0.91	6.08	0.00	0.00	0.00	0.00	0.00	0.00	0.00	0.00	0.00	0.00	0.00	0.00
33.00	39.10	36.24	34.34	4.37	1.83	4.76	0.00	0.00	0.00	0.00	0.00	0.00	0.00	0.00	0.00	0.00	0.00	0.00
34.00	39.09	36.24	34.34	0.00	0.00	0.00	0.00	0.00	0.00	0.00	0.00	0.00	0.00	0.00	0.00	0.00	0.00	0.00
35.00	39.10	36.24	34.33	0.00	0.00	0.00	0.00	0.00	0.00	0.00	0.00	0.00	0.00	0.00	0.00	0.00	0.00	0.00
36.00	39.10	36.24	34.33	0.00	0.00	0.00	0.00	0.00	0.00	0.00	0.00	0.00	0.00	0.00	0.00	0.00	0.00	0.00
37.00	39.09	36.24	34.33	0.00	0.00	0.00	0.00	0.00	0.00	0.00	0.00	0.00	0.00	0.00	0.00	0.00	0.00	0.00
38.00	39.10	36.23	34.33	0.00	0.00	0.00	0.00	0.00	0.00	0.24	0.00	0.00	0.00	0.00	0.00	0.00	0.00	0.00
39.00	39.10	36.25	34.33	0.00	0.00	0.00	0.00	0.00	0.00	0.34	0.00	0.00	0.00	0.00	0.00	0.00	0.00	0.00
