Waf: Entering directory `/home/synrg-sc1/Desktop/Jiaming/ns-3.29-mesh/build'
Waf: Leaving directory `/home/synrg-sc1/Desktop/Jiaming/ns-3.29-mesh/build'
Build commands will be stored in build/compile_commands.json
'build' finished successfully (4.629s)
CreateVariables () DONE !!!
Creating 21 APs 50.00 m apart.
CreateApNodes () DONE !!!
Creating 0 CLs 20.00 m away from each AP.
CreateClNodes () DONE !!!
CreateNodes () DONE !!!
CreateMeshDevices () DONE !!!
CreateWifiDevices () DONE !!!
CreateCsmaDevices () DONE !!!
CreateDevices () DONE !!!
InstallMeshInternetStack () DONE !!!
InstallWifiInternetStack () DONE !!!
InstallCsmaInternetStack () DONE !!!
InstallInternetStack () DONE !!!
Gateway is connect to AP 0
InstallApplications () DONE !!!
Starting simulation for 40.00 s ...
-------------------------------------------------
Time[s]	ap-0	ap-1	ap-2	ap-3	ap-4	ap-5	ap-6	ap-7	ap-8	ap-9	ap-10	ap-11	ap-12	ap-13	ap-14	ap-15	ap-16	ap-17	ap-18	ap-19	ap-20
2.00	38.13	0.00	0.00	0.00	0.00	7.92	0.00	0.01	0.00	0.00	0.00	0.00	0.00	0.00	0.00	0.00	0.00	0.00	0.00	0.00	0.00
3.00	38.15	0.00	0.00	0.00	0.00	8.94	0.00	1.71	0.00	0.00	0.07	0.00	0.00	0.25	0.00	0.00	0.00	0.00	0.00	0.00	0.00
4.00	38.15	0.00	0.00	0.00	0.00	4.50	0.00	0.27	0.00	0.00	0.00	0.00	0.00	0.00	0.00	0.00	0.00	0.00	0.00	0.00	0.00
5.00	38.14	0.00	0.00	0.00	0.00	4.26	0.00	0.13	0.00	0.00	0.00	0.00	0.00	0.00	0.00	0.00	0.00	0.00	0.00	0.00	0.00
6.00	38.15	0.00	0.00	0.00	0.00	3.85	0.00	0.15	0.00	0.00	0.00	0.00	0.00	0.00	0.00	0.00	0.00	0.00	0.00	0.00	0.00
7.00	38.15	0.00	0.00	0.00	0.02	4.85	0.00	0.03	0.00	0.00	0.11	0.00	0.00	0.48	0.02	0.00	0.00	0.00	0.00	0.00	0.00
8.00	38.15	0.00	0.00	0.00	0.00	5.26	0.00	0.00	0.00	0.00	0.09	0.00	0.00	0.17	0.00	0.00	0.00	0.00	0.00	0.00	0.00
9.00	38.14	0.00	0.00	0.00	0.00	3.90	0.00	0.00	0.00	0.00	0.03	0.00	0.00	0.07	0.00	0.01	0.00	0.00	0.00	0.00	0.00
10.00	38.15	0.00	0.00	0.00	0.00	7.31	0.00	0.00	0.00	0.00	0.00	0.00	0.00	0.00	0.00	0.00	0.00	0.00	0.00	0.00	0.00
11.00	38.15	0.00	0.00	0.00	0.00	6.61	0.00	0.00	0.00	0.00	0.00	0.00	0.00	0.00	0.00	0.00	0.00	0.00	0.00	0.00	0.00
12.00	38.15	0.00	0.00	0.00	0.00	7.76	0.00	0.00	0.00	0.00	0.00	0.00	0.00	0.00	0.00	0.00	0.00	0.00	0.00	0.00	0.00
13.00	38.14	0.00	0.00	0.00	0.00	7.66	0.00	0.00	0.00	0.00	0.00	0.00	0.00	0.00	0.00	0.00	0.00	0.00	0.00	0.00	0.00
14.00	38.15	0.00	0.00	0.00	0.00	4.12	0.00	0.00	0.00	0.00	0.00	0.00	0.00	0.00	0.00	0.00	0.00	0.00	0.00	0.00	0.00
15.00	38.15	0.00	0.00	0.00	0.00	6.37	0.00	0.00	0.00	0.00	0.00	0.00	0.00	0.00	0.00	0.00	0.00	0.00	0.00	0.00	0.00
16.00	38.15	0.00	0.00	0.00	0.00	3.98	0.00	0.00	0.00	0.00	0.00	0.00	0.00	0.00	0.00	0.00	0.00	0.00	0.00	0.00	0.00
17.00	38.14	0.00	0.00	0.00	0.00	8.04	0.00	0.00	0.00	0.00	0.00	0.00	0.00	0.00	0.00	0.00	0.00	0.00	0.00	0.00	0.00
18.00	38.15	0.00	0.00	0.00	0.00	7.46	0.00	0.00	0.00	0.00	0.00	0.00	0.00	0.00	0.00	0.00	0.00	0.00	0.00	0.00	0.00
19.00	38.15	0.00	0.00	0.00	0.00	6.60	0.00	0.00	0.00	0.00	0.00	0.00	0.00	0.00	0.00	0.00	0.00	0.00	0.00	0.00	0.00
20.00	38.15	0.00	0.00	0.00	0.00	7.05	0.00	0.00	0.00	0.00	0.00	0.00	0.00	0.11	0.00	0.00	0.00	0.00	0.00	0.00	0.00
21.00	38.14	0.00	0.00	0.00	0.00	5.90	0.00	0.00	0.00	0.00	0.00	0.00	0.00	0.36	0.00	0.00	0.00	0.00	0.00	0.00	0.00
22.00	38.15	0.00	0.00	0.00	0.00	3.66	0.00	0.00	0.00	0.00	0.00	0.00	0.00	0.28	0.00	0.00	0.00	0.00	0.00	0.00	0.00
23.00	38.15	0.00	0.00	0.00	0.00	7.45	0.00	0.00	0.00	0.00	0.00	0.00	0.00	0.40	0.00	0.00	0.00	0.00	0.00	0.00	0.00
24.00	38.14	0.00	0.00	0.00	0.00	5.15	0.00	0.00	0.00	0.00	0.00	0.00	0.00	0.21	0.00	0.00	0.00	0.00	0.00	0.00	0.00
25.00	38.15	0.00	0.00	0.00	0.00	7.87	0.00	0.00	0.00	0.00	0.00	0.00	0.00	0.00	0.00	0.00	0.00	0.00	0.00	0.00	0.00
26.00	38.15	0.00	0.00	0.00	0.00	9.38	0.00	0.00	0.00	0.00	0.00	0.00	0.00	0.00	0.00	0.00	0.00	0.00	0.00	0.00	0.00
27.00	38.15	0.00	0.00	0.00	0.00	7.27	0.00	0.00	0.00	0.00	0.00	0.00	0.00	0.12	0.00	0.00	0.00	0.01	0.00	0.00	0.00
28.00	38.14	0.00	0.00	0.00	0.00	7.72	0.00	0.00	0.00	0.00	0.00	0.00	0.00	0.54	0.00	0.00	0.00	0.02	0.00	0.00	0.00
29.00	38.15	0.00	0.00	0.00	0.00	7.87	0.00	0.00	0.00	0.00	0.00	0.00	0.00	0.47	0.00	0.00	0.00	0.07	0.00	0.00	0.00
30.00	38.15	0.00	0.00	0.00	0.00	4.29	0.00	0.00	0.00	0.00	0.00	0.00	0.00	0.49	0.00	0.00	0.00	0.04	0.00	0.00	0.00
31.00	38.15	0.00	0.00	0.00	0.00	6.41	0.00	0.00	0.00	0.00	0.00	0.00	0.00	0.07	0.00	0.00	0.00	0.03	0.00	0.00	0.00
32.00	38.14	0.00	0.00	0.00	0.00	6.69	0.00	0.00	0.00	0.00	0.00	0.00	0.00	0.00	0.00	0.00	0.00	0.00	0.00	0.00	0.00
33.00	38.15	0.00	0.00	0.00	0.00	7.74	0.00	0.00	0.00	0.00	0.00	0.00	0.00	0.00	0.00	0.00	0.00	0.00	0.00	0.00	0.00
34.00	38.15	0.00	0.00	0.00	0.00	6.11	0.00	0.00	0.00	0.00	0.00	0.00	0.00	0.31	0.00	0.00	0.00	0.00	0.00	0.00	0.00
35.00	38.15	0.00	0.00	0.00	0.00	5.01	0.00	0.00	0.00	0.00	0.00	0.00	0.00	0.00	0.00	0.00	0.00	0.00	0.00	0.00	0.00
36.00	38.14	0.00	0.00	0.00	0.00	4.66	0.00	0.00	0.00	0.00	0.00	0.02	0.00	0.93	0.00	0.00	0.00	0.19	0.00	0.00	0.00
37.00	38.15	0.00	0.00	0.00	0.00	5.15	0.00	0.00	0.00	0.00	0.00	0.03	0.00	0.98	0.00	0.00	0.00	0.13	0.00	0.00	0.00
38.00	38.15	0.00	0.00	0.00	0.00	6.55	0.00	0.00	0.00	0.00	0.00	0.02	0.00	0.84	0.00	0.00	0.00	0.04	0.00	0.00	0.00
39.00	38.15	0.00	0.00	0.00	0.00	6.20	0.00	0.00	0.00	0.00	0.00	0.00	0.00	0.79	0.00	0.00	0.00	0.09	0.00	0.00	0.00
