Waf: Entering directory `/home/synrg-sc1/Desktop/Jiaming/ns-3.29-mesh/build'
Waf: Leaving directory `/home/synrg-sc1/Desktop/Jiaming/ns-3.29-mesh/build'
Build commands will be stored in build/compile_commands.json
'build' finished successfully (4.630s)
CreateVariables () DONE !!!
Creating 21 APs 50.00 m apart.
CreateApNodes () DONE !!!
Creating 0 CLs 20.00 m away from each AP.
CreateClNodes () DONE !!!
CreateNodes () DONE !!!
CreateMeshDevices () DONE !!!
CreateWifiDevices () DONE !!!
CreateCsmaDevices () DONE !!!
CreateDevices () DONE !!!
InstallMeshInternetStack () DONE !!!
InstallWifiInternetStack () DONE !!!
InstallCsmaInternetStack () DONE !!!
InstallInternetStack () DONE !!!
Gateway is connect to AP 0
InstallApplications () DONE !!!
Starting simulation for 40.00 s ...
-------------------------------------------------
Time[s]	ap-0	ap-1	ap-2	ap-3	ap-4	ap-5	ap-6	ap-7	ap-8	ap-9	ap-10	ap-11	ap-12	ap-13	ap-14	ap-15	ap-16	ap-17	ap-18	ap-19	ap-20
2.00	36.06	34.14	0.00	0.38	0.00	0.00	5.02	0.00	0.00	0.00	0.00	0.00	0.00	0.00	0.00	0.00	0.00	0.00	0.00	0.00	0.00
3.00	36.24	34.33	0.06	0.55	0.43	0.00	3.65	0.06	4.90	0.00	0.00	0.00	0.00	0.00	0.00	0.00	0.00	0.09	0.00	0.00	0.00
4.00	36.24	34.33	0.01	0.42	0.93	0.00	4.26	0.06	4.68	0.00	0.00	0.00	0.00	0.00	0.00	0.00	0.00	0.01	0.00	0.00	0.00
5.00	36.24	34.33	0.09	5.35	0.88	0.00	4.82	0.09	3.50	0.00	0.00	0.00	0.00	0.00	0.00	0.00	0.00	0.00	0.00	0.00	0.00
6.00	36.24	34.33	0.04	8.75	1.11	0.00	5.33	0.15	7.33	0.00	0.00	0.00	0.00	0.00	0.00	0.00	0.00	0.00	0.00	0.00	0.00
7.00	36.24	34.33	0.03	6.65	0.70	0.00	4.56	0.00	5.63	0.00	0.00	0.00	0.00	0.00	0.00	0.00	0.00	0.00	0.00	0.00	0.00
8.00	36.24	34.33	0.00	7.88	0.18	0.00	8.19	0.00	2.58	0.00	0.00	0.00	0.00	0.00	0.00	0.00	0.00	0.00	0.00	0.00	0.00
9.00	36.24	34.33	0.00	6.73	0.30	0.00	5.26	0.00	6.90	0.00	0.00	0.00	0.00	0.00	0.00	0.00	0.00	0.00	0.00	0.00	0.00
10.00	36.24	34.33	0.00	6.75	0.76	0.00	3.76	0.00	5.87	0.00	0.00	0.00	0.00	0.00	0.00	0.00	0.00	0.00	0.00	0.00	0.00
11.00	36.24	34.33	0.00	6.03	0.80	0.00	3.90	0.00	6.95	0.00	0.00	0.00	0.00	0.00	0.00	0.00	0.00	0.00	0.00	0.00	0.00
12.00	36.23	34.33	0.00	4.66	0.65	0.00	4.77	0.00	5.27	0.00	0.00	0.00	0.00	0.00	0.00	0.00	0.00	0.00	0.00	0.00	0.00
13.00	36.24	34.33	0.00	4.95	0.00	0.00	4.01	0.00	6.59	0.00	0.00	0.00	0.00	0.00	0.00	0.00	0.00	0.00	0.00	0.00	0.00
14.00	36.24	34.33	0.00	3.69	0.00	0.00	4.54	0.00	5.58	0.00	0.00	0.00	0.00	0.00	0.00	0.00	0.00	0.00	0.00	0.00	0.00
15.00	36.24	34.33	0.00	3.85	0.00	0.00	4.29	0.00	5.02	0.00	0.00	0.00	0.00	0.00	0.00	0.00	0.00	0.00	0.00	0.00	0.00
16.00	36.24	34.33	0.00	3.65	0.00	0.00	3.84	0.00	4.42	0.00	0.00	0.00	0.00	0.00	0.00	0.00	0.00	0.00	0.00	0.00	0.00
17.00	36.24	34.34	0.00	4.74	0.00	0.00	3.47	0.00	4.35	0.00	0.00	0.00	0.00	0.00	0.00	0.00	0.00	0.00	0.00	0.00	0.00
18.00	36.24	34.33	0.00	4.28	0.00	0.00	3.59	0.00	4.25	0.00	0.00	0.00	0.00	0.00	0.00	0.00	0.00	0.00	0.00	0.00	0.00
19.00	36.24	34.33	0.00	5.14	0.00	0.00	4.83	0.00	5.32	0.00	0.00	0.00	0.00	0.00	0.00	0.00	0.00	0.00	0.00	0.00	0.00
20.00	36.24	34.33	0.00	4.47	0.00	0.00	3.53	0.00	4.73	0.00	0.00	0.00	0.00	0.00	0.00	0.00	0.00	0.00	0.00	0.00	0.00
21.00	36.24	34.33	0.00	3.68	0.00	0.00	3.31	0.00	5.47	0.00	0.00	0.00	0.00	0.00	0.00	0.00	0.00	0.00	0.00	0.00	0.00
22.00	36.24	34.33	0.00	3.17	0.00	0.00	3.62	0.00	5.45	0.00	0.00	0.00	0.00	0.00	0.00	0.00	0.00	0.00	0.00	0.00	0.00
23.00	36.23	34.33	0.00	3.40	0.00	0.00	3.04	0.00	0.77	0.00	0.00	0.00	0.00	0.00	0.00	0.00	0.00	0.00	0.00	0.00	0.00
24.00	36.24	34.33	0.00	1.02	0.00	0.00	0.00	0.00	4.22	0.00	0.00	0.00	0.00	0.00	0.00	0.00	0.00	0.00	0.00	0.00	0.00
25.00	36.24	34.33	0.00	0.00	0.00	0.00	0.00	0.00	1.54	0.00	0.00	0.00	0.00	0.00	0.00	0.00	0.00	0.00	0.00	0.00	0.00
26.00	36.24	34.33	0.00	1.03	0.00	0.00	3.35	0.00	4.21	0.00	0.00	0.00	0.00	0.00	0.00	0.00	0.00	0.00	0.00	0.00	0.00
27.00	36.24	34.33	0.00	5.31	0.00	0.00	5.39	0.00	3.74	0.00	0.00	0.00	0.00	0.00	0.00	0.00	0.00	0.00	0.00	0.00	0.00
28.00	36.24	34.33	0.00	5.48	0.00	0.00	5.81	0.00	6.01	0.00	0.00	0.00	0.00	0.00	0.00	0.00	0.00	0.00	0.00	0.00	0.00
29.00	36.24	34.33	0.00	3.94	0.00	0.00	3.71	0.00	3.21	0.00	0.00	0.00	0.00	0.00	0.00	0.00	0.00	0.00	0.00	0.00	0.00
30.00	36.24	34.33	0.00	6.36	0.00	0.00	3.00	0.00	3.21	0.00	0.00	0.00	0.00	0.00	0.00	0.00	0.00	0.00	0.00	0.00	0.00
31.00	36.24	34.33	0.00	10.10	0.00	0.00	7.33	0.00	0.00	0.00	0.00	0.00	0.00	0.00	0.00	0.00	0.00	0.00	0.00	0.00	0.00
32.00	36.24	34.34	0.00	8.85	0.00	0.00	10.69	0.00	1.47	0.00	0.10	0.00	0.00	0.00	0.00	0.00	0.00	0.00	0.00	0.00	0.00
33.00	36.24	34.33	0.04	2.07	0.00	0.00	7.96	0.00	8.65	0.00	1.04	0.00	0.00	0.00	0.00	0.00	0.00	0.00	0.00	0.00	0.00
34.00	36.23	34.33	0.60	8.52	0.00	0.00	8.84	0.00	8.16	0.00	1.40	0.00	0.00	0.00	0.00	0.00	0.00	0.00	0.00	0.00	0.00
35.00	36.24	34.33	0.47	10.51	0.00	0.00	2.70	0.00	7.50	0.00	1.40	0.00	0.00	0.00	0.00	0.00	0.00	0.00	0.00	0.00	0.00
36.00	36.24	34.33	0.60	8.82	0.00	0.00	3.08	0.00	6.65	0.00	1.59	0.00	0.00	0.00	0.00	0.00	0.00	0.00	0.00	0.00	0.00
37.00	36.24	34.33	0.39	9.70	0.00	0.00	2.99	0.00	7.13	0.00	1.31	0.00	0.00	0.00	0.00	0.00	0.00	0.00	0.00	0.00	0.00
38.00	36.24	34.33	0.38	8.57	0.00	0.00	3.12	0.00	5.86	0.00	1.13	0.00	0.00	0.00	0.00	0.00	0.00	0.00	0.00	0.00	0.00
39.00	36.24	34.33	0.49	7.97	0.13	0.00	0.79	0.00	6.41	0.00	0.98	0.00	0.00	0.00	0.00	0.00	0.00	0.00	0.00	0.00	0.00
