Waf: Entering directory `/home/synrg-sc1/Desktop/Jiaming/ns-3.29-mesh/build'
Waf: Leaving directory `/home/synrg-sc1/Desktop/Jiaming/ns-3.29-mesh/build'
Build commands will be stored in build/compile_commands.json
'build' finished successfully (4.594s)
CreateVariables () DONE !!!
Creating 22 APs 50.00 m apart.
CreateApNodes () DONE !!!
Creating 0 CLs 20.00 m away from each AP.
CreateClNodes () DONE !!!
CreateNodes () DONE !!!
CreateMeshDevices () DONE !!!
CreateWifiDevices () DONE !!!
CreateCsmaDevices () DONE !!!
CreateDevices () DONE !!!
InstallMeshInternetStack () DONE !!!
InstallWifiInternetStack () DONE !!!
InstallCsmaInternetStack () DONE !!!
InstallInternetStack () DONE !!!
Gateway is connect to AP 0
InstallApplications () DONE !!!
Starting simulation for 40.00 s ...
-------------------------------------------------
Time[s]	ap-0	ap-1	ap-2	ap-3	ap-4	ap-5	ap-6	ap-7	ap-8	ap-9	ap-10	ap-11	ap-12	ap-13	ap-14	ap-15	ap-16	ap-17	ap-18	ap-19	ap-20	ap-21
2.00	39.70	0.00	0.00	0.00	0.00	0.00	0.00	0.00	0.00	0.00	0.00	0.00	0.00	0.00	0.00	0.00	0.00	0.00	0.00	0.00	0.00	0.00
3.00	40.06	1.17	0.00	0.00	0.00	0.00	0.42	0.51	0.00	0.00	0.35	2.82	0.00	0.00	0.00	0.00	0.00	0.00	0.00	0.00	0.00	0.00
4.00	40.05	0.43	0.00	0.00	0.00	0.00	0.39	1.12	0.00	0.00	4.63	3.84	0.00	0.00	0.00	0.00	0.00	0.00	0.00	0.00	0.00	0.00
5.00	40.06	0.25	0.00	0.00	0.00	0.00	0.58	0.74	0.00	0.00	5.46	4.12	0.00	0.00	0.00	0.00	0.00	0.00	0.00	0.00	0.00	0.00
6.00	40.05	2.13	0.00	0.00	0.00	0.00	0.39	0.27	0.00	0.00	4.19	3.69	0.00	0.00	0.00	0.00	0.00	0.00	0.00	0.00	0.00	0.00
7.00	40.06	5.41	0.00	0.00	0.00	0.00	0.00	0.00	0.00	0.00	5.74	6.41	0.00	0.00	0.00	0.00	0.00	0.00	0.00	0.00	0.00	0.00
8.00	40.06	5.72	0.00	0.00	0.00	0.00	0.00	0.00	0.00	0.00	3.52	8.88	0.00	0.00	0.00	0.00	0.00	0.00	0.00	0.00	0.00	0.00
9.00	40.05	3.39	0.00	0.00	0.00	0.00	0.00	0.00	0.00	0.00	0.00	6.10	0.00	0.00	0.00	0.00	0.00	0.00	0.00	0.00	0.00	0.00
10.00	40.06	2.43	0.00	0.00	0.00	0.00	0.00	0.00	0.00	0.00	0.00	5.79	0.00	0.00	0.00	0.00	0.00	0.00	0.00	0.00	0.00	0.00
11.00	40.05	3.46	0.00	0.00	0.00	0.00	0.00	0.00	0.00	0.00	0.18	6.44	0.00	0.00	0.00	0.00	0.00	0.00	0.00	0.00	0.00	0.00
12.00	40.06	2.44	0.00	0.00	0.00	0.00	0.00	0.00	0.00	0.00	1.12	3.32	0.00	0.00	0.00	0.00	0.00	0.00	0.00	0.00	0.00	0.00
13.00	40.06	2.72	0.00	0.00	0.00	0.00	0.00	0.00	0.00	0.00	0.93	5.10	0.00	0.00	0.00	0.00	0.00	0.00	0.00	0.00	0.00	0.00
14.00	40.05	0.00	0.00	0.00	0.00	0.00	0.00	0.00	0.00	0.00	0.00	5.79	0.00	0.00	0.00	0.00	0.00	0.00	0.00	0.00	0.00	0.00
15.00	40.06	0.00	0.00	0.00	0.00	0.00	0.00	0.00	0.00	0.00	0.00	5.45	0.00	0.00	0.00	0.00	0.00	0.00	0.00	0.00	0.00	0.00
16.00	40.05	1.26	0.00	0.00	0.00	0.00	0.00	0.00	0.00	0.00	0.00	5.01	0.00	0.00	0.00	0.00	0.00	0.00	0.00	0.00	0.00	0.00
17.00	40.06	1.75	0.00	0.00	0.00	0.00	0.00	0.00	0.00	0.00	0.00	3.20	0.00	0.00	0.00	0.00	0.00	0.00	0.00	0.00	0.00	0.00
18.00	40.05	1.10	0.00	0.00	0.00	0.00	0.00	0.00	0.00	0.00	0.00	1.58	0.00	0.00	0.00	0.00	0.00	0.00	0.00	0.00	0.00	0.00
19.00	40.06	1.37	0.00	0.00	0.00	0.00	0.00	0.00	0.00	0.00	0.00	2.21	0.00	0.00	0.00	0.00	0.00	0.00	0.00	0.00	0.00	0.00
20.00	40.06	1.09	0.00	0.00	0.00	0.00	0.00	0.00	0.00	0.00	0.00	0.79	0.00	0.00	0.00	0.00	0.00	0.00	0.00	0.00	0.00	0.00
21.00	40.05	0.82	0.00	0.00	0.00	0.00	0.00	0.00	0.00	0.00	0.00	1.12	0.00	0.00	0.00	0.00	0.00	0.00	0.00	0.00	0.00	0.00
22.00	40.06	1.52	0.00	0.00	0.00	0.00	0.00	0.00	0.00	0.00	0.00	1.85	0.00	0.00	0.00	0.00	0.00	0.00	0.00	0.00	0.00	0.00
23.00	40.05	0.00	0.00	0.00	0.00	0.00	0.00	0.00	0.00	0.00	0.00	2.39	0.00	0.00	0.00	0.00	0.00	0.00	0.00	0.00	0.00	0.00
24.00	40.06	0.00	0.00	0.00	0.00	0.00	0.00	0.00	0.00	0.00	0.00	1.94	0.00	0.00	0.00	0.00	0.00	0.00	0.00	0.00	0.00	0.00
25.00	40.06	2.67	0.01	0.00	0.00	0.00	0.00	0.00	0.00	0.00	1.25	2.99	0.00	0.00	0.00	0.00	0.00	0.00	0.00	0.00	0.00	0.00
26.00	40.05	4.60	0.01	0.00	0.00	0.00	0.00	0.00	0.00	0.00	4.71	4.40	0.00	0.00	0.00	0.00	0.00	0.00	0.00	0.00	0.00	0.00
27.00	40.06	2.34	0.01	0.00	0.00	0.00	0.00	0.00	0.00	0.00	0.53	0.54	0.00	0.00	0.00	0.00	0.00	0.00	0.00	0.00	0.00	0.00
28.00	40.05	3.53	0.01	0.00	0.00	0.00	0.00	0.00	0.00	0.00	2.12	0.00	0.00	0.00	0.00	0.00	0.00	0.00	0.00	0.00	0.00	0.00
29.00	40.06	4.49	0.01	0.00	0.00	0.00	0.00	0.00	0.00	0.00	5.04	4.21	0.00	0.00	0.00	0.00	0.00	0.00	0.00	0.00	0.00	0.00
30.00	40.06	4.14	0.01	0.00	0.00	0.00	0.00	0.00	0.00	0.00	5.13	5.01	0.00	0.00	0.00	0.00	0.00	0.00	0.00	0.00	0.00	0.00
31.00	40.05	3.07	0.01	0.00	0.00	0.00	0.00	0.00	0.00	0.00	3.81	4.81	0.00	0.00	0.00	0.00	0.00	0.00	0.00	0.00	0.00	0.00
32.00	40.06	3.85	0.00	0.00	0.00	0.00	0.00	0.00	0.00	0.00	3.11	2.68	0.00	0.00	0.00	0.00	0.00	0.00	0.00	0.00	0.00	0.00
33.00	40.05	3.32	0.00	0.00	0.00	0.00	0.00	0.00	0.00	0.00	1.57	1.89	0.00	0.00	0.00	0.00	0.00	0.00	0.00	0.00	0.00	0.00
34.00	40.06	3.87	0.00	0.00	0.00	0.00	0.00	0.00	0.00	0.00	5.23	3.66	0.00	0.00	0.00	0.00	0.00	0.00	0.00	0.00	0.00	0.00
35.00	40.05	2.50	0.00	0.00	0.00	0.00	0.00	0.00	0.00	0.00	3.02	3.08	0.00	0.00	0.00	0.00	0.00	0.00	0.00	0.00	0.00	0.00
36.00	40.06	0.61	0.00	0.00	0.00	0.00	0.00	0.00	0.00	0.00	0.26	0.89	0.00	0.00	0.00	0.00	0.00	0.00	0.00	0.00	0.00	0.00
37.00	40.06	0.92	0.00	0.00	0.00	0.00	0.00	0.00	0.00	0.00	2.61	3.67	0.00	0.00	0.00	0.00	0.00	0.00	0.00	0.00	0.00	0.00
38.00	40.05	0.83	0.00	0.00	0.00	0.00	0.00	0.00	0.00	0.00	2.80	2.06	0.00	0.00	0.00	0.00	0.00	0.00	0.00	0.00	0.00	0.00
39.00	40.06	2.12	0.00	0.00	0.00	0.00	0.00	0.00	0.00	0.00	1.82	3.45	0.00	0.00	0.00	0.00	0.00	0.00	0.00	0.00	0.00	0.00
