Waf: Entering directory `/home/synrg-sc1/Desktop/Jiaming/ns-3.29-mesh/build'
Waf: Leaving directory `/home/synrg-sc1/Desktop/Jiaming/ns-3.29-mesh/build'
Build commands will be stored in build/compile_commands.json
'build' finished successfully (4.041s)
CreateVariables () DONE !!!
Creating 5 APs 55.00 m apart.
CreateApNodes () DONE !!!
Creating 0 CLs 20.00 m apart for each AP.
CreateClNodes () DONE !!!
CreateNodes () DONE !!!
CreateMeshDevices () DONE !!!
CreateWifiDevices () DONE !!!
CreateDevices () DONE !!!
InstallMeshInternetStack () DONE !!!
InstallWifiInternetStack () DONE !!!
InstallInternetStack () DONE !!!
Install gateway on node 0
InstallApplications () DONE !!!
Starting simulation for 60.00 s ...
-------------------------------------------
AP0 -> APm -> CL0-0 -> CL0-n -> CLm-0 -> CLm-n
2.00	492000	0	286500	405000
3.00	780000	0	579000	705000
4.00	1039500	0	835500	949500
5.00	1278000	0	1095000	1212000
6.00	1920000	0	1789500	1867500
7.00	2488500	0	2400000	2431500
8.00	3280500	0	3243000	3168000
9.00	4005000	0	4026000	3838500
10.00	4656000	0	4698000	4443000
11.00	5644500	0	5631000	5266500
12.00	6463500	0	6474000	5835000
13.00	7141500	0	7096500	6396000
14.00	7627500	0	7617000	6952500
15.00	8475000	0	8413500	7729500
16.00	9009000	0	8910000	8257500
17.00	9358500	0	9507000	8824500
18.00	9517500	0	10255500	9595500
19.00	9690000	0	11065500	10464000
20.00	9897000	0	11817000	11254500
21.00	10087500	0	12586500	12075000
22.00	10269000	0	13285500	12822000
23.00	11202000	0	13350000	13554000
24.00	12241500	0	13488000	14278500
25.00	13137000	0	13647000	14946000
26.00	13951500	0	13792500	15504000
27.00	14245500	7500	13798500	15790500
28.00	14458500	15000	13975500	16071000
29.00	14710500	15000	14202000	16203000
30.00	14941500	16500	14446500	16389000
31.00	15622500	16500	15073500	16954500
32.00	16335000	16500	15900000	17665500
33.00	17329500	16500	16824000	18493500
34.00	18247500	16500	17742000	19311000
35.00	18559500	24000	18094500	19626000
36.00	18852000	25500	18348000	19767000
37.00	19108500	34500	18675000	20067000
38.00	19498500	37500	19042500	20427000
39.00	19798500	40500	19372500	20673000
40.00	20182500	46500	19731000	21021000
41.00	20974500	46500	20785500	21787500
42.00	21795000	46500	21618000	22462500
43.00	22449000	46500	22021500	23082000
44.00	23220000	46500	22111500	23824500
45.00	24210000	46500	22219500	24529500
46.00	25042500	46500	22330500	25173000
47.00	25755000	46500	22435500	25795500
48.00	26581500	46500	22602000	26434500
49.00	27517500	46500	22705500	27070500
50.00	28299000	46500	22779000	27616500
51.00	28767000	51000	22821000	27973500
52.00	29125500	75000	22828500	28333500
53.00	29410500	106500	22899000	28527000
54.00	30112500	114000	23038500	28578000
55.00	30732000	114000	23148000	28747500
56.00	31387500	114000	23319000	28957500
57.00	31951500	114000	23424000	29137500
58.00	32619000	114000	23517000	29259000
59.00	32902500	114000	23575500	29496000
