Waf: Entering directory `/home/synrg-sc1/Desktop/Jiaming/ns-3.29-mesh/build'
Waf: Leaving directory `/home/synrg-sc1/Desktop/Jiaming/ns-3.29-mesh/build'
Build commands will be stored in build/compile_commands.json
'build' finished successfully (4.037s)
CreateVariables () DONE !!!
Creating 6 APs 40.00 m apart.
CreateApNodes () DONE !!!
Creating 0 CLs 20.00 m apart for each AP.
CreateClNodes () DONE !!!
CreateNodes () DONE !!!
CreateMeshDevices () DONE !!!
CreateWifiDevices () DONE !!!
CreateDevices () DONE !!!
InstallMeshInternetStack () DONE !!!
InstallWifiInternetStack () DONE !!!
InstallInternetStack () DONE !!!
Install gateway on node 0
InstallApplications () DONE !!!
Starting simulation for 60.00 s ...
-------------------------------------------
AP0 -> APm -> CL0-0 -> CL0-n -> CLm-0 -> CLm-n
2.00	0	0	439500	441000	0
3.00	16500	0	657000	600000	157500
4.00	18000	175500	864000	814500	235500
5.00	27000	369000	1107000	1033500	366000
6.00	37500	595500	1342500	1230000	514500
7.00	37500	777000	1545000	1402500	621000
8.00	40500	883500	1806000	1630500	642000
9.00	45000	885000	1971000	1819500	723000
10.00	64500	895500	2422500	2277000	1060500
11.00	64500	895500	3325500	3037500	1828500
12.00	64500	895500	4170000	3951000	2578500
13.00	64500	895500	4794000	4590000	3082500
14.00	64500	996000	5356500	5211000	3652500
15.00	64500	1056000	5400000	5263500	3676500
16.00	64500	1098000	5424000	5319000	3706500
17.00	64500	1125000	5442000	5364000	3732000
18.00	64500	1209000	5503500	5416500	3777000
19.00	64500	1269000	5773500	5472000	3834000
20.00	64500	1269000	5976000	5476500	3835500
21.00	64500	1272000	6211500	5476500	3840000
22.00	64500	1273500	6361500	5479500	3843000
23.00	64500	1278000	6532500	5484000	3846000
24.00	64500	1282500	6712500	5488500	3847500
25.00	64500	1374000	6874500	5631000	3972000
26.00	64500	1533000	6993000	5677500	4084500
27.00	64500	1617000	7071000	5746500	4246500
28.00	64500	1740000	7071000	5746500	4252500
29.00	64500	1747500	7071000	5748000	4510500
30.00	64500	1752000	7071000	5748000	4822500
31.00	64500	1753500	7329000	5748000	5137500
32.00	64500	1756500	7611000	5748000	5368500
33.00	64500	1759500	7926000	5748000	5602500
34.00	64500	1888500	8121000	5931000	5782500
35.00	64500	2079000	8313000	6145500	5974500
36.00	64500	2205000	8463000	6376500	6162000
37.00	64500	2395500	8692500	6526500	6336000
38.00	64500	2568000	8890500	6711000	6459000
39.00	64500	2727000	9100500	6814500	6534000
40.00	64500	2811000	9319500	6939000	6736500
41.00	64500	2869500	9483000	7081500	6874500
42.00	64500	2946000	9664500	7177500	6994500
43.00	64500	3093000	9868500	7269000	7141500
44.00	64500	3346500	10068000	7468500	7366500
45.00	64500	3412500	10381500	7680000	7645500
46.00	64500	3415500	10687500	7693500	7915500
47.00	64500	3432000	10965000	7707000	8124000
48.00	64500	3442500	11250000	7714500	8311500
49.00	64500	3451500	11569500	7722000	8532000
50.00	64500	3472500	11875500	7735500	8821500
51.00	64500	3543000	11949000	7779000	9015000
52.00	64500	3609000	11982000	7837500	9207000
53.00	64500	3661500	12051000	7885500	9358500
54.00	64500	3726000	12112500	7945500	9486000
55.00	64500	3780000	12153000	7992000	9633000
56.00	64500	3834000	12402000	8212500	9712500
57.00	64500	3840000	12636000	8358000	9846000
58.00	64500	3841500	12870000	8557500	10042500
59.00	64500	3846000	13069500	8752500	10212000
