Waf: Entering directory `/home/synrg-sc1/Desktop/Jiaming/ns-3.29-mesh/build'
Waf: Leaving directory `/home/synrg-sc1/Desktop/Jiaming/ns-3.29-mesh/build'
Build commands will be stored in build/compile_commands.json
'build' finished successfully (4.070s)
CreateVariables () DONE !!!
Creating 4 APs 45.00 m apart.
CreateApNodes () DONE !!!
Creating 0 CLs 20.00 m apart for each AP.
CreateClNodes () DONE !!!
CreateNodes () DONE !!!
CreateMeshDevices () DONE !!!
CreateWifiDevices () DONE !!!
CreateDevices () DONE !!!
InstallMeshInternetStack () DONE !!!
InstallWifiInternetStack () DONE !!!
InstallInternetStack () DONE !!!
Install gateway on node 0
InstallApplications () DONE !!!
Starting simulation for 60.00 s ...
-------------------------------------------
AP0 -> APm -> CL0-0 -> CL0-n -> CLm-0 -> CLm-n
2.00	1252500	0	940500
3.00	2052000	672000	1860000
4.00	2884500	1323000	2646000
5.00	3822000	2158500	3594000
6.00	4474500	2724000	4308000
7.00	5389500	3504000	5197500
8.00	6127500	3847500	6027000
9.00	6795000	4071000	6903000
10.00	7611000	4398000	8029500
11.00	8328000	4711500	9072000
12.00	9070500	5019000	10165500
13.00	9840000	5254500	11218500
14.00	10581000	5544000	12336000
15.00	11409000	5889000	13393500
16.00	12240000	6211500	14517000
17.00	12985500	6501000	15640500
18.00	13669500	6793500	16560000
19.00	14359500	6993000	17502000
20.00	15087000	7195500	18474000
21.00	15906000	7408500	19560000
22.00	16599000	7632000	20556000
23.00	17227500	7977000	21538500
24.00	17344500	8637000	22482000
25.00	17452500	9316500	23407500
26.00	17647500	10020000	24448500
27.00	17803500	10765500	25482000
28.00	17974500	11298000	26526000
29.00	19128000	11730000	27675000
30.00	19975500	12549000	28605000
31.00	20926500	13387500	29596500
32.00	21894000	14283000	30544500
33.00	22596000	14865000	31201500
34.00	23484000	15603000	32152500
35.00	24217500	15874500	33063000
36.00	24916500	16071000	34011000
37.00	25689000	16392000	35142000
38.00	26496000	16759500	36258000
39.00	27211500	16993500	37141500
40.00	28051500	17314500	38322000
41.00	28834500	17587500	39382500
42.00	29584500	17859000	40366500
43.00	30385500	18154500	41473500
44.00	31155000	18400500	42519000
45.00	31954500	18714000	43564500
46.00	32614500	18895500	44496000
47.00	33421500	19189500	45562500
48.00	34219500	19501500	46741500
49.00	34947000	19789500	47799000
50.00	35647500	20107500	48771000
51.00	36427500	20467500	49876500
52.00	37174500	20640000	50911500
53.00	37842000	20728500	51703500
54.00	38548500	21012000	52747500
55.00	39276000	21478500	53511000
56.00	40156500	22354500	54517500
57.00	41284500	23250000	55555500
58.00	42310500	24148500	56530500
59.00	43150500	24999000	57499500
