Waf: Entering directory `/home/synrg-sc1/Desktop/Jiaming/ns-3.29-mesh/build'
Waf: Leaving directory `/home/synrg-sc1/Desktop/Jiaming/ns-3.29-mesh/build'
Build commands will be stored in build/compile_commands.json
'build' finished successfully (4.068s)
CreateVariables () DONE !!!
Creating 27 APs 50.00 m apart.
CreateApNodes () DONE !!!
Creating 0 CLs 20.00 m away from each AP.
CreateClNodes () DONE !!!
CreateNodes () DONE !!!
CreateMeshDevices () DONE !!!
CreateWifiDevices () DONE !!!
CreateCsmaDevices () DONE !!!
CreateDevices () DONE !!!
InstallMeshInternetStack () DONE !!!
InstallWifiInternetStack () DONE !!!
InstallCsmaInternetStack () DONE !!!
InstallInternetStack () DONE !!!
Gateway is connect to AP 0
InstallApplications () DONE !!!
Starting simulation for 60.00 s ...
-------------------------------------------------
Time[s]	ap-0	ap-1	ap-2	ap-3	ap-4	ap-5	ap-6	ap-7	ap-8	ap-9	ap-10	ap-11	ap-12	ap-13	ap-14	ap-15	ap-16	ap-17	ap-18	ap-19	ap-20	ap-21	ap-22	ap-23	ap-24	ap-25	ap-26
2.00	1.89	1.90	1.90	0.00	0.25	1.03	0.00	0.00	0.55	1.18	0.00	0.39	0.00	0.00	0.00	1.04	0.00	0.00	0.00	0.00	0.00	0.70	0.00	0.31	0.00	0.13	0.00
3.00	1.91	1.91	1.91	0.00	0.04	0.86	0.00	0.00	0.38	0.79	0.10	0.49	0.13	0.00	0.00	0.72	0.00	0.00	0.00	0.00	0.00	0.80	0.00	0.18	0.01	0.00	0.02
4.00	1.91	1.91	1.91	0.04	0.00	0.67	0.11	0.10	0.13	0.38	0.03	0.00	0.13	0.00	0.00	1.22	0.00	0.00	0.00	0.00	0.00	0.58	0.00	0.21	0.03	0.04	0.01
5.00	1.91	1.91	1.91	0.19	0.00	0.67	0.44	0.04	0.01	0.00	0.01	0.00	0.62	0.00	0.00	1.21	0.00	0.00	0.00	0.00	0.00	0.40	0.00	0.00	0.00	0.01	0.00
6.00	1.91	1.91	1.91	0.08	0.01	0.73	0.28	0.04	0.00	0.16	0.15	0.00	0.42	0.00	0.00	1.03	0.00	0.00	0.00	0.00	0.00	0.02	0.15	0.01	0.03	0.01	0.00
7.00	1.91	1.91	1.91	0.00	0.22	1.09	0.24	0.00	0.06	0.31	0.49	0.00	0.01	0.00	0.00	1.94	0.00	0.00	0.00	0.00	0.00	0.00	0.38	0.11	0.00	0.02	0.00
8.00	1.90	1.90	1.90	0.00	0.15	0.85	0.01	0.00	0.31	0.27	0.65	0.01	0.00	0.00	0.00	1.63	0.00	0.00	0.00	0.00	0.00	0.00	0.11	0.25	0.11	0.09	0.00
9.00	1.91	1.91	1.91	0.09	0.09	0.51	0.00	0.00	0.33	0.02	0.20	0.00	0.03	0.00	0.00	0.00	0.00	0.00	0.00	0.00	0.00	0.00	0.00	0.09	0.06	0.03	0.02
10.00	1.91	1.91	1.91	0.04	0.01	0.35	0.03	0.00	0.56	0.40	0.15	0.00	0.07	0.00	0.00	0.00	0.00	0.00	0.00	0.00	0.00	0.00	0.00	0.38	0.06	0.11	0.02
11.00	1.91	1.91	1.91	0.07	0.03	0.38	0.15	0.00	0.33	0.74	0.10	0.00	0.01	0.00	0.00	0.00	0.00	0.00	0.00	0.00	0.00	0.00	0.11	0.20	0.01	0.00	0.00
12.00	1.91	1.91	1.91	0.20	0.24	0.88	0.12	0.00	0.56	0.37	0.03	0.02	0.02	0.00	0.00	0.00	0.00	0.00	0.00	0.00	0.00	0.00	0.01	0.53	0.02	0.03	0.01
13.00	1.91	1.91	1.91	0.00	0.42	0.01	0.22	0.00	0.26	0.69	0.07	0.04	0.01	0.00	0.00	0.00	0.00	0.00	0.00	0.00	0.00	0.00	0.00	0.01	0.01	0.00	0.00
14.00	1.90	1.90	1.90	0.00	0.08	0.63	0.48	0.00	0.01	0.85	0.18	0.09	0.00	0.00	0.00	0.00	0.00	0.00	0.00	0.00	0.00	0.00	0.03	0.19	0.06	0.03	0.08
15.00	1.91	1.91	1.91	0.00	0.07	1.65	0.08	0.00	0.54	0.42	0.51	0.00	0.07	0.00	0.00	0.73	0.00	0.00	0.00	0.00	0.00	0.00	0.00	0.13	0.07	0.00	0.02
16.00	1.91	1.91	1.91	0.00	0.09	0.79	0.47	0.00	0.51	0.19	0.47	0.03	0.02	0.00	0.00	0.95	0.00	0.00	0.00	0.00	0.00	0.00	0.09	0.00	0.01	0.01	0.00
17.00	1.91	1.91	1.91	0.00	0.10	0.01	0.07	0.00	0.51	0.65	0.13	0.00	0.00	0.00	0.00	0.71	0.00	0.00	0.00	0.00	0.00	0.00	0.20	0.17	0.01	0.00	0.00
18.00	1.91	1.91	1.91	0.00	0.08	0.09	0.15	0.01	0.65	0.62	0.16	0.00	0.00	0.00	0.00	0.95	0.00	0.00	0.00	0.00	0.00	0.00	0.02	0.20	0.06	0.07	0.01
19.00	1.91	1.91	1.91	0.00	0.07	0.08	0.10	0.06	0.57	0.62	0.03	0.00	0.00	0.00	0.00	1.34	0.00	0.00	0.00	0.00	0.00	0.00	0.01	0.16	0.00	0.01	0.00
20.00	1.90	1.90	1.90	0.00	0.12	0.09	0.07	0.04	0.63	0.69	0.03	0.00	0.00	0.00	0.00	1.06	0.00	0.00	0.00	0.00	0.00	0.00	0.08	0.02	0.06	0.09	0.00
21.00	1.91	1.91	1.91	0.00	0.17	0.15	0.03	0.07	0.72	0.79	0.09	0.00	0.01	0.00	0.00	1.11	0.00	0.00	0.00	0.00	0.00	0.00	0.16	0.19	0.04	0.00	0.01
22.00	1.91	1.91	1.91	0.00	0.13	0.39	0.16	0.06	0.46	0.65	0.57	0.01	0.03	0.00	0.00	0.99	0.00	0.00	0.00	0.00	0.00	0.00	0.00	0.44	0.02	0.00	0.00
23.00	1.91	1.91	1.91	0.06	0.10	0.80	0.00	0.00	0.38	0.80	0.44	0.00	0.12	0.00	0.00	1.28	0.00	0.00	0.00	0.00	0.00	0.00	0.00	0.30	0.07	0.00	0.01
24.00	1.91	1.91	1.91	0.13	0.12	0.66	0.20	0.00	0.56	0.64	0.36	0.00	0.04	0.00	0.00	1.11	0.00	0.00	0.00	0.00	0.00	0.00	0.02	0.38	0.04	0.02	0.02
25.00	1.91	1.91	1.91	0.17	0.00	0.91	0.13	0.00	0.73	0.66	0.56	0.00	0.02	0.00	0.00	0.90	0.00	0.00	0.00	0.00	0.00	0.00	0.01	0.21	0.00	0.01	0.00
26.00	1.90	1.90	1.90	0.10	0.00	0.73	0.10	0.00	0.51	0.66	0.30	0.00	0.04	0.00	0.00	0.70	0.00	0.00	0.00	0.00	0.00	0.00	0.03	0.30	0.00	0.00	0.01
27.00	1.91	1.91	1.91	0.01	0.00	0.02	0.09	0.01	0.63	0.63	0.21	0.19	0.00	0.00	0.00	0.85	0.00	0.00	0.00	0.00	0.00	0.00	0.03	0.40	0.06	0.01	0.00
28.00	1.91	1.91	1.91	0.03	0.02	0.42	0.07	0.01	0.51	0.46	0.39	0.10	0.00	0.00	0.00	1.20	0.00	0.00	0.00	0.00	0.00	0.00	0.00	0.10	0.00	0.00	0.00
29.00	1.91	1.91	1.91	0.17	0.18	0.62	0.15	0.03	0.36	0.64	0.25	0.03	0.00	0.00	0.00	1.52	0.00	0.00	0.00	0.00	0.00	0.00	0.17	0.39	0.02	0.01	0.02
30.00	1.91	1.91	1.91	0.08	0.15	0.38	0.07	0.01	0.43	0.84	0.44	0.03	0.03	0.00	0.00	1.75	0.00	0.00	0.00	0.00	0.00	0.00	0.24	0.28	0.07	0.04	0.01
31.00	1.91	1.91	1.91	0.00	0.07	0.03	0.07	0.00	0.67	0.84	0.40	0.02	0.00	0.00	0.00	1.83	0.00	0.00	0.00	0.00	0.00	0.00	0.09	0.01	0.00	0.12	0.00
32.00	1.90	1.90	1.90	0.03	0.33	0.04	0.03	0.00	0.39	1.08	0.30	0.02	0.00	0.00	0.00	0.84	0.00	0.00	0.00	0.00	0.00	0.00	0.08	0.00	0.00	0.03	0.00
33.00	1.91	1.91	1.91	0.02	0.13	0.02	0.08	0.00	0.44	0.53	0.30	0.17	0.03	0.00	0.00	0.00	0.00	0.00	0.00	0.00	0.00	0.00	0.03	0.45	0.09	0.02	0.07
34.00	1.91	1.91	1.91	0.00	0.00	0.00	0.06	0.00	0.49	0.03	0.22	0.01	0.09	0.00	0.00	0.47	0.00	0.00	0.00	0.00	0.00	0.00	0.00	0.27	0.07	0.09	0.04
35.00	1.91	1.91	1.91	0.17	0.11	0.20	0.04	0.00	0.52	0.26	0.33	0.13	0.02	0.00	0.00	0.93	0.00	0.00	0.00	0.00	0.00	0.00	0.07	0.54	0.06	0.04	0.04
36.00	1.91	1.91	1.91	0.12	0.00	0.40	0.10	0.03	0.54	0.03	0.29	0.20	0.07	0.00	0.00	0.75	0.00	0.00	0.00	0.00	0.00	0.00	0.07	0.27	0.01	0.00	0.01
37.00	1.91	1.91	1.91	0.07	0.07	0.28	0.08	0.01	0.52	0.08	0.38	0.00	0.03	0.00	0.00	1.13	0.00	0.00	0.00	0.00	0.00	0.00	0.02	0.31	0.07	0.00	0.01
38.00	1.90	1.90	1.90	0.09	0.02	0.51	0.06	0.00	0.56	0.63	0.26	0.00	0.08	0.00	0.00	1.09	0.00	0.00	0.00	0.00	0.00	0.00	0.01	0.27	0.18	0.00	0.01
39.00	1.91	1.91	1.91	0.03	0.00	0.91	0.22	0.03	0.65	0.60	0.36	0.21	0.02	0.00	0.00	0.92	0.00	0.00	0.00	0.00	0.00	0.00	0.00	0.24	0.02	0.00	0.00
40.00	1.91	1.91	1.91	0.00	0.00	1.52	0.06	0.00	0.92	1.28	0.17	0.27	0.00	0.00	0.00	1.71	0.00	0.00	0.00	0.00	0.00	0.00	0.09	0.89	0.51	0.00	0.00
41.00	1.91	1.91	1.91	0.00	0.01	0.98	0.08	0.03	0.72	0.94	0.16	0.38	0.02	0.00	0.00	1.04	0.00	0.00	0.00	0.00	0.00	0.43	0.42	1.46	0.22	0.00	0.00
42.00	1.91	1.91	1.91	0.02	0.08	1.00	0.07	0.02	0.57	0.58	0.31	0.30	0.02	0.00	0.00	1.17	0.00	0.00	0.00	0.00	0.00	0.69	0.20	0.74	0.17	0.00	0.00
43.00	1.91	1.91	1.91	0.01	0.09	0.65	0.03	0.02	0.66	0.03	0.42	0.10	0.09	0.00	0.00	0.91	0.00	0.00	0.00	0.00	0.00	1.08	0.08	0.80	0.06	0.00	0.04
44.00	1.90	1.90	1.90	0.03	0.26	0.86	0.13	0.02	0.97	0.33	0.45	0.00	0.00	0.00	0.00	1.06	0.00	0.00	0.00	0.00	0.00	0.77	0.03	0.42	0.00	0.00	0.00
45.00	1.91	1.91	1.91	0.00	0.16	0.00	0.27	0.01	0.82	0.28	0.65	0.40	0.00	0.00	0.00	1.07	0.00	0.00	0.00	0.00	0.00	0.39	0.08	0.25	0.00	0.00	0.00
46.00	1.91	1.91	1.91	0.00	0.11	0.00	0.49	0.00	0.00	0.07	0.74	0.85	0.00	0.00	0.00	0.63	0.00	0.00	0.00	0.00	0.00	0.45	0.09	0.55	0.06	0.00	0.04
47.00	1.91	1.91	1.91	0.00	0.54	0.07	0.39	0.00	0.00	0.22	0.76	0.57	0.00	0.00	0.00	0.00	0.00	0.00	0.00	0.00	0.00	0.63	0.07	0.34	0.04	0.00	0.01
48.00	1.91	1.91	1.91	0.00	0.36	0.01	0.57	0.00	0.00	0.11	0.67	0.66	0.00	0.00	0.00	0.00	0.00	0.00	0.00	0.00	0.00	0.91	0.17	0.48	0.09	0.00	0.00
49.00	1.91	1.91	1.91	0.00	0.33	0.02	0.35	0.00	0.00	0.20	0.58	0.60	0.00	0.00	0.00	0.79	0.00	0.00	0.00	0.00	0.00	0.52	0.19	0.85	0.03	0.00	0.06
50.00	1.91	1.91	1.91	0.00	0.17	1.07	0.08	0.00	0.00	0.52	1.02	0.34	0.00	0.00	0.00	0.84	0.00	0.00	0.00	0.00	0.00	0.57	0.03	0.01	0.00	0.00	0.00
51.00	1.90	1.90	1.90	0.00	0.08	1.82	0.12	0.00	0.00	0.79	1.08	0.08	0.00	0.00	0.00	0.79	0.00	0.00	0.11	0.00	0.01	0.24	0.01	0.03	0.00	0.00	0.00
52.00	1.91	1.91	1.91	0.00	0.12	1.75	0.20	0.00	0.00	0.38	1.26	0.57	0.00	0.00	0.00	0.58	0.00	0.00	0.03	0.00	0.02	0.99	0.06	0.02	0.00	0.00	0.00
53.00	1.91	1.91	1.91	0.00	0.07	1.94	0.17	0.00	0.00	0.54	0.94	0.62	0.00	0.00	0.00	0.45	0.00	0.00	0.01	0.00	0.01	0.47	0.08	0.00	0.01	0.00	0.00
54.00	1.91	1.91	1.91	0.00	0.03	1.79	0.34	0.00	0.00	0.93	0.76	0.46	0.00	0.00	0.00	0.65	0.00	0.00	0.00	0.00	0.00	0.34	0.06	0.06	0.01	0.00	0.01
55.00	1.91	1.91	1.91	0.33	0.17	1.08	0.04	0.00	0.60	1.25	0.69	0.17	0.12	0.00	0.00	0.72	0.00	0.00	0.00	0.00	0.00	0.46	0.04	0.09	0.02	0.00	0.01
56.00	1.91	1.91	1.91	0.15	0.09	0.45	0.03	0.00	0.44	0.64	0.45	0.00	0.03	0.00	0.00	0.92	0.00	0.00	0.00	0.00	0.00	0.38	0.03	0.16	0.03	0.00	0.02
57.00	1.90	1.90	1.90	0.30	0.15	1.03	0.26	0.00	0.37	0.03	0.61	0.00	0.07	0.00	0.00	0.84	0.00	0.00	0.01	0.00	0.00	0.27	0.00	0.00	0.01	0.00	0.00
58.00	1.91	1.91	1.91	0.29	0.00	0.72	0.33	0.00	0.77	0.00	1.03	0.16	0.08	0.00	0.00	0.48	0.00	0.00	0.00	0.00	0.02	0.34	0.10	0.09	0.00	0.00	0.01
59.00	1.91	1.91	1.91	0.49	0.00	0.91	0.30	0.00	0.48	0.00	0.63	0.15	0.19	0.00	0.00	0.84	0.00	0.00	0.02	0.00	0.01	0.43	0.04	0.00	0.00	0.00	0.00
