Waf: Entering directory `/home/synrg-sc1/Desktop/Jiaming/ns-3.29-mesh/build'
Waf: Leaving directory `/home/synrg-sc1/Desktop/Jiaming/ns-3.29-mesh/build'
Build commands will be stored in build/compile_commands.json
'build' finished successfully (4.077s)
CreateVariables () DONE !!!
Creating 27 APs 50.00 m apart.
CreateApNodes () DONE !!!
Creating 0 CLs 20.00 m away from each AP.
CreateClNodes () DONE !!!
CreateNodes () DONE !!!
CreateMeshDevices () DONE !!!
CreateWifiDevices () DONE !!!
CreateCsmaDevices () DONE !!!
CreateDevices () DONE !!!
InstallMeshInternetStack () DONE !!!
InstallWifiInternetStack () DONE !!!
InstallCsmaInternetStack () DONE !!!
InstallInternetStack () DONE !!!
Gateway is connect to AP 0
InstallApplications () DONE !!!
Starting simulation for 60.00 s ...
-------------------------------------------------
Time[s]	ap-0	ap-1	ap-2	ap-3	ap-4	ap-5	ap-6	ap-7	ap-8	ap-9	ap-10	ap-11	ap-12	ap-13	ap-14	ap-15	ap-16	ap-17	ap-18	ap-19	ap-20	ap-21	ap-22	ap-23	ap-24	ap-25	ap-26
2.00	1.90	1.90	1.90	0.55	0.26	1.64	0.00	0.00	1.00	0.00	0.18	0.00	0.00	0.00	0.00	0.00	0.00	0.08	0.10	0.00	0.00	1.01	0.00	0.39	0.00	0.00	0.00
3.00	1.91	1.91	1.91	0.67	0.00	1.13	0.00	0.39	0.42	0.10	0.03	0.00	0.00	0.00	0.00	0.40	0.00	0.00	0.06	0.00	0.00	0.22	0.00	0.35	0.00	0.01	0.00
4.00	1.91	1.91	1.91	0.30	0.00	0.88	0.00	0.20	0.01	0.18	0.00	0.00	0.00	0.00	0.00	0.70	0.00	0.01	0.01	0.00	0.00	0.00	0.00	0.22	0.00	0.21	0.03
5.00	1.91	1.91	1.91	0.21	0.00	0.92	0.00	0.04	0.75	0.01	0.00	0.11	0.00	0.00	0.00	0.44	0.00	0.00	0.00	0.00	0.00	0.35	0.00	0.04	0.00	0.08	0.00
6.00	1.91	1.91	1.91	0.24	0.00	2.56	0.00	0.04	0.62	1.43	0.00	0.64	0.00	0.00	0.00	0.27	0.00	0.04	0.00	0.00	0.00	0.51	0.00	0.88	0.00	0.01	0.11
7.00	1.91	1.91	1.91	1.13	0.00	1.57	0.00	0.00	0.40	1.55	0.00	0.47	0.00	0.00	0.00	0.40	0.00	0.11	0.00	0.00	0.00	0.57	0.00	0.46	0.00	0.03	0.01
8.00	1.90	1.90	1.90	1.15	0.00	1.58	0.00	0.00	0.00	1.53	0.00	0.26	0.00	0.00	0.00	0.48	0.00	0.00	0.07	0.00	0.00	0.53	0.01	0.58	0.00	0.95	0.10
9.00	1.91	1.91	1.91	0.85	0.00	1.43	0.00	0.00	0.45	1.75	0.00	0.08	0.00	0.00	0.00	0.49	0.00	0.00	0.02	0.03	0.00	0.43	0.01	0.40	0.00	0.36	0.00
10.00	1.91	1.91	1.91	0.37	0.00	1.12	0.00	0.35	0.01	1.10	0.00	0.12	0.00	0.00	0.00	0.43	0.00	0.00	0.01	0.01	0.00	0.21	0.01	0.00	0.00	0.34	0.00
11.00	1.91	1.91	1.91	0.00	0.00	0.00	0.00	0.19	0.35	0.52	0.00	0.00	0.00	0.00	0.00	0.13	0.00	0.00	0.01	0.04	0.00	0.42	0.01	0.09	0.00	0.27	0.03
12.00	1.91	1.91	1.91	0.47	0.00	1.10	0.00	0.00	0.20	0.65	0.00	0.00	0.00	0.00	0.00	0.56	0.00	0.00	0.00	0.00	0.00	0.48	0.08	0.43	0.00	0.82	0.00
13.00	1.91	1.91	1.91	0.81	0.00	1.44	0.00	0.00	0.17	0.56	0.17	0.00	0.00	0.00	0.00	0.64	0.00	0.00	0.00	0.00	0.00	0.58	0.15	1.00	0.00	0.26	0.01
14.00	1.90	1.90	1.90	0.82	0.00	1.12	0.00	0.00	0.27	0.19	0.01	0.00	0.00	0.00	0.00	0.49	0.00	0.00	0.00	0.00	0.00	0.46	0.00	0.47	0.00	0.57	0.00
15.00	1.91	1.91	1.91	0.26	0.17	1.20	0.00	0.00	0.36	0.49	0.03	0.00	0.00	0.00	0.00	0.40	0.00	0.00	0.00	0.00	0.00	0.36	0.03	0.37	0.00	0.83	0.19
16.00	1.91	1.91	1.91	0.60	0.31	1.74	0.00	0.00	0.19	0.07	0.33	0.00	0.00	0.00	0.00	0.44	0.00	0.00	0.00	0.00	0.00	0.58	0.06	0.40	0.00	0.25	0.17
17.00	1.91	1.91	1.91	0.55	0.33	1.39	0.00	0.00	0.34	0.06	0.46	0.00	0.00	0.00	0.00	0.63	0.00	0.00	0.01	0.00	0.00	0.39	0.01	0.66	0.00	0.01	0.02
18.00	1.91	1.91	1.91	0.16	0.10	0.58	0.00	0.00	0.18	0.01	0.13	0.00	0.00	0.00	0.00	0.44	0.00	0.00	0.03	0.00	0.00	0.24	0.00	0.08	0.00	0.02	0.00
19.00	1.91	1.91	1.91	0.00	0.00	0.00	0.00	0.00	0.04	0.08	0.15	0.00	0.00	0.00	0.00	0.42	0.00	0.00	0.01	0.00	0.00	0.35	0.00	0.18	0.00	0.01	0.01
20.00	1.90	1.90	1.90	0.01	0.00	0.03	0.00	0.00	0.20	0.07	0.28	0.00	0.00	0.00	0.00	0.51	0.00	0.00	0.02	0.00	0.00	0.31	0.00	0.84	0.00	0.22	0.07
21.00	1.91	1.91	1.91	0.18	0.12	0.81	0.00	0.00	0.01	0.12	0.43	0.00	0.00	0.00	0.00	0.43	0.00	0.00	0.00	0.00	0.00	1.02	0.00	0.98	0.00	0.17	0.03
22.00	1.91	1.91	1.91	0.38	0.18	1.33	0.00	0.00	0.16	0.49	0.24	0.01	0.00	0.00	0.00	0.47	0.00	0.00	0.00	0.00	0.00	0.58	0.00	0.24	0.00	0.11	0.09
23.00	1.91	1.91	1.91	0.53	0.22	1.62	0.00	0.00	0.36	1.25	0.00	0.00	0.00	0.00	0.00	0.47	0.00	0.00	0.02	0.00	0.00	1.01	0.00	0.39	0.00	0.10	0.03
24.00	1.91	1.91	1.91	0.63	0.47	1.55	0.00	0.00	0.00	1.10	0.17	0.00	0.00	0.00	0.00	0.49	0.00	0.00	0.00	0.00	0.01	0.91	0.00	1.34	0.00	0.12	0.04
25.00	1.91	1.91	1.91	0.45	0.27	1.42	0.00	0.00	0.01	0.67	0.60	0.00	0.00	0.00	0.00	0.44	0.00	0.00	0.00	0.00	0.00	0.81	0.00	0.54	0.00	0.02	0.12
26.00	1.90	1.90	1.90	0.00	0.00	0.00	0.00	0.00	0.02	0.71	0.44	0.00	0.00	0.00	0.00	0.65	0.00	0.00	0.00	0.00	0.00	0.54	0.00	0.01	0.00	0.04	0.03
27.00	1.91	1.91	1.91	0.00	0.00	0.00	0.00	0.00	0.10	1.31	0.69	0.03	0.00	0.00	0.00	0.28	0.00	0.00	0.00	0.00	0.00	1.12	0.00	2.11	0.00	0.04	0.04
28.00	1.91	1.91	1.91	0.00	0.00	0.00	0.00	0.00	0.51	0.08	0.53	0.02	0.00	0.00	0.00	0.24	0.00	0.00	0.00	0.00	0.00	0.98	0.00	2.17	0.00	0.22	0.07
29.00	1.91	1.91	1.91	0.00	0.35	0.00	0.00	0.00	0.56	0.00	0.36	0.00	0.00	0.00	0.00	0.04	0.00	0.00	0.00	0.00	0.00	0.90	0.62	1.21	0.00	0.36	0.18
30.00	1.91	1.91	1.91	0.00	0.86	0.00	0.00	0.00	0.46	0.00	0.57	0.00	0.00	0.00	0.00	0.11	0.00	0.00	0.00	0.00	0.00	0.77	0.38	1.50	0.00	0.20	0.03
31.00	1.91	1.91	1.91	0.00	0.81	0.00	0.00	0.00	0.53	0.25	0.66	0.03	0.00	0.00	0.00	0.18	0.00	0.00	0.00	0.00	0.00	0.94	0.61	0.94	0.00	0.31	0.11
32.00	1.90	1.90	1.90	0.04	0.74	0.61	0.00	0.00	0.39	1.12	0.93	0.17	0.00	0.00	0.00	0.20	0.00	0.00	0.00	0.00	0.00	1.02	0.74	1.80	0.00	0.04	0.00
33.00	1.91	1.91	1.91	0.09	0.79	1.68	0.00	0.00	0.52	1.09	0.10	0.03	0.00	0.00	0.00	0.26	0.00	0.00	0.00	0.01	0.00	0.79	0.10	1.27	0.00	0.56	0.00
34.00	1.91	1.91	1.91	0.04	0.72	1.21	0.00	0.00	0.43	1.08	0.64	0.10	0.00	0.00	0.00	0.36	0.00	0.00	0.00	0.00	0.00	0.13	0.13	1.01	0.00	0.19	0.02
35.00	1.91	1.91	1.91	0.03	0.51	1.49	0.00	0.00	0.58	0.80	0.70	0.15	0.00	0.00	0.00	0.27	0.00	0.00	0.00	0.00	0.00	0.24	0.21	0.94	0.00	0.02	0.01
36.00	1.91	1.91	1.91	0.03	0.24	1.86	0.00	0.00	0.69	1.01	0.81	0.06	0.00	0.00	0.00	0.42	0.00	0.00	0.00	0.00	0.00	0.31	0.07	0.85	0.00	0.19	0.11
37.00	1.91	1.91	1.91	0.07	0.58	1.29	0.00	0.00	0.33	0.92	0.64	0.13	0.00	0.00	0.00	0.44	0.00	0.00	0.00	0.00	0.00	0.24	0.20	0.75	0.00	0.33	0.12
38.00	1.90	1.90	1.90	0.12	0.47	1.72	0.00	0.00	0.29	0.91	0.37	0.11	0.01	0.00	0.00	0.48	0.00	0.00	0.00	0.00	0.00	0.36	0.01	0.37	0.00	0.00	0.15
39.00	1.91	1.91	1.91	0.04	0.28	1.80	0.00	0.00	0.31	0.84	0.26	0.09	0.00	0.00	0.00	0.54	0.00	0.00	0.01	0.00	0.00	0.55	0.00	0.15	0.00	0.00	0.04
40.00	1.91	1.91	1.91	0.09	0.46	1.34	0.00	0.00	0.28	0.76	0.49	0.02	0.00	0.00	0.00	0.46	0.00	0.00	0.03	0.00	0.00	0.74	0.01	0.29	0.00	0.33	0.01
41.00	1.91	1.91	1.91	0.21	0.44	1.28	0.00	0.00	0.25	1.08	0.48	0.00	0.00	0.00	0.00	0.28	0.00	0.00	0.00	0.00	0.00	0.73	0.11	0.36	0.00	0.31	0.09
42.00	1.91	1.91	1.91	0.35	0.60	1.40	0.00	0.00	0.28	0.95	0.27	0.02	0.00	0.00	0.00	0.40	0.00	0.00	0.03	0.00	0.00	0.76	0.04	0.52	0.00	0.55	0.07
43.00	1.91	1.91	1.91	0.42	0.63	1.55	0.00	0.00	0.20	1.25	0.48	0.00	0.00	0.00	0.00	0.60	0.00	0.00	0.01	0.00	0.00	0.60	0.01	0.19	0.00	0.26	0.07
44.00	1.90	1.90	1.90	0.39	0.47	0.93	0.00	0.00	0.45	0.38	0.53	0.00	0.00	0.00	0.00	0.28	0.00	0.00	0.02	0.00	0.00	0.84	0.18	0.91	0.00	0.00	0.00
45.00	1.91	1.91	1.91	0.10	0.38	1.02	0.00	0.00	0.19	0.09	0.29	0.00	0.00	0.00	0.00	0.30	0.00	0.00	0.01	0.00	0.00	0.98	0.11	1.00	0.00	0.12	0.09
46.00	1.91	1.91	1.91	0.13	0.35	0.93	0.00	0.00	0.00	0.07	0.60	0.01	0.00	0.00	0.00	0.40	0.00	0.00	0.00	0.00	0.00	0.21	0.03	0.82	0.00	0.01	0.04
47.00	1.91	1.91	1.91	0.00	0.12	1.12	0.00	0.00	0.21	0.20	0.84	0.00	0.00	0.00	0.00	0.47	0.00	0.00	0.00	0.00	0.00	0.67	0.03	0.53	0.00	0.07	0.02
48.00	1.91	1.91	1.91	0.02	0.36	1.15	0.00	0.00	0.16	0.27	0.83	0.01	0.00	0.00	0.00	0.51	0.00	0.00	0.00	0.00	0.00	0.48	0.29	0.69	0.00	0.12	0.03
49.00	1.91	1.91	1.91	0.11	0.38	1.00	0.00	0.00	0.58	0.24	0.64	0.01	0.00	0.00	0.00	0.46	0.01	0.00	0.00	0.00	0.00	0.17	0.40	0.93	0.00	0.60	0.27
50.00	1.91	1.90	1.91	0.11	0.29	1.00	0.00	0.00	0.51	0.48	0.64	0.01	0.01	0.00	0.00	0.43	0.18	0.00	0.00	0.00	0.00	0.57	0.08	0.34	0.00	0.00	0.58
51.00	1.90	1.91	1.90	0.15	0.44	1.30	0.00	0.00	0.19	0.40	0.34	0.02	0.01	0.00	0.00	0.70	0.01	0.00	0.01	0.00	0.00	0.63	0.06	0.39	0.00	0.00	1.19
52.00	1.91	1.91	1.91	0.19	0.49	1.47	0.00	0.00	0.24	1.37	0.53	0.01	0.00	0.00	0.00	0.36	0.00	0.00	0.02	0.00	0.01	0.69	0.02	0.57	0.00	0.00	1.00
53.00	1.91	1.91	1.91	0.29	0.54	1.01	0.00	0.00	0.53	1.39	0.62	0.00	0.00	0.00	0.00	0.51	0.00	0.00	0.01	0.00	0.00	0.43	0.12	0.69	0.00	0.00	0.52
54.00	1.91	1.91	1.91	0.03	0.73	1.16	0.00	0.00	0.24	1.07	0.54	0.00	0.00	0.00	0.00	0.44	0.00	0.00	0.00	0.00	0.00	0.53	0.04	0.42	0.00	0.00	0.88
55.00	1.91	1.91	1.91	0.13	0.73	1.70	0.00	0.00	0.45	0.35	0.56	0.02	0.00	0.00	0.00	0.34	0.00	0.00	0.01	0.00	0.00	0.37	0.09	0.31	0.00	0.00	0.84
56.00	1.91	1.91	1.91	0.24	0.64	1.71	0.00	0.00	0.57	0.00	0.89	0.00	0.00	0.00	0.00	0.31	0.00	0.00	0.00	0.00	0.00	0.42	0.11	1.06	0.00	0.00	0.86
57.00	1.90	1.90	1.90	0.11	0.44	1.35	0.00	0.00	0.34	0.00	0.69	0.00	0.00	0.00	0.00	0.40	0.00	0.00	0.00	0.00	0.00	0.67	0.77	1.34	0.00	0.00	0.00
58.00	1.91	1.91	1.91	0.31	0.55	1.72	0.00	0.00	0.97	0.00	0.84	0.00	0.00	0.00	0.00	0.25	0.00	0.00	0.00	0.00	0.00	0.58	0.82	0.61	0.00	0.00	1.39
59.00	1.91	1.91	1.91	0.10	0.83	1.36	0.00	0.00	0.38	0.00	0.93	0.00	0.00	0.00	0.00	0.21	0.00	0.00	0.00	0.00	0.00	0.73	0.60	0.97	0.00	0.03	1.02
