Waf: Entering directory `/home/synrg-sc1/Desktop/Jiaming/ns-3.29-mesh/build'
Waf: Leaving directory `/home/synrg-sc1/Desktop/Jiaming/ns-3.29-mesh/build'
Build commands will be stored in build/compile_commands.json
'build' finished successfully (4.059s)
CreateVariables () DONE !!!
Creating 27 APs 50.00 m apart.
CreateApNodes () DONE !!!
Creating 0 CLs 20.00 m away from each AP.
CreateClNodes () DONE !!!
CreateNodes () DONE !!!
CreateMeshDevices () DONE !!!
CreateWifiDevices () DONE !!!
CreateCsmaDevices () DONE !!!
CreateDevices () DONE !!!
InstallMeshInternetStack () DONE !!!
InstallWifiInternetStack () DONE !!!
InstallCsmaInternetStack () DONE !!!
InstallInternetStack () DONE !!!
Gateway is connect to AP 0
InstallApplications () DONE !!!
Starting simulation for 60.00 s ...
-------------------------------------------------
Time[s]	ap-0	ap-1	ap-2	ap-3	ap-4	ap-5	ap-6	ap-7	ap-8	ap-9	ap-10	ap-11	ap-12	ap-13	ap-14	ap-15	ap-16	ap-17	ap-18	ap-19	ap-20	ap-21	ap-22	ap-23	ap-24	ap-25	ap-26
2.00	1.89	1.89	1.89	0.00	0.49	0.00	0.00	0.13	0.55	0.00	0.57	0.21	0.00	0.00	0.00	0.00	0.00	0.00	0.00	0.01	0.00	0.48	0.27	0.57	0.00	0.46	0.11
3.00	1.91	1.91	1.91	0.00	0.86	0.63	0.00	0.17	0.02	0.27	0.95	0.27	0.00	0.00	0.00	0.00	0.00	0.00	0.00	0.30	0.00	0.85	0.37	0.00	0.55	1.25	0.00
4.00	1.91	1.91	1.91	0.00	0.04	0.60	0.00	0.36	0.38	0.26	0.71	0.01	0.00	0.00	0.01	0.07	0.00	0.00	0.00	0.29	0.00	0.77	0.76	0.94	0.17	0.45	0.00
5.00	1.91	1.91	1.91	0.00	0.63	1.15	0.00	0.10	0.24	0.03	0.72	0.08	0.00	0.00	0.03	0.22	0.15	0.00	0.00	0.15	0.00	0.28	0.52	0.43	0.45	0.89	0.01
6.00	1.91	1.91	1.91	0.00	1.03	1.11	0.00	0.02	0.04	0.58	0.89	0.27	0.00	0.00	0.06	0.25	0.18	0.00	0.00	0.16	0.00	0.71	0.26	0.65	0.48	0.77	0.01
7.00	1.91	1.91	1.91	0.00	0.00	0.91	0.00	0.00	0.55	0.00	0.01	0.00	0.00	0.00	0.01	0.17	0.19	0.00	0.00	0.00	0.00	0.77	0.04	0.48	0.24	1.01	0.00
8.00	1.90	1.90	1.90	0.00	0.00	1.36	0.40	0.00	0.71	0.13	0.20	0.17	0.00	0.00	0.20	0.16	0.01	0.00	0.00	0.07	0.00	0.47	0.45	0.01	0.29	0.93	0.00
9.00	1.91	1.91	1.91	0.04	0.00	0.47	0.73	0.00	0.62	0.37	0.55	0.21	0.00	0.00	0.04	0.12	0.13	0.00	0.00	0.11	0.00	0.52	0.01	0.36	0.13	1.04	0.15
10.00	1.91	1.91	1.91	0.27	0.01	0.95	0.24	0.00	0.65	0.65	0.56	0.00	0.00	0.00	0.07	0.00	0.26	0.00	0.00	0.21	0.00	0.71	0.01	0.25	0.28	0.71	0.00
11.00	1.91	1.91	1.91	0.13	0.70	0.77	0.58	0.00	0.16	0.06	0.26	0.25	0.00	0.00	0.01	0.00	0.00	0.01	0.00	0.01	0.00	0.43	0.00	0.01	0.13	0.99	0.00
12.00	1.91	1.91	1.91	0.16	0.51	1.11	0.66	0.00	0.13	0.01	0.01	0.43	0.00	0.00	0.13	0.06	0.07	0.00	0.00	0.00	0.00	0.25	0.01	0.62	0.33	0.64	0.03
13.00	1.91	1.91	1.91	0.01	0.53	0.52	0.27	0.00	0.72	0.00	0.00	0.35	0.00	0.00	0.10	0.25	0.01	0.01	0.00	0.01	0.00	0.22	0.00	0.00	0.33	0.95	0.09
14.00	1.90	1.90	1.90	0.00	0.00	0.00	0.26	0.00	0.67	0.63	0.46	0.26	0.00	0.00	0.06	0.18	0.03	0.01	0.00	0.01	0.00	0.31	0.37	0.02	0.18	0.45	0.03
15.00	1.91	1.91	1.91	0.02	0.09	0.19	0.42	0.00	0.53	1.27	0.72	0.25	0.00	0.00	0.00	0.22	0.33	0.00	0.00	0.16	0.00	0.46	0.00	0.29	0.01	0.30	0.00
16.00	1.91	1.91	1.91	0.31	0.00	1.29	0.38	0.01	0.49	1.06	0.62	0.18	0.00	0.00	0.08	0.24	0.17	0.00	0.00	0.25	0.00	0.27	0.00	0.54	0.04	0.55	0.07
17.00	1.91	1.91	1.91	0.48	0.00	1.58	0.62	0.13	0.55	0.20	0.60	0.53	0.00	0.00	0.35	0.04	0.00	0.00	0.01	0.09	0.00	0.39	0.03	0.72	0.17	0.69	0.08
18.00	1.91	1.91	1.91	0.57	0.00	1.44	0.02	0.00	0.33	0.69	0.57	0.12	0.00	0.00	0.45	0.19	0.12	0.00	0.00	0.04	0.00	0.11	0.01	0.69	0.22	0.01	0.00
19.00	1.91	1.91	1.91	0.31	1.19	1.25	0.00	0.12	0.21	0.55	0.26	0.34	0.00	0.00	0.73	0.22	0.00	0.00	0.00	0.00	0.00	0.29	0.07	0.93	0.20	0.00	0.00
20.00	1.90	1.90	1.90	0.15	0.89	0.91	0.00	0.00	0.01	0.37	0.43	0.10	0.00	0.00	0.47	0.26	0.00	0.00	0.00	0.00	0.00	0.40	0.12	0.63	0.42	0.21	0.16
21.00	1.91	1.91	1.91	0.01	0.22	1.38	0.03	0.01	0.13	0.56	0.35	0.35	0.00	0.00	0.00	0.12	0.00	0.00	0.00	0.01	0.00	0.60	0.07	0.55	0.09	0.84	0.18
22.00	1.91	1.91	1.91	0.00	0.65	1.31	0.04	0.08	0.17	0.82	0.06	0.03	0.00	0.00	0.00	0.29	0.00	0.00	0.00	0.15	0.00	0.37	0.13	0.28	0.08	0.46	0.16
23.00	1.91	1.91	1.91	0.00	0.62	1.19	0.33	0.13	0.43	0.80	0.07	0.16	0.00	0.00	0.00	0.17	0.00	0.00	0.00	0.01	0.00	0.77	0.01	0.02	0.20	0.54	0.00
24.00	1.91	1.91	1.91	0.00	0.52	1.26	0.02	0.29	0.49	0.65	0.16	0.35	0.00	0.00	0.00	0.31	0.00	0.00	0.00	0.00	0.00	0.71	0.00	0.06	0.19	0.48	0.00
25.00	1.91	1.91	1.91	0.00	0.86	1.29	0.24	0.12	0.16	0.89	0.17	0.38	0.00	0.00	0.00	0.22	0.00	0.00	0.00	0.02	0.00	0.45	0.00	0.09	0.10	0.98	0.00
26.00	1.90	1.90	1.90	0.00	1.10	1.38	0.62	0.01	0.31	0.93	0.26	0.26	0.00	0.00	0.00	0.31	0.00	0.00	0.00	0.00	0.00	0.62	0.00	0.40	0.16	1.12	0.00
27.00	1.91	1.91	1.91	0.00	0.84	1.28	0.56	0.10	0.45	0.80	0.28	0.25	0.00	0.00	0.00	0.18	0.00	0.00	0.00	0.12	0.00	0.57	0.00	0.45	0.11	0.70	0.00
28.00	1.91	1.91	1.91	0.00	0.39	0.60	0.30	0.04	0.75	0.30	0.46	0.19	0.00	0.00	0.00	0.19	0.00	0.00	0.00	0.21	0.00	0.56	0.00	0.77	0.19	0.25	0.00
29.00	1.91	1.91	1.91	0.00	0.01	0.01	0.16	0.00	0.67	0.73	0.63	0.07	0.00	0.00	0.00	0.10	0.00	0.00	0.02	0.18	0.00	0.55	0.00	0.15	0.01	0.73	0.00
30.00	1.91	1.91	1.91	0.00	0.74	0.53	0.48	0.00	0.89	0.62	0.66	0.10	0.00	0.00	0.00	0.00	0.00	0.00	0.01	0.18	0.00	0.58	0.00	0.16	0.01	0.69	0.00
31.00	1.91	1.91	1.91	0.00	0.46	1.13	0.56	0.00	0.72	0.77	0.34	0.24	0.00	0.00	0.00	0.00	0.00	0.00	0.00	0.10	0.00	0.65	0.00	0.11	0.06	0.44	0.00
32.00	1.90	1.90	1.90	0.00	0.76	1.21	0.49	0.00	0.55	0.63	0.09	0.27	0.00	0.00	0.00	0.02	0.00	0.00	0.00	0.00	0.00	0.51	0.00	0.66	0.35	0.66	0.07
33.00	1.91	1.91	1.91	0.00	0.85	1.26	0.55	0.00	0.58	0.55	0.29	0.01	0.00	0.00	0.00	0.40	0.00	0.00	0.00	0.00	0.00	0.44	0.00	0.74	0.12	1.06	0.31
34.00	1.91	1.91	1.91	0.00	0.83	1.50	0.01	0.00	0.03	0.04	0.03	0.00	0.00	0.00	0.00	0.00	0.00	0.00	0.00	0.12	0.00	0.51	0.00	0.72	0.11	0.75	0.37
35.00	1.91	1.91	1.91	0.00	0.57	0.79	0.02	0.13	0.36	0.10	0.51	0.04	0.00	0.00	0.00	0.00	0.00	0.00	0.00	0.04	0.00	0.69	0.00	0.91	0.04	0.84	0.29
36.00	1.91	1.91	1.91	0.00	0.84	1.17	0.04	0.15	0.72	0.10	0.71	0.03	0.00	0.00	0.00	0.00	0.00	0.00	0.00	0.00	0.00	0.20	0.00	0.58	0.06	0.64	0.26
37.00	1.91	1.91	1.91	0.00	0.80	0.90	0.24	0.06	0.77	0.08	0.64	0.06	0.00	0.00	0.00	0.00	0.00	0.00	0.00	0.00	0.00	0.61	0.00	0.45	0.12	0.72	0.09
38.00	1.90	1.90	1.90	0.00	0.67	1.08	0.58	0.02	0.75	0.08	0.51	0.04	0.00	0.00	0.00	0.00	0.00	0.00	0.00	0.16	0.00	0.83	0.00	0.97	0.01	1.25	0.01
39.00	1.91	1.91	1.91	0.00	0.36	0.77	0.38	0.07	0.62	0.06	0.60	0.03	0.00	0.00	0.00	0.00	0.00	0.00	0.00	0.06	0.00	0.01	0.00	0.52	0.00	0.91	0.29
40.00	1.91	1.91	1.91	0.00	0.08	1.10	0.19	0.02	0.49	0.26	0.01	0.04	0.00	0.00	0.00	0.00	0.00	0.00	0.00	0.00	0.00	0.28	0.00	0.34	0.12	0.71	0.11
41.00	1.91	1.91	1.91	0.13	0.60	1.19	0.01	0.02	0.37	0.00	0.49	0.22	0.00	0.00	0.00	0.00	0.00	0.00	0.00	0.00	0.00	0.19	0.00	0.54	0.26	0.58	0.27
42.00	1.91	1.91	1.91	0.20	0.16	0.61	0.27	0.00	0.36	0.62	0.46	0.08	0.00	0.00	0.00	0.00	0.00	0.00	0.00	0.04	0.00	0.34	0.00	0.49	0.20	0.70	0.12
43.00	1.91	1.91	1.91	0.00	0.48	0.00	0.74	0.09	0.71	0.55	0.63	0.21	0.00	0.00	0.00	0.00	0.00	0.00	0.00	0.00	0.00	0.33	0.00	0.60	0.22	0.51	0.17
44.00	1.90	1.90	1.90	0.02	0.25	0.19	0.35	0.08	0.92	0.25	0.44	0.04	0.00	0.00	0.00	0.00	0.00	0.00	0.00	0.12	0.00	0.40	0.00	0.66	0.29	0.48	0.17
45.00	1.91	1.91	1.91	0.21	0.28	0.81	0.28	0.00	0.47	0.12	0.48	0.03	0.00	0.00	0.00	0.00	0.00	0.00	0.00	0.12	0.00	0.42	0.00	0.55	0.04	0.97	0.27
46.00	1.91	1.91	1.91	0.00	0.63	0.88	0.44	0.00	0.51	0.07	0.01	0.00	0.00	0.00	0.00	0.00	0.00	0.00	0.00	0.01	0.00	0.37	0.00	0.06	0.08	0.99	0.31
47.00	1.91	1.91	1.91	0.27	0.30	0.58	0.35	0.00	0.55	0.15	0.44	0.17	0.00	0.00	0.00	0.00	0.00	0.00	0.00	0.00	0.00	0.62	0.00	0.19	0.35	1.02	0.07
48.00	1.91	1.91	1.91	0.19	0.25	0.84	0.40	0.02	0.49	0.52	0.58	0.03	0.00	0.00	0.00	0.00	0.00	0.00	0.00	0.04	0.00	0.80	0.00	0.08	0.24	1.10	0.13
49.00	1.91	1.91	1.91	0.18	0.39	0.71	0.29	0.00	0.52	0.04	0.25	0.01	0.00	0.00	0.00	0.00	0.00	0.00	0.00	0.20	0.00	0.58	0.39	0.00	0.08	1.08	0.21
50.00	1.91	1.90	1.91	0.01	0.25	1.19	0.19	0.01	0.51	0.43	0.43	0.04	0.00	0.00	0.00	0.00	0.00	0.00	0.00	0.00	0.00	0.00	0.49	0.00	0.53	0.94	0.00
51.00	1.90	1.91	1.90	0.20	0.00	0.86	0.01	0.00	0.00	0.44	0.00	0.00	0.00	0.00	0.00	0.00	0.00	0.00	0.00	0.22	0.00	0.00	0.33	0.00	0.39	0.84	0.31
52.00	1.91	1.91	1.91	0.00	0.00	0.00	0.46	0.00	0.00	0.00	0.00	0.15	0.00	0.00	0.00	0.00	0.00	0.00	0.00	0.11	0.00	0.00	0.21	0.00	0.31	0.00	0.00
53.00	1.91	1.91	1.91	0.56	0.00	1.29	0.55	0.00	0.11	0.00	0.03	0.47	0.00	0.00	0.00	0.00	0.00	0.00	0.00	0.01	0.00	0.20	0.56	0.00	0.34	0.11	0.04
54.00	1.91	1.91	1.91	0.30	0.01	0.98	0.52	0.00	0.22	0.57	0.37	0.08	0.00	0.00	0.00	0.00	0.00	0.00	0.00	0.00	0.00	0.44	0.40	0.00	0.28	0.94	0.42
55.00	1.91	1.91	1.91	0.16	0.44	0.90	0.27	0.00	0.46	0.06	0.00	0.00	0.00	0.00	0.00	0.00	0.00	0.00	0.00	0.03	0.00	0.91	0.76	0.00	0.24	1.39	0.00
56.00	1.91	1.91	1.91	0.44	0.85	1.15	0.00	0.00	0.65	0.07	0.07	0.10	0.00	0.00	0.00	0.00	0.00	0.00	0.00	0.01	0.00	0.70	0.67	0.04	0.08	1.63	0.00
57.00	1.90	1.90	1.90	0.22	0.88	0.88	0.66	0.00	0.13	0.55	0.76	0.19	0.00	0.00	0.00	0.00	0.00	0.00	0.00	0.07	0.00	0.66	0.34	0.47	0.09	0.94	0.53
58.00	1.91	1.91	1.91	0.00	0.40	1.57	0.17	0.00	0.76	0.49	0.79	0.37	0.00	0.00	0.00	0.00	0.00	0.00	0.00	0.13	0.00	0.62	0.30	0.74	0.26	0.77	0.40
59.00	1.91	1.91	1.91	0.13	0.36	0.88	0.26	0.00	0.79	0.26	0.64	0.03	0.00	0.00	0.00	0.00	0.00	0.00	0.00	0.00	0.00	0.82	0.00	0.71	0.28	1.00	0.30
