Waf: Entering directory `/home/synrg-sc1/Desktop/Jiaming/ns-3.29-mesh/build'
Waf: Leaving directory `/home/synrg-sc1/Desktop/Jiaming/ns-3.29-mesh/build'
Build commands will be stored in build/compile_commands.json
'build' finished successfully (4.027s)
CreateVariables () DONE !!!
Creating 27 APs 50.00 m apart.
CreateApNodes () DONE !!!
Creating 0 CLs 20.00 m away from each AP.
CreateClNodes () DONE !!!
CreateNodes () DONE !!!
CreateMeshDevices () DONE !!!
CreateWifiDevices () DONE !!!
CreateCsmaDevices () DONE !!!
CreateDevices () DONE !!!
InstallMeshInternetStack () DONE !!!
InstallWifiInternetStack () DONE !!!
InstallCsmaInternetStack () DONE !!!
InstallInternetStack () DONE !!!
Gateway is connect to AP 0
InstallApplications () DONE !!!
Starting simulation for 60.00 s ...
-------------------------------------------------
Time[s]	ap-0	ap-1	ap-2	ap-3	ap-4	ap-5	ap-6	ap-7	ap-8	ap-9	ap-10	ap-11	ap-12	ap-13	ap-14	ap-15	ap-16	ap-17	ap-18	ap-19	ap-20	ap-21	ap-22	ap-23	ap-24	ap-25	ap-26
2.00	0.94	0.94	0.94	0.66	0.00	0.67	0.00	0.00	0.39	0.51	0.00	0.00	0.00	0.00	0.00	0.00	0.36	0.00	0.00	0.24	0.00	0.62	0.54	0.00	0.00	0.15	0.00
3.00	0.95	0.95	0.95	0.07	0.00	1.03	0.16	0.00	0.52	0.53	0.00	0.04	0.00	0.00	0.00	0.00	0.00	0.52	0.00	0.04	0.00	0.53	0.01	0.00	0.00	0.25	0.15
4.00	0.95	0.95	0.95	0.36	0.70	0.73	0.25	0.00	0.25	0.51	0.00	0.03	0.12	0.00	0.06	0.00	0.00	0.20	0.00	0.03	0.00	0.26	0.43	0.00	0.00	0.39	0.35
5.00	0.95	0.95	0.95	0.35	0.72	1.11	0.60	0.00	0.44	0.27	0.02	0.02	0.00	0.00	0.01	0.00	0.00	0.01	0.00	0.07	0.00	0.27	0.02	0.00	0.00	0.53	0.11
6.00	0.95	0.95	0.95	0.91	0.71	0.82	0.80	0.00	0.63	0.02	0.00	0.00	0.00	0.00	0.00	0.00	0.00	0.00	0.00	0.09	0.00	0.44	0.24	0.26	0.73	0.44	0.24
7.00	0.95	0.95	0.95	0.86	0.79	0.74	0.79	0.01	0.74	0.20	0.00	0.08	0.00	0.00	0.00	0.00	0.09	0.00	0.00	0.00	0.00	0.49	0.00	0.22	0.30	0.51	0.00
8.00	0.95	0.95	0.95	0.49	0.51	0.73	0.37	0.00	0.56	0.94	0.07	0.00	0.00	0.00	0.00	0.00	0.00	0.00	0.00	0.02	0.00	0.75	0.00	0.00	0.06	0.03	0.01
9.00	0.95	0.95	0.95	0.30	0.74	0.86	0.18	0.02	0.73	0.66	0.09	0.01	0.00	0.00	0.00	0.00	0.06	0.00	0.00	0.21	0.00	0.79	0.69	0.27	0.27	0.09	0.04
10.00	0.95	0.95	0.95	0.19	0.94	0.44	0.03	0.01	0.60	0.21	0.09	0.03	0.00	0.00	0.00	0.00	0.04	0.00	0.00	0.21	0.00	0.57	0.49	0.22	0.61	0.09	0.09
11.00	0.95	0.95	0.95	0.40	0.30	0.86	0.37	0.00	0.35	0.56	0.03	0.01	0.00	0.00	0.00	0.00	0.07	0.00	0.00	0.27	0.00	0.69	0.16	0.20	0.37	0.38	0.22
12.00	0.95	0.95	0.95	0.39	0.11	0.98	0.00	0.00	0.36	0.35	0.01	0.02	0.00	0.00	0.00	0.00	0.08	0.00	0.00	0.22	0.00	0.58	0.60	0.08	0.12	0.15	0.07
13.00	0.95	0.95	0.95	0.37	0.53	0.56	0.34	0.00	0.51	0.40	0.09	0.24	0.00	0.00	0.00	0.00	0.04	0.00	0.00	0.08	0.00	0.60	0.49	0.04	0.31	0.18	0.15
14.00	0.94	0.94	0.94	0.35	0.60	0.69	0.58	0.00	0.22	0.33	0.53	0.10	0.00	0.00	0.00	0.00	0.04	0.00	0.00	0.45	0.00	0.46	0.26	0.11	0.20	0.34	0.22
15.00	0.95	0.95	0.95	0.65	0.70	1.31	0.73	0.00	0.28	0.52	0.72	0.00	0.00	0.00	0.01	0.00	0.51	0.00	0.00	0.27	0.00	0.26	0.13	0.11	0.20	0.07	0.16
16.00	0.95	0.95	0.95	0.56	0.66	0.93	0.97	0.00	0.74	0.11	0.36	0.00	0.00	0.00	0.00	0.00	0.46	0.00	0.00	0.29	0.00	0.65	0.22	0.07	0.22	0.90	0.16
17.00	0.95	0.95	0.95	0.60	0.73	0.97	0.63	0.00	0.46	0.01	0.46	0.00	0.00	0.01	0.02	0.00	0.47	0.16	0.00	0.00	0.00	0.55	0.16	0.00	0.43	0.95	0.39
18.00	0.95	0.95	0.95	0.70	0.92	0.94	0.91	0.00	0.63	0.00	0.25	0.00	0.00	0.00	0.00	0.00	0.12	0.06	0.00	0.00	0.00	0.22	0.17	0.00	0.02	0.82	0.01
19.00	0.95	0.95	0.95	0.53	0.89	0.98	0.91	0.00	0.73	0.00	0.22	0.00	0.00	0.00	0.00	0.00	0.20	0.07	0.00	0.00	0.00	0.31	0.04	0.00	0.35	1.07	0.88
20.00	0.95	0.95	0.95	0.71	0.63	0.93	1.09	0.00	0.56	0.18	0.26	0.00	0.00	0.00	0.00	0.00	0.10	0.02	0.00	0.00	0.00	0.04	0.09	0.00	0.57	0.95	0.95
21.00	0.95	0.95	0.95	0.70	0.71	0.98	0.48	0.00	0.58	0.22	0.17	0.00	0.00	0.00	0.00	0.00	0.07	0.03	0.00	0.00	0.00	0.18	0.27	0.00	0.60	0.60	0.55
22.00	0.95	0.95	0.95	0.61	0.65	0.91	0.45	0.00	0.46	0.39	0.04	0.01	0.00	0.00	0.00	0.00	0.16	0.02	0.02	0.03	0.00	0.40	0.06	0.02	0.58	0.22	0.18
23.00	0.95	0.95	0.95	0.63	0.71	0.74	0.15	0.00	0.57	0.36	0.25	0.00	0.00	0.00	0.00	0.00	0.38	0.00	0.00	0.00	0.00	0.45	0.02	0.11	0.43	0.08	0.04
24.00	0.95	0.95	0.95	0.58	0.67	1.06	0.29	0.00	0.35	0.49	0.21	0.22	0.00	0.00	0.00	0.00	0.27	0.08	0.00	0.00	0.00	0.31	0.00	0.35	0.48	0.10	0.09
25.00	0.95	0.95	0.95	0.58	0.69	0.76	0.12	0.00	0.20	0.65	0.73	0.15	0.00	0.00	0.00	0.00	0.44	0.24	0.02	0.08	0.00	0.44	0.01	0.04	0.16	0.01	0.00
26.00	0.94	0.94	0.94	0.51	0.56	0.51	0.00	0.00	0.01	0.62	0.49	0.24	0.00	0.00	0.00	0.00	0.51	0.21	0.00	0.03	0.00	0.21	0.16	0.02	0.26	0.00	0.08
27.00	0.95	0.95	0.95	0.48	0.63	0.74	0.00	0.00	0.01	1.01	0.76	0.17	0.00	0.00	0.00	0.00	0.83	0.26	0.00	0.03	0.00	0.33	0.09	0.00	0.00	0.00	0.00
28.00	0.95	0.95	0.95	0.49	0.48	0.72	0.24	0.00	0.00	0.82	0.64	0.10	0.00	0.03	0.02	0.00	0.67	0.00	0.00	0.03	0.00	0.43	0.12	0.16	0.20	0.24	0.25
29.00	0.95	0.95	0.95	0.57	0.55	0.65	0.71	0.00	0.00	0.48	0.49	0.06	0.00	0.02	0.00	0.00	0.51	0.00	0.00	0.00	0.00	0.35	0.29	0.00	0.34	0.15	0.20
30.00	0.95	0.95	0.95	0.12	0.76	0.75	0.58	0.00	0.17	0.98	0.40	0.03	0.00	0.00	0.00	0.00	0.67	0.00	0.00	0.00	0.00	0.45	0.33	0.00	0.39	0.24	0.27
31.00	0.95	0.95	0.95	0.21	0.35	0.66	0.52	0.00	0.55	0.63	0.47	0.06	0.00	0.00	0.01	0.00	0.75	0.01	0.00	0.01	0.00	0.57	0.37	0.00	0.36	0.26	0.28
32.00	0.95	0.95	0.95	0.34	0.69	0.69	0.58	0.00	0.29	0.29	0.46	0.04	0.00	0.00	0.02	0.00	0.67	0.01	0.00	0.10	0.00	0.46	0.31	0.00	0.45	0.25	0.25
33.00	0.95	0.95	0.95	0.42	0.61	0.45	0.74	0.00	0.42	0.52	0.48	0.08	0.00	0.00	0.00	0.00	0.81	0.00	0.00	0.13	0.00	0.35	0.33	0.00	0.28	0.21	0.21
34.00	0.95	0.95	0.95	0.55	1.00	0.81	0.62	0.00	0.55	0.38	0.35	0.01	0.00	0.00	0.00	0.00	0.21	0.04	0.00	0.00	0.00	0.45	0.40	0.00	0.77	0.53	0.37
35.00	0.95	0.95	0.95	0.56	0.89	0.89	0.82	0.00	0.40	0.06	0.13	0.00	0.00	0.00	0.00	0.00	0.24	0.00	0.00	0.11	0.00	0.12	0.07	0.00	0.63	0.65	0.66
36.00	0.95	0.95	0.95	0.38	1.03	0.91	0.47	0.00	0.60	0.20	0.13	0.00	0.00	0.00	0.00	0.00	0.00	0.00	0.00	0.06	0.00	0.09	0.00	0.00	0.63	0.38	0.54
37.00	0.95	0.95	0.95	0.40	0.98	0.76	0.63	0.00	0.46	0.25	0.22	0.00	0.00	0.00	0.00	0.00	0.15	0.00	0.00	0.13	0.00	0.00	0.00	0.00	0.70	0.45	0.57
38.00	0.94	0.94	0.94	0.63	0.17	0.77	0.38	0.00	0.42	0.22	0.43	0.00	0.00	0.03	0.03	0.00	0.45	0.00	0.00	0.18	0.00	0.03	0.33	0.07	0.31	0.21	0.21
39.00	0.95	0.95	0.95	0.33	0.56	0.53	0.30	0.00	0.48	0.46	0.57	0.00	0.00	0.01	0.01	0.00	0.60	0.00	0.00	0.21	0.00	0.04	0.36	0.15	0.27	0.08	0.10
40.00	0.95	0.95	0.95	0.27	0.65	0.73	0.01	0.00	0.37	0.49	0.46	0.11	0.00	0.01	0.03	0.00	0.79	0.02	0.00	0.31	0.00	0.06	0.12	0.13	0.17	0.08	0.17
41.00	0.95	0.95	0.95	0.45	0.82	0.58	0.00	0.00	0.11	0.09	0.74	0.09	0.00	0.00	0.03	0.00	0.48	0.12	0.00	0.25	0.00	0.00	0.40	0.08	0.20	0.17	0.22
42.00	0.95	0.95	0.95	0.55	0.30	0.80	0.00	0.00	0.13	0.42	0.48	0.04	0.00	0.03	0.04	0.00	0.42	0.34	0.00	0.06	0.00	0.11	0.58	0.03	0.03	0.12	0.07
43.00	0.95	0.95	0.95	0.46	0.57	0.56	0.00	0.00	0.46	0.65	0.51	0.00	0.00	0.00	0.00	0.00	0.48	0.00	0.00	0.13	0.00	0.04	0.38	0.17	0.16	0.08	0.13
44.00	0.95	0.95	0.95	0.66	0.90	0.70	0.00	0.00	0.76	0.75	0.85	0.00	0.00	0.03	0.01	0.00	0.46	0.00	0.00	0.15	0.00	0.01	0.38	0.22	0.24	0.04	0.21
45.00	0.95	0.95	0.95	1.08	0.99	1.04	0.00	0.00	1.04	0.83	0.35	0.00	0.00	0.00	0.00	0.00	0.24	0.00	0.00	0.13	0.00	0.15	0.27	0.26	0.30	0.15	0.28
46.00	0.95	0.95	0.95	0.47	0.49	0.60	0.00	0.00	0.69	0.98	0.85	0.00	0.00	0.00	0.00	0.00	0.31	0.00	0.00	0.39	0.00	0.46	0.42	0.11	0.18	0.07	0.12
47.00	0.95	0.95	0.95	0.65	1.09	0.72	0.00	0.00	1.01	0.30	0.58	0.00	0.00	0.00	0.00	0.00	0.30	0.11	0.00	0.18	0.00	0.01	0.36	0.08	0.55	0.62	0.40
48.00	0.95	0.95	0.95	1.01	0.45	1.03	0.00	0.00	0.29	0.61	0.72	0.00	0.00	0.00	0.00	0.00	0.24	0.02	0.00	0.26	0.00	0.03	0.34	0.01	0.49	0.26	0.36
49.00	0.95	0.95	0.95	1.02	1.02	0.73	0.13	0.00	0.19	0.93	0.72	0.00	0.00	0.00	0.03	0.00	0.07	0.00	0.00	0.43	0.00	0.28	0.43	0.22	0.15	0.11	0.16
50.00	0.95	0.95	0.94	0.64	0.64	0.77	0.39	0.00	0.12	0.64	0.65	0.01	0.00	0.00	0.02	0.00	0.06	0.00	0.00	0.51	0.00	0.39	0.25	0.10	0.09	0.08	0.13
51.00	0.94	0.94	0.95	0.57	0.56	0.74	0.19	0.00	0.62	0.49	0.36	0.02	0.00	0.00	0.02	0.00	0.00	0.00	0.00	0.33	0.00	0.09	0.28	0.11	0.20	0.11	0.18
52.00	0.95	0.95	0.95	0.77	0.88	0.92	0.69	0.00	1.11	0.07	0.54	0.00	0.00	0.00	0.00	0.00	0.36	0.00	0.00	0.12	0.00	0.01	0.30	0.18	0.28	0.25	0.22
53.00	0.95	0.95	0.95	0.88	0.94	0.94	0.51	0.00	1.02	0.07	0.65	0.00	0.00	0.00	0.00	0.00	0.29	0.06	0.00	0.00	0.00	0.00	0.29	0.13	0.20	0.16	0.15
54.00	0.95	0.95	0.95	0.95	0.93	0.84	0.51	0.00	0.90	0.15	0.38	0.04	0.00	0.00	0.00	0.00	0.16	0.00	0.00	0.00	0.00	0.01	0.04	0.20	0.28	0.20	0.24
55.00	0.95	0.95	0.95	0.62	0.71	1.16	0.57	0.00	0.24	0.24	0.26	0.01	0.00	0.00	0.00	0.00	0.00	0.01	0.00	0.03	0.00	0.06	0.03	0.25	0.42	0.24	0.29
56.00	0.95	0.95	0.95	0.26	0.31	0.82	0.48	0.00	0.07	0.30	0.44	0.02	0.00	0.00	0.00	0.00	0.00	0.01	0.00	0.30	0.00	0.13	0.67	0.02	0.02	0.00	0.02
57.00	0.95	0.95	0.95	0.38	0.53	0.70	0.36	0.00	0.20	0.24	0.67	0.06	0.00	0.00	0.00	0.00	0.00	0.00	0.00	0.19	0.00	0.03	0.61	0.27	0.34	0.02	0.15
58.00	0.95	0.95	0.95	0.35	0.47	0.98	0.47	0.00	0.17	0.29	0.24	0.10	0.00	0.00	0.02	0.00	0.00	0.00	0.00	0.00	0.00	0.00	0.49	0.01	0.27	0.16	0.20
59.00	0.95	0.95	0.95	0.24	0.48	0.86	0.60	0.00	0.42	0.30	0.61	0.11	0.00	0.01	0.02	0.00	0.00	0.00	0.00	0.12	0.00	0.63	0.42	0.22	0.35	0.27	0.18
