Waf: Entering directory `/home/synrg-sc1/Desktop/Jiaming/ns-3.29-mesh/build'
Waf: Leaving directory `/home/synrg-sc1/Desktop/Jiaming/ns-3.29-mesh/build'
Build commands will be stored in build/compile_commands.json
'build' finished successfully (4.044s)
CreateVariables () DONE !!!
Creating 27 APs 50.00 m apart.
CreateApNodes () DONE !!!
Creating 0 CLs 20.00 m away from each AP.
CreateClNodes () DONE !!!
CreateNodes () DONE !!!
CreateMeshDevices () DONE !!!
CreateWifiDevices () DONE !!!
CreateCsmaDevices () DONE !!!
CreateDevices () DONE !!!
InstallMeshInternetStack () DONE !!!
InstallWifiInternetStack () DONE !!!
InstallCsmaInternetStack () DONE !!!
InstallInternetStack () DONE !!!
Gateway is connect to AP 0
InstallApplications () DONE !!!
Starting simulation for 60.00 s ...
-------------------------------------------------
Time[s]	ap-0	ap-1	ap-2	ap-3	ap-4	ap-5	ap-6	ap-7	ap-8	ap-9	ap-10	ap-11	ap-12	ap-13	ap-14	ap-15	ap-16	ap-17	ap-18	ap-19	ap-20	ap-21	ap-22	ap-23	ap-24	ap-25	ap-26
2.00	4.76	4.76	4.76	0.02	0.16	0.42	0.00	0.00	0.56	0.00	0.28	0.15	0.00	0.00	0.00	0.00	0.00	0.00	0.00	0.00	0.00	0.65	0.20	0.77	0.52	0.00	0.12
3.00	4.77	4.77	4.77	0.00	0.04	0.22	0.00	0.02	0.34	0.29	0.00	0.01	0.00	0.00	0.00	0.00	0.00	0.00	0.00	0.00	0.00	0.55	0.29	0.45	0.06	0.00	0.00
4.00	4.76	4.76	4.76	0.02	0.79	0.91	0.00	0.00	0.29	0.42	0.51	0.15	0.00	0.00	0.00	0.00	0.00	0.00	0.00	0.03	0.00	0.84	0.35	0.74	0.63	0.00	0.00
5.00	4.77	4.77	4.77	0.01	0.09	1.07	0.00	0.00	0.00	0.44	0.44	0.20	0.00	0.00	0.00	0.00	0.00	0.03	0.00	0.06	0.00	0.84	0.71	0.74	0.81	0.00	0.00
6.00	4.76	4.76	4.76	0.00	0.00	1.31	0.01	0.33	0.37	0.69	0.36	0.17	0.00	0.00	0.00	0.00	0.00	0.02	0.00	0.03	0.00	0.72	0.25	0.00	0.31	0.00	0.03
7.00	4.77	4.77	4.77	0.00	0.00	1.64	0.00	0.22	0.09	0.93	0.00	0.02	0.00	0.00	0.00	0.00	0.00	0.04	0.00	0.10	0.00	0.28	0.73	1.02	0.93	0.00	0.00
8.00	4.77	4.77	4.77	0.01	0.00	1.83	0.00	0.01	0.58	1.16	0.06	0.09	0.00	0.00	0.00	0.00	0.00	0.03	0.00	0.12	0.00	0.00	0.65	0.93	0.29	0.00	0.00
9.00	4.76	4.76	4.76	0.00	0.00	1.35	0.00	0.79	0.98	1.29	0.01	0.01	0.00	0.00	0.00	0.00	0.00	0.04	0.00	0.06	0.00	0.01	0.67	0.99	0.10	0.00	0.00
10.00	4.77	4.77	4.77	0.00	0.00	1.74	0.00	0.99	0.90	1.00	0.00	0.00	0.00	0.00	0.00	0.00	0.00	0.02	0.00	0.08	0.00	0.22	0.33	0.91	0.60	0.00	0.01
11.00	4.76	4.76	4.76	0.38	0.00	0.89	0.00	0.79	0.22	0.79	0.00	0.00	0.00	0.00	0.00	0.00	0.00	0.00	0.00	0.09	0.00	0.73	0.04	0.98	1.34	0.00	0.00
12.00	4.77	4.77	4.77	0.43	0.00	0.99	0.00	0.36	0.45	0.34	0.33	0.00	0.00	0.00	0.00	0.00	0.00	0.00	0.00	0.01	0.00	0.55	0.38	1.38	0.93	0.00	0.00
13.00	4.77	4.77	4.77	0.01	0.00	2.02	0.00	0.00	0.57	1.17	0.52	0.00	0.00	0.00	0.00	0.00	0.00	0.00	0.00	0.01	0.00	0.62	0.47	1.31	0.74	0.00	0.01
14.00	4.76	4.76	4.76	0.21	0.00	1.94	0.00	0.00	0.82	0.75	0.72	0.00	0.00	0.00	0.00	0.00	0.00	0.00	0.00	0.00	0.00	0.69	0.34	0.02	1.22	0.00	0.00
15.00	4.77	4.77	4.77	0.20	0.16	1.68	0.00	0.00	0.38	1.08	0.06	0.00	0.00	0.00	0.00	0.00	0.00	0.00	0.00	0.08	0.00	0.74	0.01	0.60	1.18	0.00	0.00
16.00	4.76	4.76	4.76	0.01	1.04	1.17	0.00	0.00	0.49	0.65	0.07	0.00	0.00	0.00	0.00	0.00	0.00	0.00	0.00	0.04	0.00	0.00	0.09	1.08	1.10	0.00	0.00
17.00	4.77	4.77	4.77	0.00	0.91	1.50	0.00	0.00	0.61	0.40	0.06	0.00	0.00	0.00	0.00	0.00	0.00	0.00	0.00	0.03	0.00	0.04	0.06	0.89	1.55	0.00	0.00
18.00	4.77	4.77	4.77	0.00	0.00	0.00	0.00	0.00	0.29	0.46	0.16	0.00	0.00	0.00	0.00	0.00	0.00	0.00	0.00	0.16	0.00	0.56	0.04	1.02	1.09	0.00	0.00
19.00	4.76	4.76	4.76	0.00	0.00	1.81	0.00	0.00	0.69	1.34	0.47	0.00	0.00	0.00	0.00	0.00	0.00	0.00	0.00	0.02	0.00	0.85	0.11	0.73	0.67	0.00	0.00
20.00	4.77	4.77	4.77	0.00	0.51	0.62	0.00	0.40	0.77	0.46	0.42	0.00	0.00	0.00	0.00	0.00	0.00	0.00	0.00	0.00	0.00	0.54	0.03	0.38	1.02	0.00	0.00
21.00	4.76	4.76	4.76	0.00	0.04	0.01	0.00	0.86	0.27	0.22	0.00	0.00	0.00	0.00	0.00	0.00	0.00	0.00	0.00	0.00	0.00	0.31	0.12	0.47	1.47	0.00	0.12
22.00	4.77	4.77	4.77	0.00	0.02	1.02	0.00	0.71	0.52	0.49	0.03	0.00	0.00	0.00	0.00	0.00	0.00	0.00	0.00	0.00	0.00	0.53	0.02	0.66	0.82	0.00	0.90
23.00	4.77	4.77	4.77	0.00	0.01	1.16	0.00	0.81	0.61	0.52	0.36	0.00	0.00	0.00	0.00	0.00	0.00	0.00	0.00	0.01	0.00	0.48	0.18	0.67	0.03	0.00	0.98
24.00	4.76	4.76	4.76	0.00	0.03	1.08	0.00	0.61	0.62	0.40	0.38	0.00	0.00	0.00	0.00	0.00	0.00	0.00	0.00	0.00	0.00	0.56	0.11	0.71	0.17	0.00	1.24
25.00	4.77	4.77	4.77	0.00	0.03	0.58	0.00	0.91	0.82	0.34	0.53	0.00	0.00	0.00	0.00	0.00	0.00	0.00	0.00	0.00	0.00	1.08	0.40	1.72	0.00	0.00	0.26
26.00	4.76	4.76	4.76	0.00	0.12	1.43	0.00	0.27	0.60	0.65	0.16	0.00	0.00	0.00	0.00	0.00	0.00	0.00	0.00	0.07	0.00	0.71	0.02	0.57	0.00	0.00	0.02
27.00	4.77	4.77	4.77	0.06	0.79	1.38	0.00	0.07	0.43	0.40	0.20	0.00	0.00	0.00	0.00	0.00	0.00	0.00	0.00	0.15	0.00	0.65	0.24	0.69	0.00	0.00	0.01
28.00	4.76	4.76	4.76	0.07	0.77	1.36	0.00	0.04	0.17	0.51	0.30	0.00	0.00	0.00	0.00	0.00	0.00	0.00	0.00	0.01	0.00	0.38	0.17	0.45	0.00	0.00	0.72
29.00	4.77	4.77	4.77	0.12	0.70	1.31	0.00	0.09	0.36	0.69	0.00	0.00	0.00	0.00	0.00	0.00	0.00	0.00	0.00	0.00	0.00	0.48	0.03	0.88	0.00	0.00	1.44
30.00	4.77	4.77	4.77	0.11	0.37	1.56	0.00	0.08	0.00	0.51	0.34	0.00	0.00	0.00	0.00	0.00	0.00	0.00	0.00	0.00	0.00	0.10	0.18	0.99	0.00	0.00	1.54
31.00	4.76	4.76	4.76	0.10	0.28	1.39	0.00	0.00	0.00	0.64	0.03	0.00	0.00	0.00	0.00	0.00	0.00	0.00	0.00	0.12	0.00	0.00	0.03	1.57	0.00	0.00	0.37
32.00	4.77	4.77	4.77	0.09	0.10	1.34	0.00	0.00	0.00	0.67	0.06	0.00	0.00	0.00	0.00	0.00	0.00	0.00	0.00	0.18	0.00	0.00	0.06	1.25	0.00	0.00	0.54
33.00	4.76	4.76	4.76	0.03	0.09	1.53	0.00	0.47	0.00	0.61	0.02	0.00	0.00	0.00	0.00	0.00	0.00	0.00	0.00	0.00	0.00	0.00	0.02	0.43	0.00	0.00	1.47
34.00	4.77	4.77	4.77	0.09	0.10	1.21	0.00	0.55	0.38	0.45	0.11	0.00	0.00	0.00	0.00	0.00	0.00	0.00	0.00	0.00	0.00	0.00	0.02	0.77	0.00	0.00	1.31
35.00	4.77	4.77	4.77	0.17	0.18	1.49	0.00	0.57	0.40	0.79	0.06	0.00	0.00	0.00	0.00	0.00	0.00	0.00	0.00	0.01	0.00	0.00	0.01	0.76	0.00	0.00	1.09
36.00	4.76	4.76	4.76	0.10	0.17	1.07	0.00	0.79	0.65	0.35	0.27	0.00	0.00	0.00	0.00	0.00	0.00	0.00	0.00	0.00	0.00	0.00	0.00	0.28	0.08	0.00	1.11
37.00	4.77	4.77	4.77	0.04	0.13	1.26	0.00	0.70	0.60	0.27	0.40	0.00	0.00	0.00	0.00	0.00	0.00	0.00	0.00	0.00	0.00	0.00	0.00	0.99	0.00	0.00	0.00
38.00	4.76	4.76	4.76	0.01	0.25	1.36	0.00	0.36	0.46	0.67	0.34	0.21	0.00	0.00	0.00	0.00	0.00	0.00	0.00	0.01	0.00	0.00	0.00	0.92	1.02	0.00	0.73
39.00	4.77	4.77	4.77	0.00	0.33	2.15	0.00	0.00	0.84	0.04	0.39	0.40	0.00	0.00	0.00	0.00	0.00	0.00	0.00	0.00	0.00	0.00	0.00	0.04	0.57	0.00	0.58
40.00	4.77	4.77	4.77	0.00	0.08	1.74	0.00	0.00	0.35	0.02	0.43	0.26	0.00	0.00	0.00	0.00	0.00	0.00	0.00	0.00	0.00	0.00	0.16	0.49	1.04	0.00	0.13
41.00	4.76	4.76	4.76	0.01	0.36	2.06	0.00	0.00	1.01	0.01	0.64	0.29	0.00	0.00	0.00	0.00	0.00	0.00	0.00	0.00	0.00	0.00	0.15	1.11	0.94	0.00	0.00
42.00	4.77	4.77	4.77	0.00	0.38	1.68	0.00	0.00	0.17	0.02	0.69	0.51	0.01	0.00	0.00	0.00	0.00	0.00	0.00	0.00	0.00	0.00	0.49	0.92	1.54	0.00	0.00
43.00	4.76	4.76	4.76	0.00	0.27	1.16	0.00	0.00	0.01	0.02	0.36	0.47	0.00	0.00	0.00	0.00	0.00	0.00	0.00	0.00	0.00	0.00	0.45	1.10	0.72	0.00	0.09
44.00	4.77	4.77	4.77	0.02	0.18	1.68	0.00	0.00	0.29	0.08	0.46	0.33	0.03	0.00	0.00	0.00	0.00	0.00	0.00	0.00	0.00	0.00	0.21	0.99	0.99	0.00	0.45
45.00	4.77	4.77	4.77	0.07	0.22	1.66	0.00	0.00	0.66	0.06	0.47	0.45	0.04	0.00	0.00	0.00	0.00	0.00	0.00	0.00	0.00	0.00	0.00	0.03	0.25	0.00	1.12
46.00	4.76	4.76	4.76	0.04	0.20	1.91	0.00	0.00	0.81	0.22	0.57	0.36	0.01	0.00	0.00	0.00	0.00	0.00	0.00	0.00	0.00	0.00	0.00	0.16	0.90	0.00	0.97
47.00	4.77	4.77	4.77	0.00	0.25	1.52	0.00	0.00	0.49	0.30	0.53	0.16	0.01	0.00	0.00	0.00	0.00	0.00	0.00	0.00	0.00	0.00	0.00	0.08	0.52	0.00	1.10
48.00	4.76	4.76	4.76	0.15	0.10	1.52	0.00	0.00	0.62	0.56	0.58	0.11	0.00	0.00	0.00	0.00	0.00	0.00	0.00	0.00	0.00	0.00	0.00	0.08	0.67	0.00	0.95
49.00	4.77	4.77	4.77	0.09	0.18	1.22	0.00	0.00	0.33	0.49	0.49	0.09	0.00	0.00	0.00	0.00	0.00	0.00	0.00	0.03	0.00	0.00	0.02	0.07	0.93	0.00	0.85
50.00	4.77	4.77	4.77	0.09	0.20	1.30	0.00	0.00	0.00	0.70	0.65	0.03	0.00	0.00	0.00	0.00	0.00	0.00	0.00	0.00	0.00	0.00	0.04	0.02	0.81	0.00	0.43
51.00	4.76	4.76	4.76	0.15	0.20	1.17	0.00	0.00	0.08	0.42	0.39	0.00	0.00	0.00	0.00	0.00	0.00	0.00	0.00	0.12	0.00	0.00	0.31	0.62	0.85	0.00	0.00
52.00	4.77	4.77	4.77	0.08	0.90	1.18	0.00	0.00	0.06	0.25	0.21	0.00	0.00	0.00	0.00	0.00	0.00	0.00	0.00	0.15	0.00	0.00	0.55	0.97	1.30	0.00	0.00
53.00	4.76	4.76	4.76	0.01	1.27	1.53	0.00	0.00	0.77	0.51	0.00	0.40	0.01	0.00	0.00	0.00	0.00	0.00	0.00	0.06	0.00	0.00	0.40	0.95	1.04	0.00	0.06
54.00	4.77	4.77	4.77	0.00	1.27	1.31	0.00	0.00	0.51	0.28	0.02	0.35	0.02	0.00	0.00	0.00	0.00	0.00	0.00	0.00	0.00	0.00	0.06	0.61	1.10	0.00	0.92
55.00	4.76	4.76	4.76	0.00	0.39	0.94	0.00	0.00	0.58	0.56	0.01	0.45	0.00	0.00	0.00	0.00	0.00	0.00	0.00	0.04	0.00	0.00	0.00	0.77	0.56	0.00	1.12
56.00	4.77	4.77	4.77	0.01	1.01	1.35	0.00	0.00	0.49	0.47	0.01	0.56	0.00	0.00	0.00	0.00	0.00	0.00	0.00	0.00	0.00	0.00	0.01	0.57	0.91	0.00	1.00
57.00	4.77	4.77	4.77	0.00	1.13	1.11	0.00	0.00	0.08	0.57	0.36	0.45	0.00	0.00	0.00	0.00	0.00	0.00	0.00	0.00	0.00	0.00	0.01	0.69	1.09	0.00	0.81
58.00	4.76	4.76	4.76	0.00	1.13	1.37	0.00	0.00	0.39	0.12	0.00	0.18	0.00	0.00	0.00	0.00	0.00	0.00	0.00	0.00	0.00	0.00	0.13	0.30	0.77	0.00	1.01
59.00	4.77	4.77	4.77	0.00	1.67	0.08	0.00	0.00	0.47	0.42	0.04	0.38	0.03	0.00	0.00	0.00	0.00	0.00	0.00	0.00	0.00	0.00	0.00	1.07	0.92	0.00	0.10
